  3980.000 9.625E-01
  3980.172 9.641E-01
  3980.343 9.650E-01
  3980.515 9.660E-01
  3980.686 9.669E-01
  3980.858 9.677E-01
  3981.030 9.683E-01
  3981.201 9.688E-01
  3981.373 9.693E-01
  3981.544 9.697E-01
  3981.716 9.702E-01
  3981.888 9.707E-01
  3982.059 9.715E-01
  3982.231 9.724E-01
  3982.402 9.734E-01
  3982.574 9.744E-01
  3982.746 9.754E-01
  3982.917 9.765E-01
  3983.089 9.775E-01
  3983.260 9.784E-01
  3983.432 9.793E-01
  3983.604 9.802E-01
  3983.775 9.810E-01
  3983.947 9.818E-01
  3984.118 9.824E-01
  3984.290 9.831E-01
  3984.462 9.837E-01
  3984.633 9.843E-01
  3984.805 9.848E-01
  3984.976 9.852E-01
  3985.148 9.855E-01
  3985.320 9.856E-01
  3985.491 9.856E-01
  3985.663 9.856E-01
  3985.834 9.857E-01
  3986.006 9.859E-01
  3986.178 9.862E-01
  3986.349 9.867E-01
  3986.521 9.872E-01
  3986.692 9.878E-01
  3986.864 9.884E-01
  3987.036 9.889E-01
  3987.207 9.893E-01
  3987.379 9.896E-01
  3987.550 9.898E-01
  3987.722 9.901E-01
  3987.894 9.903E-01
  3988.065 9.906E-01
  3988.237 9.908E-01
  3988.408 9.910E-01
  3988.580 9.912E-01
  3988.752 9.913E-01
  3988.923 9.913E-01
  3989.095 9.913E-01
  3989.266 9.913E-01
  3989.438 9.913E-01
  3989.610 9.913E-01
  3989.781 9.915E-01
  3989.953 9.915E-01
  3990.124 9.915E-01
  3990.296 9.914E-01
  3990.468 9.913E-01
  3990.639 9.912E-01
  3990.811 9.912E-01
  3990.982 9.913E-01
  3991.154 9.915E-01
  3991.326 9.916E-01
  3991.497 9.918E-01
  3991.669 9.918E-01
  3991.840 9.918E-01
  3992.012 9.918E-01
  3992.184 9.919E-01
  3992.355 9.920E-01
  3992.527 9.922E-01
  3992.698 9.923E-01
  3992.870 9.923E-01
  3993.042 9.923E-01
  3993.213 9.922E-01
  3993.385 9.922E-01
  3993.556 9.922E-01
  3993.728 9.924E-01
  3993.900 9.927E-01
  3994.071 9.931E-01
  3994.243 9.935E-01
  3994.414 9.935E-01
  3994.586 9.933E-01
  3994.758 9.931E-01
  3994.929 9.931E-01
  3995.101 9.932E-01
  3995.272 9.934E-01
  3995.444 9.936E-01
  3995.616 9.939E-01
  3995.787 9.941E-01
  3995.959 9.942E-01
  3996.130 9.942E-01
  3996.302 9.940E-01
  3996.474 9.938E-01
  3996.645 9.936E-01
  3996.817 9.936E-01
  3996.988 9.938E-01
  3997.160 9.941E-01
  3997.332 9.944E-01
  3997.503 9.948E-01
  3997.675 9.951E-01
  3997.846 9.954E-01
  3998.018 9.954E-01
  3998.190 9.952E-01
  3998.361 9.948E-01
  3998.533 9.945E-01
  3998.704 9.944E-01
  3998.876 9.944E-01
  3999.048 9.946E-01
  3999.219 9.950E-01
  3999.391 9.956E-01
  3999.562 9.961E-01
  3999.734 9.965E-01
  3999.906 9.967E-01
  4000.077 9.969E-01
  4000.249 9.969E-01
  4000.420 9.970E-01
  4000.592 9.971E-01
  4000.764 9.971E-01
  4000.935 9.970E-01
  4001.107 9.963E-01
  4001.278 9.944E-01
  4001.450 9.911E-01
  4001.622 9.872E-01
  4001.793 9.827E-01
  4001.965 9.785E-01
  4002.136 9.754E-01
  4002.308 9.740E-01
  4002.480 9.742E-01
  4002.651 9.759E-01
  4002.823 9.789E-01
  4002.994 9.825E-01
  4003.166 9.861E-01
  4003.338 9.892E-01
  4003.509 9.911E-01
  4003.681 9.924E-01
  4003.852 9.933E-01
  4004.024 9.942E-01
  4004.196 9.946E-01
  4004.367 9.944E-01
  4004.539 9.939E-01
  4004.710 9.932E-01
  4004.882 9.923E-01
  4005.054 9.909E-01
  4005.225 9.898E-01
  4005.397 9.893E-01
  4005.568 9.895E-01
  4005.740 9.904E-01
  4005.912 9.916E-01
  4006.083 9.930E-01
  4006.255 9.945E-01
  4006.426 9.960E-01
  4006.598 9.971E-01
  4006.770 9.975E-01
  4006.941 9.975E-01
  4007.113 9.972E-01
  4007.284 9.967E-01
  4007.456 9.962E-01
  4007.628 9.957E-01
  4007.799 9.952E-01
  4007.971 9.947E-01
  4008.142 9.931E-01
  4008.314 9.892E-01
  4008.486 9.815E-01
  4008.657 9.710E-01
  4008.829 9.610E-01
  4009.000 9.536E-01
  4009.172 9.498E-01
  4009.344 9.498E-01
  4009.515 9.537E-01
  4009.687 9.613E-01
  4009.858 9.718E-01
  4010.030 9.827E-01
  4010.202 9.908E-01
  4010.373 9.951E-01
  4010.545 9.968E-01
  4010.716 9.973E-01
  4010.888 9.976E-01
  4011.060 9.977E-01
  4011.231 9.978E-01
  4011.403 9.977E-01
  4011.574 9.970E-01
  4011.746 9.957E-01
  4011.918 9.939E-01
  4012.089 9.921E-01
  4012.261 9.908E-01
  4012.432 9.901E-01
  4012.604 9.901E-01
  4012.776 9.907E-01
  4012.947 9.920E-01
  4013.119 9.938E-01
  4013.290 9.955E-01
  4013.462 9.968E-01
  4013.634 9.975E-01
  4013.805 9.977E-01
  4013.977 9.976E-01
  4014.148 9.975E-01
  4014.320 9.972E-01
  4014.492 9.964E-01
  4014.663 9.945E-01
  4014.835 9.913E-01
  4015.006 9.879E-01
  4015.178 9.852E-01
  4015.350 9.835E-01
  4015.521 9.827E-01
  4015.693 9.829E-01
  4015.864 9.842E-01
  4016.036 9.867E-01
  4016.208 9.900E-01
  4016.379 9.930E-01
  4016.551 9.947E-01
  4016.722 9.957E-01
  4016.894 9.963E-01
  4017.066 9.968E-01
  4017.237 9.971E-01
  4017.409 9.972E-01
  4017.580 9.972E-01
  4017.752 9.972E-01
  4017.924 9.972E-01
  4018.095 9.973E-01
  4018.267 9.974E-01
  4018.438 9.974E-01
  4018.610 9.974E-01
  4018.782 9.974E-01
  4018.953 9.974E-01
  4019.125 9.974E-01
  4019.296 9.973E-01
  4019.468 9.973E-01
  4019.640 9.973E-01
  4019.811 9.972E-01
  4019.983 9.971E-01
  4020.154 9.971E-01
  4020.326 9.970E-01
  4020.498 9.968E-01
  4020.669 9.966E-01
  4020.841 9.964E-01
  4021.012 9.962E-01
  4021.184 9.959E-01
  4021.356 9.955E-01
  4021.527 9.949E-01
  4021.699 9.941E-01
  4021.870 9.933E-01
  4022.042 9.926E-01
  4022.214 9.920E-01
  4022.385 9.915E-01
  4022.557 9.909E-01
  4022.728 9.900E-01
  4022.900 9.888E-01
  4023.072 9.870E-01
  4023.243 9.841E-01
  4023.415 9.804E-01
  4023.586 9.760E-01
  4023.758 9.708E-01
  4023.930 9.649E-01
  4024.101 9.596E-01
  4024.273 9.555E-01
  4024.444 9.525E-01
  4024.616 9.503E-01
  4024.788 9.480E-01
  4024.959 9.440E-01
  4025.131 9.367E-01
  4025.302 9.239E-01
  4025.474 9.038E-01
  4025.646 8.789E-01
  4025.817 8.550E-01
  4025.989 8.372E-01
  4026.160 8.282E-01
  4026.332 8.291E-01
  4026.504 8.398E-01
  4026.675 8.594E-01
  4026.847 8.850E-01
  4027.018 9.119E-01
  4027.190 9.348E-01
  4027.362 9.512E-01
  4027.533 9.618E-01
  4027.705 9.685E-01
  4027.876 9.729E-01
  4028.048 9.757E-01
  4028.220 9.778E-01
  4028.391 9.796E-01
  4028.563 9.813E-01
  4028.734 9.832E-01
  4028.906 9.852E-01
  4029.078 9.873E-01
  4029.249 9.893E-01
  4029.421 9.910E-01
  4029.592 9.924E-01
  4029.764 9.933E-01
  4029.936 9.937E-01
  4030.107 9.941E-01
  4030.279 9.943E-01
  4030.450 9.945E-01
  4030.622 9.943E-01
  4030.794 9.939E-01
  4030.965 9.934E-01
  4031.137 9.931E-01
  4031.308 9.930E-01
  4031.480 9.930E-01
  4031.652 9.929E-01
  4031.823 9.926E-01
  4031.995 9.915E-01
  4032.166 9.895E-01
  4032.338 9.867E-01
  4032.510 9.841E-01
  4032.681 9.824E-01
  4032.853 9.819E-01
  4033.024 9.826E-01
  4033.196 9.844E-01
  4033.368 9.872E-01
  4033.539 9.906E-01
  4033.711 9.938E-01
  4033.882 9.959E-01
  4034.054 9.968E-01
  4034.226 9.971E-01
  4034.397 9.971E-01
  4034.569 9.970E-01
  4034.740 9.967E-01
  4034.912 9.963E-01
  4035.084 9.958E-01
  4035.255 9.954E-01
  4035.427 9.951E-01
  4035.598 9.951E-01
  4035.770 9.953E-01
  4035.942 9.957E-01
  4036.113 9.962E-01
  4036.285 9.967E-01
  4036.456 9.972E-01
  4036.628 9.975E-01
  4036.800 9.976E-01
  4036.971 9.975E-01
  4037.143 9.971E-01
  4037.314 9.963E-01
  4037.486 9.954E-01
  4037.658 9.947E-01
  4037.829 9.942E-01
  4038.001 9.940E-01
  4038.172 9.941E-01
  4038.344 9.944E-01
  4038.516 9.951E-01
  4038.687 9.959E-01
  4038.859 9.967E-01
  4039.030 9.972E-01
  4039.202 9.974E-01
  4039.374 9.975E-01
  4039.545 9.976E-01
  4039.717 9.978E-01
  4039.888 9.980E-01
  4040.060 9.983E-01
  4040.232 9.984E-01
  4040.403 9.985E-01
  4040.575 9.985E-01
  4040.746 9.983E-01
  4040.918 9.980E-01
  4041.090 9.977E-01
  4041.261 9.974E-01
  4041.433 9.972E-01
  4041.604 9.971E-01
  4041.776 9.972E-01
  4041.948 9.974E-01
  4042.119 9.977E-01
  4042.291 9.980E-01
  4042.462 9.982E-01
  4042.634 9.983E-01
  4042.806 9.981E-01
  4042.977 9.977E-01
  4043.149 9.967E-01
  4043.320 9.952E-01
  4043.492 9.936E-01
  4043.664 9.924E-01
  4043.835 9.917E-01
  4044.007 9.914E-01
  4044.178 9.917E-01
  4044.350 9.925E-01
  4044.522 9.938E-01
  4044.693 9.955E-01
  4044.865 9.969E-01
  4045.036 9.978E-01
  4045.208 9.982E-01
  4045.380 9.985E-01
  4045.551 9.986E-01
  4045.723 9.986E-01
  4045.894 9.986E-01
  4046.066 9.984E-01
  4046.238 9.980E-01
  4046.409 9.977E-01
  4046.581 9.974E-01
  4046.752 9.973E-01
  4046.924 9.972E-01
  4047.096 9.973E-01
  4047.267 9.976E-01
  4047.439 9.979E-01
  4047.610 9.982E-01
  4047.782 9.980E-01
  4047.954 9.968E-01
  4048.125 9.943E-01
  4048.297 9.912E-01
  4048.468 9.882E-01
  4048.640 9.862E-01
  4048.812 9.852E-01
  4048.983 9.853E-01
  4049.155 9.865E-01
  4049.326 9.886E-01
  4049.498 9.916E-01
  4049.670 9.946E-01
  4049.841 9.967E-01
  4050.013 9.976E-01
  4050.184 9.979E-01
  4050.356 9.977E-01
  4050.528 9.973E-01
  4050.699 9.969E-01
  4050.871 9.964E-01
  4051.042 9.958E-01
  4051.214 9.948E-01
  4051.386 9.937E-01
  4051.557 9.930E-01
  4051.729 9.928E-01
  4051.900 9.929E-01
  4052.072 9.933E-01
  4052.244 9.939E-01
  4052.415 9.947E-01
  4052.587 9.956E-01
  4052.758 9.964E-01
  4052.930 9.966E-01
  4053.102 9.962E-01
  4053.273 9.955E-01
  4053.445 9.947E-01
  4053.616 9.941E-01
  4053.788 9.939E-01
  4053.960 9.939E-01
  4054.131 9.944E-01
  4054.303 9.951E-01
  4054.474 9.960E-01
  4054.646 9.969E-01
  4054.818 9.977E-01
  4054.989 9.982E-01
  4055.161 9.985E-01
  4055.332 9.986E-01
  4055.504 9.985E-01
  4055.676 9.984E-01
  4055.847 9.982E-01
  4056.019 9.980E-01
  4056.190 9.975E-01
  4056.362 9.967E-01
  4056.534 9.956E-01
  4056.705 9.939E-01
  4056.877 9.919E-01
  4057.048 9.902E-01
  4057.220 9.892E-01
  4057.392 9.889E-01
  4057.563 9.893E-01
  4057.735 9.905E-01
  4057.906 9.921E-01
  4058.078 9.940E-01
  4058.250 9.959E-01
  4058.421 9.972E-01
  4058.593 9.978E-01
  4058.764 9.978E-01
  4058.936 9.977E-01
  4059.108 9.976E-01
  4059.279 9.975E-01
  4059.451 9.974E-01
  4059.622 9.975E-01
  4059.794 9.976E-01
  4059.966 9.976E-01
  4060.137 9.977E-01
  4060.309 9.977E-01
  4060.480 9.978E-01
  4060.652 9.977E-01
  4060.824 9.974E-01
  4060.995 9.967E-01
  4061.167 9.955E-01
  4061.338 9.944E-01
  4061.510 9.936E-01
  4061.682 9.931E-01
  4061.853 9.930E-01
  4062.025 9.932E-01
  4062.196 9.938E-01
  4062.368 9.947E-01
  4062.540 9.958E-01
  4062.711 9.964E-01
  4062.883 9.963E-01
  4063.054 9.959E-01
  4063.226 9.954E-01
  4063.398 9.951E-01
  4063.569 9.950E-01
  4063.741 9.951E-01
  4063.912 9.954E-01
  4064.084 9.958E-01
  4064.256 9.962E-01
  4064.427 9.965E-01
  4064.599 9.966E-01
  4064.770 9.965E-01
  4064.942 9.965E-01
  4065.114 9.965E-01
  4065.285 9.966E-01
  4065.457 9.968E-01
  4065.628 9.971E-01
  4065.800 9.971E-01
  4065.972 9.960E-01
  4066.143 9.926E-01
  4066.315 9.861E-01
  4066.486 9.785E-01
  4066.658 9.722E-01
  4066.830 9.682E-01
  4067.001 9.666E-01
  4067.173 9.674E-01
  4067.344 9.707E-01
  4067.516 9.763E-01
  4067.688 9.837E-01
  4067.859 9.909E-01
  4068.031 9.951E-01
  4068.202 9.967E-01
  4068.374 9.971E-01
  4068.546 9.971E-01
  4068.717 9.971E-01
  4068.889 9.968E-01
  4069.060 9.962E-01
  4069.232 9.952E-01
  4069.404 9.942E-01
  4069.575 9.934E-01
  4069.747 9.928E-01
  4069.918 9.923E-01
  4070.090 9.917E-01
  4070.262 9.911E-01
  4070.433 9.909E-01
  4070.605 9.910E-01
  4070.776 9.912E-01
  4070.948 9.912E-01
  4071.120 9.910E-01
  4071.291 9.909E-01
  4071.463 9.912E-01
  4071.634 9.915E-01
  4071.806 9.917E-01
  4071.978 9.916E-01
  4072.149 9.915E-01
  4072.321 9.917E-01
  4072.492 9.922E-01
  4072.664 9.929E-01
  4072.836 9.936E-01
  4073.007 9.941E-01
  4073.179 9.946E-01
  4073.350 9.951E-01
  4073.522 9.953E-01
  4073.694 9.953E-01
  4073.865 9.951E-01
  4074.037 9.948E-01
  4074.208 9.945E-01
  4074.380 9.938E-01
  4074.552 9.923E-01
  4074.723 9.894E-01
  4074.895 9.859E-01
  4075.066 9.827E-01
  4075.238 9.802E-01
  4075.410 9.788E-01
  4075.581 9.785E-01
  4075.753 9.790E-01
  4075.924 9.801E-01
  4076.096 9.814E-01
  4076.268 9.826E-01
  4076.439 9.833E-01
  4076.611 9.835E-01
  4076.782 9.834E-01
  4076.954 9.832E-01
  4077.126 9.835E-01
  4077.297 9.846E-01
  4077.469 9.865E-01
  4077.640 9.885E-01
  4077.812 9.899E-01
  4077.984 9.909E-01
  4078.155 9.917E-01
  4078.327 9.927E-01
  4078.498 9.935E-01
  4078.670 9.939E-01
  4078.842 9.939E-01
  4079.013 9.939E-01
  4079.185 9.937E-01
  4079.356 9.935E-01
  4079.528 9.934E-01
  4079.700 9.932E-01
  4079.871 9.931E-01
  4080.043 9.930E-01
  4080.214 9.929E-01
  4080.386 9.927E-01
  4080.558 9.926E-01
  4080.729 9.924E-01
  4080.901 9.923E-01
  4081.072 9.921E-01
  4081.244 9.918E-01
  4081.416 9.913E-01
  4081.587 9.904E-01
  4081.759 9.895E-01
  4081.930 9.887E-01
  4082.102 9.881E-01
  4082.274 9.877E-01
  4082.445 9.876E-01
  4082.617 9.878E-01
  4082.788 9.882E-01
  4082.960 9.888E-01
  4083.132 9.894E-01
  4083.303 9.897E-01
  4083.475 9.897E-01
  4083.646 9.895E-01
  4083.818 9.893E-01
  4083.990 9.891E-01
  4084.161 9.888E-01
  4084.333 9.884E-01
  4084.504 9.880E-01
  4084.676 9.876E-01
  4084.848 9.872E-01
  4085.019 9.867E-01
  4085.191 9.863E-01
  4085.362 9.857E-01
  4085.534 9.851E-01
  4085.706 9.846E-01
  4085.877 9.842E-01
  4086.049 9.838E-01
  4086.220 9.835E-01
  4086.392 9.831E-01
  4086.564 9.826E-01
  4086.735 9.821E-01
  4086.907 9.816E-01
  4087.078 9.811E-01
  4087.250 9.806E-01
  4087.422 9.802E-01
  4087.593 9.799E-01
  4087.765 9.797E-01
  4087.936 9.795E-01
  4088.108 9.792E-01
  4088.280 9.787E-01
  4088.451 9.780E-01
  4088.623 9.773E-01
  4088.794 9.766E-01
  4088.966 9.759E-01
  4089.138 9.753E-01
  4089.309 9.747E-01
  4089.481 9.741E-01
  4089.652 9.735E-01
  4089.824 9.728E-01
  4089.996 9.720E-01
  4090.167 9.711E-01
  4090.339 9.701E-01
  4090.510 9.691E-01
  4090.682 9.680E-01
  4090.854 9.668E-01
  4091.025 9.656E-01
  4091.197 9.644E-01
  4091.368 9.630E-01
  4091.540 9.617E-01
  4091.712 9.602E-01
  4091.883 9.586E-01
  4092.055 9.570E-01
  4092.226 9.552E-01
  4092.398 9.531E-01
  4092.570 9.508E-01
  4092.741 9.485E-01
  4092.913 9.461E-01
  4093.084 9.437E-01
  4093.256 9.413E-01
  4093.428 9.389E-01
  4093.599 9.365E-01
  4093.771 9.340E-01
  4093.942 9.314E-01
  4094.114 9.286E-01
  4094.286 9.255E-01
  4094.457 9.221E-01
  4094.629 9.184E-01
  4094.800 9.145E-01
  4094.972 9.104E-01
  4095.144 9.060E-01
  4095.315 9.013E-01
  4095.487 8.963E-01
  4095.658 8.910E-01
  4095.830 8.854E-01
  4096.002 8.794E-01
  4096.173 8.730E-01
  4096.345 8.662E-01
  4096.516 8.588E-01
  4096.688 8.510E-01
  4096.860 8.425E-01
  4097.031 8.335E-01
  4097.203 8.241E-01
  4097.374 8.141E-01
  4097.546 8.036E-01
  4097.718 7.924E-01
  4097.889 7.806E-01
  4098.061 7.682E-01
  4098.232 7.552E-01
  4098.404 7.415E-01
  4098.576 7.270E-01
  4098.747 7.116E-01
  4098.919 6.954E-01
  4099.090 6.784E-01
  4099.262 6.604E-01
  4099.434 6.415E-01
  4099.605 6.216E-01
  4099.777 6.009E-01
  4099.948 5.793E-01
  4100.120 5.569E-01
  4100.292 5.335E-01
  4100.463 5.087E-01
  4100.635 4.818E-01
  4100.806 4.520E-01
  4100.978 4.200E-01
  4101.150 3.886E-01
  4101.321 3.613E-01
  4101.493 3.418E-01
  4101.664 3.321E-01
  4101.836 3.332E-01
  4102.008 3.448E-01
  4102.179 3.661E-01
  4102.351 3.944E-01
  4102.522 4.263E-01
  4102.694 4.580E-01
  4102.866 4.873E-01
  4103.037 5.138E-01
  4103.209 5.383E-01
  4103.380 5.615E-01
  4103.552 5.838E-01
  4103.724 6.052E-01
  4103.895 6.258E-01
  4104.067 6.455E-01
  4104.238 6.643E-01
  4104.410 6.823E-01
  4104.582 6.994E-01
  4104.753 7.156E-01
  4104.925 7.311E-01
  4105.096 7.457E-01
  4105.268 7.596E-01
  4105.440 7.727E-01
  4105.611 7.851E-01
  4105.783 7.968E-01
  4105.954 8.078E-01
  4106.126 8.181E-01
  4106.298 8.278E-01
  4106.469 8.369E-01
  4106.641 8.455E-01
  4106.812 8.535E-01
  4106.984 8.611E-01
  4107.156 8.681E-01
  4107.327 8.748E-01
  4107.499 8.811E-01
  4107.670 8.870E-01
  4107.842 8.925E-01
  4108.014 8.977E-01
  4108.185 9.027E-01
  4108.357 9.073E-01
  4108.528 9.116E-01
  4108.700 9.157E-01
  4108.872 9.195E-01
  4109.043 9.231E-01
  4109.215 9.265E-01
  4109.386 9.297E-01
  4109.558 9.328E-01
  4109.730 9.356E-01
  4109.901 9.379E-01
  4110.073 9.395E-01
  4110.244 9.399E-01
  4110.416 9.399E-01
  4110.588 9.401E-01
  4110.759 9.408E-01
  4110.931 9.419E-01
  4111.102 9.431E-01
  4111.274 9.448E-01
  4111.446 9.471E-01
  4111.617 9.503E-01
  4111.789 9.536E-01
  4111.960 9.565E-01
  4112.132 9.586E-01
  4112.304 9.606E-01
  4112.475 9.625E-01
  4112.647 9.644E-01
  4112.818 9.662E-01
  4112.990 9.676E-01
  4113.162 9.689E-01
  4113.333 9.701E-01
  4113.505 9.713E-01
  4113.676 9.725E-01
  4113.848 9.737E-01
  4114.020 9.749E-01
  4114.191 9.758E-01
  4114.363 9.766E-01
  4114.534 9.774E-01
  4114.706 9.781E-01
  4114.878 9.787E-01
  4115.049 9.794E-01
  4115.221 9.800E-01
  4115.392 9.806E-01
  4115.564 9.812E-01
  4115.736 9.817E-01
  4115.907 9.822E-01
  4116.079 9.827E-01
  4116.250 9.831E-01
  4116.422 9.835E-01
  4116.594 9.839E-01
  4116.765 9.843E-01
  4116.937 9.846E-01
  4117.108 9.850E-01
  4117.280 9.853E-01
  4117.452 9.856E-01
  4117.623 9.858E-01
  4117.795 9.860E-01
  4117.966 9.862E-01
  4118.138 9.864E-01
  4118.310 9.866E-01
  4118.481 9.865E-01
  4118.653 9.862E-01
  4118.824 9.855E-01
  4118.996 9.847E-01
  4119.168 9.842E-01
  4119.339 9.839E-01
  4119.511 9.834E-01
  4119.682 9.823E-01
  4119.854 9.789E-01
  4120.026 9.721E-01
  4120.197 9.624E-01
  4120.369 9.522E-01
  4120.540 9.439E-01
  4120.712 9.389E-01
  4120.884 9.378E-01
  4121.055 9.406E-01
  4121.227 9.473E-01
  4121.398 9.573E-01
  4121.570 9.684E-01
  4121.742 9.769E-01
  4121.913 9.799E-01
  4122.085 9.788E-01
  4122.256 9.764E-01
  4122.428 9.744E-01
  4122.600 9.737E-01
  4122.771 9.742E-01
  4122.943 9.762E-01
  4123.114 9.795E-01
  4123.286 9.840E-01
  4123.458 9.887E-01
  4123.629 9.917E-01
  4123.801 9.929E-01
  4123.972 9.929E-01
  4124.144 9.922E-01
  4124.316 9.914E-01
  4124.487 9.909E-01
  4124.659 9.906E-01
  4124.830 9.907E-01
  4125.002 9.910E-01
  4125.174 9.916E-01
  4125.345 9.924E-01
  4125.517 9.933E-01
  4125.688 9.941E-01
  4125.860 9.945E-01
  4126.032 9.946E-01
  4126.203 9.945E-01
  4126.375 9.944E-01
  4126.546 9.941E-01
  4126.718 9.936E-01
  4126.890 9.917E-01
  4127.061 9.858E-01
  4127.233 9.727E-01
  4127.404 9.530E-01
  4127.576 9.333E-01
  4127.748 9.179E-01
  4127.919 9.081E-01
  4128.091 9.037E-01
  4128.262 9.056E-01
  4128.434 9.146E-01
  4128.606 9.305E-01
  4128.777 9.506E-01
  4128.949 9.689E-01
  4129.120 9.802E-01
  4129.292 9.863E-01
  4129.464 9.900E-01
  4129.635 9.918E-01
  4129.807 9.894E-01
  4129.978 9.797E-01
  4130.150 9.604E-01
  4130.322 9.369E-01
  4130.493 9.163E-01
  4130.665 9.024E-01
  4130.836 8.961E-01
  4131.008 8.973E-01
  4131.180 9.059E-01
  4131.351 9.220E-01
  4131.523 9.439E-01
  4131.694 9.667E-01
  4131.866 9.827E-01
  4132.038 9.901E-01
  4132.209 9.921E-01
  4132.381 9.922E-01
  4132.552 9.919E-01
  4132.724 9.919E-01
  4132.896 9.922E-01
  4133.067 9.928E-01
  4133.239 9.936E-01
  4133.410 9.945E-01
  4133.582 9.954E-01
  4133.754 9.962E-01
  4133.925 9.968E-01
  4134.097 9.971E-01
  4134.268 9.972E-01
  4134.440 9.973E-01
  4134.612 9.973E-01
  4134.783 9.974E-01
  4134.955 9.975E-01
  4135.126 9.975E-01
  4135.298 9.975E-01
  4135.470 9.975E-01
  4135.641 9.976E-01
  4135.813 9.976E-01
  4135.984 9.975E-01
  4136.156 9.974E-01
  4136.328 9.972E-01
  4136.499 9.971E-01
  4136.671 9.971E-01
  4136.842 9.970E-01
  4137.014 9.969E-01
  4137.186 9.967E-01
  4137.357 9.964E-01
  4137.529 9.958E-01
  4137.700 9.951E-01
  4137.872 9.945E-01
  4138.044 9.941E-01
  4138.215 9.940E-01
  4138.387 9.942E-01
  4138.558 9.945E-01
  4138.730 9.951E-01
  4138.902 9.957E-01
  4139.073 9.963E-01
  4139.245 9.966E-01
  4139.416 9.967E-01
  4139.588 9.967E-01
  4139.760 9.967E-01
  4139.931 9.968E-01
  4140.103 9.970E-01
  4140.274 9.973E-01
  4140.446 9.976E-01
  4140.618 9.979E-01
  4140.789 9.981E-01
  4140.961 9.982E-01
  4141.132 9.981E-01
  4141.304 9.978E-01
  4141.476 9.969E-01
  4141.647 9.956E-01
  4141.819 9.943E-01
  4141.990 9.933E-01
  4142.162 9.927E-01
  4142.334 9.924E-01
  4142.505 9.919E-01
  4142.677 9.901E-01
  4142.848 9.851E-01
  4143.020 9.760E-01
  4143.192 9.647E-01
  4143.363 9.544E-01
  4143.535 9.473E-01
  4143.706 9.440E-01
  4143.878 9.447E-01
  4144.050 9.492E-01
  4144.221 9.568E-01
  4144.393 9.667E-01
  4144.564 9.767E-01
  4144.736 9.840E-01
  4144.908 9.873E-01
  4145.079 9.879E-01
  4145.251 9.879E-01
  4145.422 9.882E-01
  4145.594 9.893E-01
  4145.766 9.910E-01
  4145.937 9.925E-01
  4146.109 9.931E-01
  4146.280 9.930E-01
  4146.452 9.929E-01
  4146.624 9.930E-01
  4146.795 9.930E-01
  4146.967 9.931E-01
  4147.138 9.935E-01
  4147.310 9.942E-01
  4147.482 9.952E-01
  4147.653 9.964E-01
  4147.825 9.975E-01
  4147.996 9.982E-01
  4148.168 9.985E-01
  4148.340 9.986E-01
  4148.511 9.986E-01
  4148.683 9.985E-01
  4148.854 9.984E-01
  4149.026 9.982E-01
  4149.198 9.980E-01
  4149.369 9.975E-01
  4149.541 9.970E-01
  4149.712 9.965E-01
  4149.884 9.959E-01
  4150.056 9.952E-01
  4150.227 9.945E-01
  4150.399 9.938E-01
  4150.570 9.935E-01
  4150.742 9.937E-01
  4150.914 9.941E-01
  4151.085 9.947E-01
  4151.257 9.955E-01
  4151.428 9.963E-01
  4151.600 9.972E-01
  4151.772 9.980E-01
  4151.943 9.983E-01
  4152.115 9.977E-01
  4152.286 9.960E-01
  4152.458 9.937E-01
  4152.630 9.915E-01
  4152.801 9.899E-01
  4152.973 9.891E-01
  4153.144 9.891E-01
  4153.316 9.897E-01
  4153.488 9.912E-01
  4153.659 9.933E-01
  4153.831 9.957E-01
  4154.002 9.975E-01
  4154.174 9.985E-01
  4154.346 9.988E-01
  4154.517 9.989E-01
  4154.689 9.989E-01
  4154.860 9.989E-01
  4155.032 9.988E-01
  4155.204 9.987E-01
  4155.375 9.987E-01
  4155.547 9.987E-01
  4155.718 9.987E-01
  4155.890 9.987E-01
  4156.062 9.987E-01
  4156.233 9.988E-01
  4156.405 9.988E-01
  4156.576 9.990E-01
  4156.748 9.990E-01
  4156.920 9.991E-01
  4157.091 9.991E-01
  4157.263 9.991E-01
  4157.434 9.991E-01
  4157.606 9.990E-01
  4157.778 9.989E-01
  4157.949 9.988E-01
  4158.121 9.988E-01
  4158.292 9.987E-01
  4158.464 9.987E-01
  4158.636 9.988E-01
  4158.807 9.988E-01
  4158.979 9.990E-01
  4159.150 9.991E-01
  4159.322 9.991E-01
  4159.494 9.991E-01
  4159.665 9.990E-01
  4159.837 9.986E-01
  4160.008 9.981E-01
  4160.180 9.976E-01
  4160.352 9.973E-01
  4160.523 9.970E-01
  4160.695 9.969E-01
  4160.866 9.969E-01
  4161.038 9.971E-01
  4161.210 9.975E-01
  4161.381 9.979E-01
  4161.553 9.981E-01
  4161.724 9.974E-01
  4161.896 9.956E-01
  4162.068 9.930E-01
  4162.239 9.905E-01
  4162.411 9.887E-01
  4162.582 9.874E-01
  4162.754 9.865E-01
  4162.926 9.857E-01
  4163.097 9.855E-01
  4163.269 9.863E-01
  4163.440 9.881E-01
  4163.612 9.899E-01
  4163.784 9.911E-01
  4163.955 9.918E-01
  4164.127 9.927E-01
  4164.298 9.939E-01
  4164.470 9.952E-01
  4164.642 9.961E-01
  4164.813 9.964E-01
  4164.985 9.966E-01
  4165.156 9.969E-01
  4165.328 9.973E-01
  4165.500 9.979E-01
  4165.671 9.984E-01
  4165.843 9.989E-01
  4166.014 9.992E-01
  4166.186 9.992E-01
  4166.358 9.990E-01
  4166.529 9.987E-01
  4166.701 9.983E-01
  4166.872 9.980E-01
  4167.044 9.978E-01
  4167.216 9.977E-01
  4167.387 9.976E-01
  4167.559 9.973E-01
  4167.730 9.968E-01
  4167.902 9.957E-01
  4168.074 9.938E-01
  4168.245 9.906E-01
  4168.417 9.870E-01
  4168.588 9.840E-01
  4168.760 9.823E-01
  4168.932 9.820E-01
  4169.103 9.829E-01
  4169.275 9.850E-01
  4169.446 9.879E-01
  4169.618 9.914E-01
  4169.790 9.948E-01
  4169.961 9.972E-01
  4170.133 9.982E-01
  4170.304 9.985E-01
  4170.476 9.985E-01
  4170.648 9.984E-01
  4170.819 9.981E-01
  4170.991 9.974E-01
  4171.162 9.960E-01
  4171.334 9.941E-01
  4171.506 9.924E-01
  4171.677 9.909E-01
  4171.849 9.896E-01
  4172.020 9.889E-01
  4172.192 9.887E-01
  4172.364 9.881E-01
  4172.535 9.855E-01
  4172.707 9.792E-01
  4172.878 9.709E-01
  4173.050 9.633E-01
  4173.222 9.581E-01
  4173.393 9.553E-01
  4173.565 9.547E-01
  4173.736 9.568E-01
  4173.908 9.622E-01
  4174.080 9.708E-01
  4174.251 9.806E-01
  4174.423 9.883E-01
  4174.594 9.926E-01
  4174.766 9.948E-01
  4174.938 9.964E-01
  4175.109 9.979E-01
  4175.281 9.988E-01
  4175.452 9.992E-01
  4175.624 9.992E-01
  4175.796 9.992E-01
  4175.967 9.991E-01
  4176.139 9.991E-01
  4176.310 9.990E-01
  4176.482 9.988E-01
  4176.654 9.979E-01
  4176.825 9.952E-01
  4176.997 9.902E-01
  4177.168 9.848E-01
  4177.340 9.803E-01
  4177.512 9.772E-01
  4177.683 9.750E-01
  4177.855 9.726E-01
  4178.026 9.683E-01
  4178.198 9.617E-01
  4178.370 9.559E-01
  4178.541 9.523E-01
  4178.713 9.497E-01
  4178.884 9.485E-01
  4179.056 9.501E-01
  4179.228 9.551E-01
  4179.399 9.636E-01
  4179.571 9.745E-01
  4179.742 9.853E-01
  4179.914 9.923E-01
  4180.086 9.958E-01
  4180.257 9.974E-01
  4180.429 9.980E-01
  4180.600 9.982E-01
  4180.772 9.981E-01
  4180.944 9.980E-01
  4181.115 9.979E-01
  4181.287 9.979E-01
  4181.458 9.980E-01
  4181.630 9.981E-01
  4181.802 9.982E-01
  4181.973 9.982E-01
  4182.145 9.981E-01
  4182.316 9.980E-01
  4182.488 9.978E-01
  4182.660 9.975E-01
  4182.831 9.972E-01
  4183.003 9.971E-01
  4183.174 9.970E-01
  4183.346 9.970E-01
  4183.518 9.970E-01
  4183.689 9.970E-01
  4183.861 9.971E-01
  4184.032 9.972E-01
  4184.204 9.973E-01
  4184.376 9.974E-01
  4184.547 9.975E-01
  4184.719 9.977E-01
  4184.890 9.979E-01
  4185.062 9.982E-01
  4185.234 9.985E-01
  4185.405 9.987E-01
  4185.577 9.989E-01
  4185.748 9.990E-01
  4185.920 9.989E-01
  4186.092 9.987E-01
  4186.263 9.982E-01
  4186.435 9.974E-01
  4186.606 9.965E-01
  4186.778 9.955E-01
  4186.950 9.940E-01
  4187.121 9.920E-01
  4187.293 9.902E-01
  4187.464 9.891E-01
  4187.636 9.888E-01
  4187.808 9.894E-01
  4187.979 9.905E-01
  4188.151 9.918E-01
  4188.322 9.935E-01
  4188.494 9.954E-01
  4188.666 9.970E-01
  4188.837 9.973E-01
  4189.009 9.966E-01
  4189.180 9.957E-01
  4189.352 9.948E-01
  4189.524 9.943E-01
  4189.695 9.939E-01
  4189.867 9.935E-01
  4190.038 9.930E-01
  4190.210 9.928E-01
  4190.382 9.930E-01
  4190.553 9.935E-01
  4190.725 9.939E-01
  4190.896 9.943E-01
  4191.068 9.948E-01
  4191.240 9.954E-01
  4191.411 9.960E-01
  4191.583 9.966E-01
  4191.754 9.970E-01
  4191.926 9.971E-01
  4192.098 9.972E-01
  4192.269 9.974E-01
  4192.441 9.976E-01
  4192.612 9.978E-01
  4192.784 9.980E-01
  4192.956 9.981E-01
  4193.127 9.980E-01
  4193.299 9.979E-01
  4193.470 9.979E-01
  4193.642 9.979E-01
  4193.814 9.981E-01
  4193.985 9.984E-01
  4194.157 9.988E-01
  4194.328 9.992E-01
  4194.500 9.994E-01
  4194.672 9.994E-01
  4194.843 9.993E-01
  4195.015 9.992E-01
  4195.186 9.991E-01
  4195.358 9.990E-01
  4195.530 9.990E-01
  4195.701 9.991E-01
  4195.873 9.992E-01
  4196.044 9.993E-01
  4196.216 9.994E-01
  4196.388 9.995E-01
  4196.559 9.996E-01
  4196.731 9.996E-01
  4196.902 9.996E-01
  4197.074 9.995E-01
  4197.246 9.991E-01
  4197.417 9.984E-01
  4197.589 9.976E-01
  4197.760 9.969E-01
  4197.932 9.964E-01
  4198.104 9.960E-01
  4198.275 9.958E-01
  4198.447 9.956E-01
  4198.618 9.954E-01
  4198.790 9.951E-01
  4198.962 9.949E-01
  4199.133 9.948E-01
  4199.305 9.947E-01
  4199.476 9.945E-01
  4199.648 9.942E-01
  4199.820 9.934E-01
  4199.991 9.919E-01
  4200.163 9.901E-01
  4200.334 9.885E-01
  4200.506 9.872E-01
  4200.678 9.866E-01
  4200.849 9.868E-01
  4201.021 9.878E-01
  4201.192 9.897E-01
  4201.364 9.921E-01
  4201.536 9.944E-01
  4201.707 9.960E-01
  4201.879 9.966E-01
  4202.050 9.965E-01
  4202.222 9.960E-01
  4202.394 9.957E-01
  4202.565 9.956E-01
  4202.737 9.957E-01
  4202.908 9.960E-01
  4203.080 9.965E-01
  4203.252 9.971E-01
  4203.423 9.978E-01
  4203.595 9.982E-01
  4203.766 9.985E-01
  4203.938 9.986E-01
  4204.110 9.986E-01
  4204.281 9.984E-01
  4204.453 9.980E-01
  4204.624 9.974E-01
  4204.796 9.964E-01
  4204.968 9.955E-01
  4205.139 9.948E-01
  4205.311 9.944E-01
  4205.482 9.943E-01
  4205.654 9.945E-01
  4205.826 9.949E-01
  4205.997 9.957E-01
  4206.169 9.965E-01
  4206.340 9.973E-01
  4206.512 9.979E-01
  4206.684 9.980E-01
  4206.855 9.980E-01
  4207.027 9.980E-01
  4207.198 9.979E-01
  4207.370 9.979E-01
  4207.542 9.979E-01
  4207.713 9.979E-01
  4207.885 9.980E-01
  4208.056 9.983E-01
  4208.228 9.985E-01
  4208.400 9.987E-01
  4208.571 9.989E-01
  4208.743 9.990E-01
  4208.914 9.990E-01
  4209.086 9.988E-01
  4209.258 9.986E-01
  4209.429 9.983E-01
  4209.601 9.981E-01
  4209.772 9.980E-01
  4209.944 9.979E-01
  4210.116 9.980E-01
  4210.287 9.982E-01
  4210.459 9.986E-01
  4210.630 9.989E-01
  4210.802 9.992E-01
  4210.974 9.993E-01
  4211.145 9.994E-01
  4211.317 9.994E-01
  4211.488 9.993E-01
  4211.660 9.993E-01
  4211.832 9.993E-01
  4212.003 9.993E-01
  4212.175 9.993E-01
  4212.346 9.994E-01
  4212.518 9.994E-01
  4212.690 9.992E-01
  4212.861 9.989E-01
  4213.033 9.985E-01
  4213.204 9.983E-01
  4213.376 9.981E-01
  4213.548 9.981E-01
  4213.719 9.982E-01
  4213.891 9.984E-01
  4214.062 9.987E-01
  4214.234 9.990E-01
  4214.406 9.993E-01
  4214.577 9.993E-01
  4214.749 9.989E-01
  4214.920 9.983E-01
  4215.092 9.975E-01
  4215.264 9.969E-01
  4215.435 9.964E-01
  4215.607 9.962E-01
  4215.778 9.963E-01
  4215.950 9.965E-01
  4216.122 9.968E-01
  4216.293 9.970E-01
  4216.465 9.970E-01
  4216.636 9.968E-01
  4216.808 9.964E-01
  4216.980 9.962E-01
  4217.151 9.960E-01
  4217.323 9.961E-01
  4217.494 9.964E-01
  4217.666 9.970E-01
  4217.838 9.977E-01
  4218.009 9.984E-01
  4218.181 9.989E-01
  4218.352 9.991E-01
  4218.524 9.992E-01
  4218.696 9.993E-01
  4218.867 9.993E-01
  4219.039 9.994E-01
  4219.210 9.994E-01
  4219.382 9.994E-01
  4219.554 9.994E-01
  4219.725 9.994E-01
  4219.897 9.994E-01
  4220.068 9.995E-01
  4220.240 9.995E-01
  4220.412 9.995E-01
  4220.583 9.994E-01
  4220.755 9.992E-01
  4220.926 9.991E-01
  4221.098 9.989E-01
  4221.270 9.986E-01
  4221.441 9.983E-01
  4221.613 9.980E-01
  4221.784 9.977E-01
  4221.956 9.976E-01
  4222.128 9.976E-01
  4222.299 9.977E-01
  4222.471 9.978E-01
  4222.642 9.980E-01
  4222.814 9.983E-01
  4222.986 9.985E-01
  4223.157 9.987E-01
  4223.329 9.988E-01
  4223.500 9.989E-01
  4223.672 9.988E-01
  4223.844 9.987E-01
  4224.015 9.984E-01
  4224.187 9.980E-01
  4224.358 9.977E-01
  4224.530 9.975E-01
  4224.702 9.974E-01
  4224.873 9.974E-01
  4225.045 9.976E-01
  4225.216 9.979E-01
  4225.388 9.982E-01
  4225.560 9.985E-01
  4225.731 9.988E-01
  4225.903 9.990E-01
  4226.074 9.990E-01
  4226.246 9.990E-01
  4226.418 9.989E-01
  4226.589 9.988E-01
  4226.761 9.986E-01
  4226.932 9.984E-01
  4227.104 9.983E-01
  4227.276 9.982E-01
  4227.447 9.982E-01
  4227.619 9.982E-01
  4227.790 9.984E-01
  4227.962 9.986E-01
  4228.134 9.989E-01
  4228.305 9.992E-01
  4228.477 9.993E-01
  4228.648 9.993E-01
  4228.820 9.993E-01
  4228.992 9.992E-01
  4229.163 9.992E-01
  4229.335 9.991E-01
  4229.506 9.990E-01
  4229.678 9.990E-01
  4229.850 9.989E-01
  4230.021 9.987E-01
  4230.193 9.982E-01
  4230.364 9.975E-01
  4230.536 9.969E-01
  4230.708 9.966E-01
  4230.879 9.964E-01
  4231.051 9.964E-01
  4231.222 9.966E-01
  4231.394 9.970E-01
  4231.566 9.975E-01
  4231.737 9.980E-01
  4231.909 9.975E-01
  4232.080 9.940E-01
  4232.252 9.849E-01
  4232.424 9.689E-01
  4232.595 9.514E-01
  4232.767 9.372E-01
  4232.938 9.281E-01
  4233.110 9.245E-01
  4233.282 9.262E-01
  4233.453 9.333E-01
  4233.625 9.457E-01
  4233.796 9.624E-01
  4233.968 9.796E-01
  4234.140 9.916E-01
  4234.311 9.971E-01
  4234.483 9.988E-01
  4234.654 9.989E-01
  4234.826 9.987E-01
  4234.998 9.985E-01
  4235.169 9.983E-01
  4235.341 9.981E-01
  4235.512 9.980E-01
  4235.684 9.979E-01
  4235.856 9.979E-01
  4236.027 9.979E-01
  4236.199 9.981E-01
  4236.370 9.982E-01
  4236.542 9.983E-01
  4236.714 9.984E-01
  4236.885 9.984E-01
  4237.057 9.985E-01
  4237.228 9.985E-01
  4237.400 9.986E-01
  4237.572 9.986E-01
  4237.743 9.985E-01
  4237.915 9.984E-01
  4238.086 9.981E-01
  4238.258 9.978E-01
  4238.430 9.976E-01
  4238.601 9.975E-01
  4238.773 9.975E-01
  4238.944 9.976E-01
  4239.116 9.978E-01
  4239.288 9.981E-01
  4239.459 9.985E-01
  4239.631 9.989E-01
  4239.802 9.990E-01
  4239.974 9.991E-01
  4240.146 9.991E-01
  4240.317 9.990E-01
  4240.489 9.990E-01
  4240.660 9.990E-01
  4240.832 9.990E-01
  4241.004 9.990E-01
  4241.175 9.988E-01
  4241.347 9.978E-01
  4241.518 9.955E-01
  4241.690 9.920E-01
  4241.862 9.885E-01
  4242.033 9.859E-01
  4242.205 9.843E-01
  4242.376 9.838E-01
  4242.548 9.845E-01
  4242.720 9.863E-01
  4242.891 9.891E-01
  4243.063 9.927E-01
  4243.234 9.961E-01
  4243.406 9.982E-01
  4243.578 9.990E-01
  4243.749 9.990E-01
  4243.921 9.985E-01
  4244.092 9.977E-01
  4244.264 9.969E-01
  4244.436 9.962E-01
  4244.607 9.958E-01
  4244.779 9.957E-01
  4244.950 9.959E-01
  4245.122 9.963E-01
  4245.294 9.969E-01
  4245.465 9.975E-01
  4245.637 9.980E-01
  4245.808 9.981E-01
  4245.980 9.975E-01
  4246.152 9.967E-01
  4246.323 9.960E-01
  4246.495 9.954E-01
  4246.666 9.952E-01
  4246.838 9.953E-01
  4247.010 9.957E-01
  4247.181 9.964E-01
  4247.353 9.972E-01
  4247.524 9.981E-01
  4247.696 9.989E-01
  4247.868 9.993E-01
  4248.039 9.995E-01
  4248.211 9.995E-01
  4248.382 9.995E-01
  4248.554 9.994E-01
  4248.726 9.993E-01
  4248.897 9.993E-01
  4249.069 9.992E-01
  4249.240 9.991E-01
  4249.412 9.988E-01
  4249.584 9.983E-01
  4249.755 9.976E-01
  4249.927 9.968E-01
  4250.098 9.961E-01
  4250.270 9.957E-01
  4250.442 9.955E-01
  4250.613 9.956E-01
  4250.785 9.959E-01
  4250.956 9.963E-01
  4251.128 9.968E-01
  4251.300 9.974E-01
  4251.471 9.977E-01
  4251.643 9.977E-01
  4251.814 9.973E-01
  4251.986 9.965E-01
  4252.158 9.957E-01
  4252.329 9.950E-01
  4252.501 9.946E-01
  4252.672 9.944E-01
  4252.844 9.944E-01
  4253.016 9.945E-01
  4253.187 9.950E-01
  4253.359 9.957E-01
  4253.530 9.964E-01
  4253.702 9.966E-01
  4253.874 9.963E-01
  4254.045 9.959E-01
  4254.217 9.957E-01
  4254.388 9.956E-01
  4254.560 9.958E-01
  4254.732 9.961E-01
  4254.903 9.965E-01
  4255.075 9.972E-01
  4255.246 9.980E-01
  4255.418 9.985E-01
  4255.590 9.987E-01
  4255.761 9.987E-01
  4255.933 9.986E-01
  4256.104 9.986E-01
  4256.276 9.985E-01
  4256.448 9.983E-01
  4256.619 9.980E-01
  4256.791 9.975E-01
  4256.962 9.969E-01
  4257.134 9.957E-01
  4257.306 9.933E-01
  4257.477 9.899E-01
  4257.649 9.865E-01
  4257.820 9.839E-01
  4257.992 9.825E-01
  4258.164 9.819E-01
  4258.335 9.819E-01
  4258.507 9.826E-01
  4258.678 9.843E-01
  4258.850 9.870E-01
  4259.022 9.901E-01
  4259.193 9.924E-01
  4259.365 9.937E-01
  4259.536 9.947E-01
  4259.708 9.956E-01
  4259.880 9.966E-01
  4260.051 9.975E-01
  4260.223 9.980E-01
  4260.394 9.981E-01
  4260.566 9.980E-01
  4260.738 9.979E-01
  4260.909 9.973E-01
  4261.081 9.959E-01
  4261.252 9.942E-01
  4261.424 9.925E-01
  4261.596 9.913E-01
  4261.767 9.907E-01
  4261.939 9.906E-01
  4262.110 9.911E-01
  4262.282 9.923E-01
  4262.454 9.940E-01
  4262.625 9.961E-01
  4262.797 9.978E-01
  4262.968 9.984E-01
  4263.140 9.980E-01
  4263.312 9.972E-01
  4263.483 9.964E-01
  4263.655 9.960E-01
  4263.826 9.958E-01
  4263.998 9.958E-01
  4264.170 9.961E-01
  4264.341 9.967E-01
  4264.513 9.975E-01
  4264.684 9.984E-01
  4264.856 9.990E-01
  4265.028 9.992E-01
  4265.199 9.992E-01
  4265.371 9.991E-01
  4265.542 9.989E-01
  4265.714 9.986E-01
  4265.886 9.977E-01
  4266.057 9.957E-01
  4266.229 9.914E-01
  4266.400 9.849E-01
  4266.572 9.774E-01
  4266.744 9.707E-01
  4266.915 9.656E-01
  4267.087 9.626E-01
  4267.258 9.620E-01
  4267.430 9.641E-01
  4267.602 9.688E-01
  4267.773 9.757E-01
  4267.945 9.831E-01
  4268.116 9.894E-01
  4268.288 9.933E-01
  4268.460 9.954E-01
  4268.631 9.963E-01
  4268.803 9.964E-01
  4268.974 9.960E-01
  4269.146 9.955E-01
  4269.318 9.951E-01
  4269.489 9.950E-01
  4269.661 9.952E-01
  4269.832 9.957E-01
  4270.004 9.964E-01
  4270.176 9.972E-01
  4270.347 9.978E-01
  4270.519 9.982E-01
  4270.690 9.984E-01
  4270.862 9.982E-01
  4271.034 9.977E-01
  4271.205 9.972E-01
  4271.377 9.969E-01
  4271.548 9.967E-01
  4271.720 9.967E-01
  4271.892 9.969E-01
  4272.063 9.971E-01
  4272.235 9.970E-01
  4272.406 9.957E-01
  4272.578 9.929E-01
  4272.750 9.893E-01
  4272.921 9.861E-01
  4273.093 9.838E-01
  4273.264 9.828E-01
  4273.436 9.828E-01
  4273.608 9.841E-01
  4273.779 9.865E-01
  4273.951 9.900E-01
  4274.122 9.939E-01
  4274.294 9.970E-01
  4274.466 9.984E-01
  4274.637 9.983E-01
  4274.809 9.972E-01
  4274.980 9.958E-01
  4275.152 9.947E-01
  4275.324 9.939E-01
  4275.495 9.936E-01
  4275.667 9.937E-01
  4275.838 9.941E-01
  4276.010 9.950E-01
  4276.182 9.962E-01
  4276.353 9.975E-01
  4276.525 9.984E-01
  4276.696 9.988E-01
  4276.868 9.988E-01
  4277.040 9.985E-01
  4277.211 9.979E-01
  4277.383 9.967E-01
  4277.554 9.949E-01
  4277.726 9.931E-01
  4277.898 9.916E-01
  4278.069 9.906E-01
  4278.241 9.900E-01
  4278.412 9.898E-01
  4278.584 9.901E-01
  4278.756 9.909E-01
  4278.927 9.924E-01
  4279.099 9.941E-01
  4279.270 9.953E-01
  4279.442 9.962E-01
  4279.614 9.969E-01
  4279.785 9.975E-01
  4279.957 9.982E-01
  4280.128 9.987E-01
  4280.300 9.989E-01
  4280.472 9.989E-01
  4280.643 9.989E-01
  4280.815 9.989E-01
  4280.986 9.989E-01
  4281.158 9.989E-01
  4281.330 9.989E-01
  4281.501 9.987E-01
  4281.673 9.983E-01
  4281.844 9.976E-01
  4282.016 9.968E-01
  4282.188 9.961E-01
  4282.359 9.957E-01
  4282.531 9.955E-01
  4282.702 9.956E-01
  4282.874 9.958E-01
  4283.046 9.962E-01
  4283.217 9.965E-01
  4283.389 9.965E-01
  4283.560 9.961E-01
  4283.732 9.955E-01
  4283.904 9.950E-01
  4284.075 9.946E-01
  4284.247 9.944E-01
  4284.418 9.945E-01
  4284.590 9.949E-01
  4284.762 9.955E-01
  4284.933 9.962E-01
  4285.105 9.968E-01
  4285.276 9.969E-01
  4285.448 9.964E-01
  4285.620 9.956E-01
  4285.791 9.950E-01
  4285.963 9.946E-01
  4286.134 9.945E-01
  4286.306 9.946E-01
  4286.478 9.950E-01
  4286.649 9.955E-01
  4286.821 9.963E-01
  4286.992 9.971E-01
  4287.164 9.977E-01
  4287.336 9.979E-01
  4287.507 9.978E-01
  4287.679 9.977E-01
  4287.850 9.975E-01
  4288.022 9.975E-01
  4288.194 9.975E-01
  4288.365 9.976E-01
  4288.537 9.978E-01
  4288.708 9.981E-01
  4288.880 9.982E-01
  4289.052 9.982E-01
  4289.223 9.977E-01
  4289.395 9.965E-01
  4289.566 9.949E-01
  4289.738 9.934E-01
  4289.910 9.924E-01
  4290.081 9.918E-01
  4290.253 9.917E-01
  4290.424 9.921E-01
  4290.596 9.929E-01
  4290.768 9.942E-01
  4290.939 9.958E-01
  4291.111 9.972E-01
  4291.282 9.978E-01
  4291.454 9.979E-01
  4291.626 9.977E-01
  4291.797 9.976E-01
  4291.969 9.976E-01
  4292.140 9.976E-01
  4292.312 9.977E-01
  4292.484 9.978E-01
  4292.655 9.980E-01
  4292.827 9.981E-01
  4292.998 9.981E-01
  4293.170 9.976E-01
  4293.342 9.960E-01
  4293.513 9.935E-01
  4293.685 9.906E-01
  4293.856 9.880E-01
  4294.028 9.862E-01
  4294.200 9.853E-01
  4294.371 9.854E-01
  4294.543 9.865E-01
  4294.714 9.884E-01
  4294.886 9.911E-01
  4295.058 9.940E-01
  4295.229 9.962E-01
  4295.401 9.968E-01
  4295.572 9.951E-01
  4295.744 9.904E-01
  4295.916 9.839E-01
  4296.087 9.780E-01
  4296.259 9.737E-01
  4296.430 9.713E-01
  4296.602 9.709E-01
  4296.774 9.724E-01
  4296.945 9.759E-01
  4297.117 9.812E-01
  4297.288 9.878E-01
  4297.460 9.938E-01
  4297.632 9.970E-01
  4297.803 9.982E-01
  4297.975 9.985E-01
  4298.146 9.985E-01
  4298.318 9.985E-01
  4298.490 9.984E-01
  4298.661 9.982E-01
  4298.833 9.980E-01
  4299.004 9.972E-01
  4299.176 9.951E-01
  4299.348 9.917E-01
  4299.519 9.881E-01
  4299.691 9.852E-01
  4299.862 9.835E-01
  4300.034 9.827E-01
  4300.206 9.831E-01
  4300.377 9.844E-01
  4300.549 9.868E-01
  4300.720 9.901E-01
  4300.892 9.935E-01
  4301.064 9.955E-01
  4301.235 9.958E-01
  4301.407 9.953E-01
  4301.578 9.948E-01
  4301.750 9.944E-01
  4301.922 9.938E-01
  4302.093 9.919E-01
  4302.265 9.873E-01
  4302.436 9.795E-01
  4302.608 9.716E-01
  4302.780 9.656E-01
  4302.951 9.618E-01
  4303.123 9.604E-01
  4303.294 9.614E-01
  4303.466 9.649E-01
  4303.638 9.710E-01
  4303.809 9.793E-01
  4303.981 9.880E-01
  4304.152 9.938E-01
  4304.324 9.964E-01
  4304.496 9.972E-01
  4304.667 9.973E-01
  4304.839 9.974E-01
  4305.010 9.973E-01
  4305.182 9.974E-01
  4305.354 9.974E-01
  4305.525 9.974E-01
  4305.697 9.975E-01
  4305.868 9.974E-01
  4306.040 9.972E-01
  4306.212 9.967E-01
  4306.383 9.962E-01
  4306.555 9.958E-01
  4306.726 9.953E-01
  4306.898 9.946E-01
  4307.070 9.935E-01
  4307.241 9.921E-01
  4307.413 9.908E-01
  4307.584 9.900E-01
  4307.756 9.897E-01
  4307.928 9.898E-01
  4308.099 9.902E-01
  4308.271 9.910E-01
  4308.442 9.923E-01
  4308.614 9.938E-01
  4308.786 9.953E-01
  4308.957 9.962E-01
  4309.129 9.966E-01
  4309.300 9.967E-01
  4309.472 9.967E-01
  4309.644 9.966E-01
  4309.815 9.965E-01
  4309.987 9.964E-01
  4310.158 9.963E-01
  4310.330 9.963E-01
  4310.502 9.963E-01
  4310.673 9.963E-01
  4310.845 9.963E-01
  4311.016 9.964E-01
  4311.188 9.964E-01
  4311.360 9.964E-01
  4311.531 9.963E-01
  4311.703 9.961E-01
  4311.874 9.956E-01
  4312.046 9.944E-01
  4312.218 9.927E-01
  4312.389 9.910E-01
  4312.561 9.897E-01
  4312.732 9.889E-01
  4312.904 9.885E-01
  4313.076 9.884E-01
  4313.247 9.882E-01
  4313.419 9.874E-01
  4313.590 9.859E-01
  4313.762 9.844E-01
  4313.934 9.828E-01
  4314.105 9.811E-01
  4314.277 9.791E-01
  4314.448 9.779E-01
  4314.620 9.778E-01
  4314.792 9.792E-01
  4314.963 9.818E-01
  4315.135 9.848E-01
  4315.306 9.872E-01
  4315.478 9.890E-01
  4315.650 9.907E-01
  4315.821 9.924E-01
  4315.993 9.934E-01
  4316.164 9.937E-01
  4316.336 9.936E-01
  4316.508 9.933E-01
  4316.679 9.929E-01
  4316.851 9.927E-01
  4317.022 9.925E-01
  4317.194 9.923E-01
  4317.366 9.920E-01
  4317.537 9.917E-01
  4317.709 9.913E-01
  4317.880 9.908E-01
  4318.052 9.903E-01
  4318.224 9.898E-01
  4318.395 9.893E-01
  4318.567 9.889E-01
  4318.738 9.883E-01
  4318.910 9.877E-01
  4319.082 9.871E-01
  4319.253 9.868E-01
  4319.425 9.868E-01
  4319.596 9.869E-01
  4319.768 9.871E-01
  4319.940 9.874E-01
  4320.111 9.878E-01
  4320.283 9.882E-01
  4320.454 9.884E-01
  4320.626 9.882E-01
  4320.798 9.878E-01
  4320.969 9.873E-01
  4321.141 9.870E-01
  4321.312 9.869E-01
  4321.484 9.870E-01
  4321.656 9.873E-01
  4321.827 9.878E-01
  4321.999 9.882E-01
  4322.170 9.885E-01
  4322.342 9.886E-01
  4322.514 9.886E-01
  4322.685 9.883E-01
  4322.857 9.881E-01
  4323.028 9.878E-01
  4323.200 9.874E-01
  4323.372 9.871E-01
  4323.543 9.866E-01
  4323.715 9.862E-01
  4323.886 9.858E-01
  4324.058 9.853E-01
  4324.230 9.847E-01
  4324.401 9.838E-01
  4324.573 9.822E-01
  4324.744 9.797E-01
  4324.916 9.768E-01
  4325.088 9.743E-01
  4325.259 9.722E-01
  4325.431 9.710E-01
  4325.602 9.704E-01
  4325.774 9.705E-01
  4325.946 9.711E-01
  4326.117 9.724E-01
  4326.289 9.741E-01
  4326.460 9.755E-01
  4326.632 9.761E-01
  4326.804 9.762E-01
  4326.975 9.760E-01
  4327.147 9.757E-01
  4327.318 9.755E-01
  4327.490 9.752E-01
  4327.662 9.748E-01
  4327.833 9.741E-01
  4328.005 9.733E-01
  4328.176 9.724E-01
  4328.348 9.714E-01
  4328.520 9.701E-01
  4328.691 9.687E-01
  4328.863 9.673E-01
  4329.034 9.660E-01
  4329.206 9.647E-01
  4329.378 9.633E-01
  4329.549 9.620E-01
  4329.721 9.606E-01
  4329.892 9.592E-01
  4330.064 9.579E-01
  4330.236 9.566E-01
  4330.407 9.552E-01
  4330.579 9.536E-01
  4330.750 9.519E-01
  4330.922 9.502E-01
  4331.094 9.484E-01
  4331.265 9.464E-01
  4331.437 9.442E-01
  4331.608 9.419E-01
  4331.780 9.396E-01
  4331.952 9.372E-01
  4332.123 9.347E-01
  4332.295 9.321E-01
  4332.466 9.295E-01
  4332.638 9.269E-01
  4332.810 9.241E-01
  4332.981 9.210E-01
  4333.153 9.176E-01
  4333.324 9.140E-01
  4333.496 9.101E-01
  4333.668 9.062E-01
  4333.839 9.019E-01
  4334.011 8.974E-01
  4334.182 8.925E-01
  4334.354 8.874E-01
  4334.526 8.820E-01
  4334.697 8.763E-01
  4334.869 8.701E-01
  4335.040 8.636E-01
  4335.212 8.566E-01
  4335.384 8.492E-01
  4335.555 8.413E-01
  4335.727 8.330E-01
  4335.898 8.242E-01
  4336.070 8.148E-01
  4336.242 8.049E-01
  4336.413 7.944E-01
  4336.585 7.833E-01
  4336.756 7.715E-01
  4336.928 7.590E-01
  4337.100 7.455E-01
  4337.271 7.313E-01
  4337.443 7.164E-01
  4337.614 7.008E-01
  4337.786 6.846E-01
  4337.958 6.677E-01
  4338.129 6.502E-01
  4338.301 6.321E-01
  4338.472 6.135E-01
  4338.644 5.944E-01
  4338.816 5.744E-01
  4338.987 5.533E-01
  4339.159 5.303E-01
  4339.330 5.044E-01
  4339.502 4.751E-01
  4339.674 4.432E-01
  4339.845 4.113E-01
  4340.017 3.831E-01
  4340.188 3.622E-01
  4340.360 3.508E-01
  4340.532 3.498E-01
  4340.703 3.593E-01
  4340.875 3.785E-01
  4341.046 4.056E-01
  4341.218 4.372E-01
  4341.390 4.695E-01
  4341.561 4.996E-01
  4341.733 5.263E-01
  4341.904 5.500E-01
  4342.076 5.717E-01
  4342.248 5.923E-01
  4342.419 6.118E-01
  4342.591 6.305E-01
  4342.762 6.484E-01
  4342.934 6.656E-01
  4343.106 6.821E-01
  4343.277 6.978E-01
  4343.449 7.129E-01
  4343.620 7.274E-01
  4343.792 7.413E-01
  4343.964 7.548E-01
  4344.135 7.677E-01
  4344.307 7.799E-01
  4344.478 7.914E-01
  4344.650 8.023E-01
  4344.822 8.126E-01
  4344.993 8.223E-01
  4345.165 8.314E-01
  4345.336 8.398E-01
  4345.508 8.478E-01
  4345.680 8.552E-01
  4345.851 8.623E-01
  4346.023 8.689E-01
  4346.194 8.753E-01
  4346.366 8.812E-01
  4346.538 8.868E-01
  4346.709 8.921E-01
  4346.881 8.970E-01
  4347.052 9.015E-01
  4347.224 9.056E-01
  4347.396 9.093E-01
  4347.567 9.128E-01
  4347.739 9.161E-01
  4347.910 9.194E-01
  4348.082 9.226E-01
  4348.254 9.258E-01
  4348.425 9.289E-01
  4348.597 9.320E-01
  4348.768 9.350E-01
  4348.940 9.378E-01
  4349.112 9.405E-01
  4349.283 9.429E-01
  4349.455 9.452E-01
  4349.626 9.474E-01
  4349.798 9.494E-01
  4349.970 9.514E-01
  4350.141 9.533E-01
  4350.313 9.550E-01
  4350.484 9.562E-01
  4350.656 9.555E-01
  4350.828 9.511E-01
  4350.999 9.419E-01
  4351.171 9.313E-01
  4351.342 9.226E-01
  4351.514 9.171E-01
  4351.686 9.149E-01
  4351.857 9.157E-01
  4352.029 9.199E-01
  4352.200 9.277E-01
  4352.372 9.389E-01
  4352.544 9.516E-01
  4352.715 9.624E-01
  4352.887 9.685E-01
  4353.058 9.716E-01
  4353.230 9.732E-01
  4353.402 9.740E-01
  4353.573 9.740E-01
  4353.745 9.734E-01
  4353.916 9.728E-01
  4354.088 9.726E-01
  4354.260 9.727E-01
  4354.431 9.733E-01
  4354.603 9.743E-01
  4354.774 9.756E-01
  4354.946 9.774E-01
  4355.118 9.794E-01
  4355.289 9.813E-01
  4355.461 9.825E-01
  4355.632 9.832E-01
  4355.804 9.836E-01
  4355.976 9.840E-01
  4356.147 9.843E-01
  4356.319 9.845E-01
  4356.490 9.843E-01
  4356.662 9.835E-01
  4356.834 9.816E-01
  4357.005 9.796E-01
  4357.177 9.781E-01
  4357.348 9.773E-01
  4357.520 9.770E-01
  4357.692 9.774E-01
  4357.863 9.785E-01
  4358.035 9.802E-01
  4358.206 9.826E-01
  4358.378 9.852E-01
  4358.550 9.872E-01
  4358.721 9.884E-01
  4358.893 9.889E-01
  4359.064 9.891E-01
  4359.236 9.892E-01
  4359.408 9.892E-01
  4359.579 9.893E-01
  4359.751 9.894E-01
  4359.922 9.896E-01
  4360.094 9.897E-01
  4360.266 9.897E-01
  4360.437 9.892E-01
  4360.609 9.883E-01
  4360.780 9.875E-01
  4360.952 9.866E-01
  4361.124 9.856E-01
  4361.295 9.841E-01
  4361.467 9.828E-01
  4361.638 9.821E-01
  4361.810 9.823E-01
  4361.982 9.831E-01
  4362.153 9.843E-01
  4362.325 9.855E-01
  4362.496 9.867E-01
  4362.668 9.882E-01
  4362.840 9.899E-01
  4363.011 9.914E-01
  4363.183 9.923E-01
  4363.354 9.928E-01
  4363.526 9.931E-01
  4363.698 9.935E-01
  4363.869 9.937E-01
  4364.041 9.940E-01
  4364.212 9.941E-01
  4364.384 9.941E-01
  4364.556 9.941E-01
  4364.727 9.939E-01
  4364.899 9.937E-01
  4365.070 9.935E-01
  4365.242 9.934E-01
  4365.414 9.933E-01
  4365.585 9.933E-01
  4365.757 9.934E-01
  4365.928 9.935E-01
  4366.100 9.936E-01
  4366.272 9.936E-01
  4366.443 9.937E-01
  4366.615 9.938E-01
  4366.786 9.937E-01
  4366.958 9.935E-01
  4367.130 9.931E-01
  4367.301 9.926E-01
  4367.473 9.919E-01
  4367.644 9.913E-01
  4367.816 9.909E-01
  4367.988 9.907E-01
  4368.159 9.908E-01
  4368.331 9.908E-01
  4368.502 9.904E-01
  4368.674 9.892E-01
  4368.846 9.879E-01
  4369.017 9.870E-01
  4369.189 9.865E-01
  4369.360 9.864E-01
  4369.532 9.866E-01
  4369.704 9.874E-01
  4369.875 9.888E-01
  4370.047 9.907E-01
  4370.218 9.928E-01
  4370.390 9.944E-01
  4370.562 9.948E-01
  4370.733 9.946E-01
  4370.905 9.942E-01
  4371.076 9.939E-01
  4371.248 9.936E-01
  4371.420 9.934E-01
  4371.591 9.932E-01
  4371.763 9.932E-01
  4371.934 9.934E-01
  4372.106 9.937E-01
  4372.278 9.941E-01
  4372.449 9.944E-01
  4372.621 9.947E-01
  4372.792 9.950E-01
  4372.964 9.955E-01
  4373.136 9.960E-01
  4373.307 9.964E-01
  4373.479 9.966E-01
  4373.650 9.967E-01
  4373.822 9.966E-01
  4373.994 9.965E-01
  4374.165 9.963E-01
  4374.337 9.962E-01
  4374.508 9.961E-01
  4374.680 9.961E-01
  4374.852 9.961E-01
  4375.023 9.963E-01
  4375.195 9.965E-01
  4375.366 9.967E-01
  4375.538 9.969E-01
  4375.710 9.970E-01
  4375.881 9.968E-01
  4376.053 9.963E-01
  4376.224 9.953E-01
  4376.396 9.941E-01
  4376.568 9.930E-01
  4376.739 9.922E-01
  4376.911 9.918E-01
  4377.082 9.917E-01
  4377.254 9.921E-01
  4377.426 9.929E-01
  4377.597 9.940E-01
  4377.769 9.952E-01
  4377.940 9.964E-01
  4378.112 9.971E-01
  4378.284 9.976E-01
  4378.455 9.978E-01
  4378.627 9.978E-01
  4378.798 9.977E-01
  4378.970 9.974E-01
  4379.142 9.971E-01
  4379.313 9.969E-01
  4379.485 9.967E-01
  4379.656 9.966E-01
  4379.828 9.966E-01
  4380.000 9.966E-01
  4380.171 9.968E-01
  4380.343 9.970E-01
  4380.514 9.973E-01
  4380.686 9.975E-01
  4380.858 9.976E-01
  4381.029 9.977E-01
  4381.201 9.978E-01
  4381.372 9.978E-01
  4381.544 9.977E-01
  4381.716 9.973E-01
  4381.887 9.967E-01
  4382.059 9.962E-01
  4382.230 9.957E-01
  4382.402 9.954E-01
  4382.574 9.949E-01
  4382.745 9.943E-01
  4382.917 9.935E-01
  4383.088 9.927E-01
  4383.260 9.916E-01
  4383.432 9.898E-01
  4383.603 9.866E-01
  4383.775 9.824E-01
  4383.946 9.778E-01
  4384.118 9.738E-01
  4384.290 9.704E-01
  4384.461 9.659E-01
  4384.633 9.594E-01
  4384.804 9.532E-01
  4384.976 9.498E-01
  4385.148 9.495E-01
  4385.319 9.516E-01
  4385.491 9.553E-01
  4385.662 9.598E-01
  4385.834 9.650E-01
  4386.006 9.714E-01
  4386.177 9.783E-01
  4386.349 9.834E-01
  4386.520 9.844E-01
  4386.692 9.816E-01
  4386.864 9.755E-01
  4387.035 9.657E-01
  4387.207 9.526E-01
  4387.378 9.384E-01
  4387.550 9.260E-01
  4387.722 9.173E-01
  4387.893 9.129E-01
  4388.065 9.133E-01
  4388.236 9.184E-01
  4388.408 9.280E-01
  4388.580 9.411E-01
  4388.751 9.557E-01
  4388.923 9.688E-01
  4389.094 9.784E-01
  4389.266 9.844E-01
  4389.438 9.874E-01
  4389.609 9.875E-01
  4389.781 9.848E-01
  4389.952 9.807E-01
  4390.124 9.771E-01
  4390.296 9.746E-01
  4390.467 9.735E-01
  4390.639 9.737E-01
  4390.810 9.753E-01
  4390.982 9.783E-01
  4391.154 9.827E-01
  4391.325 9.880E-01
  4391.497 9.927E-01
  4391.668 9.955E-01
  4391.840 9.966E-01
  4392.012 9.970E-01
  4392.183 9.973E-01
  4392.355 9.976E-01
  4392.526 9.978E-01
  4392.698 9.980E-01
  4392.870 9.981E-01
  4393.041 9.980E-01
  4393.213 9.979E-01
  4393.384 9.977E-01
  4393.556 9.976E-01
  4393.728 9.974E-01
  4393.899 9.970E-01
  4394.071 9.958E-01
  4394.242 9.934E-01
  4394.414 9.903E-01
  4394.586 9.875E-01
  4394.757 9.853E-01
  4394.929 9.835E-01
  4395.100 9.820E-01
  4395.272 9.814E-01
  4395.444 9.821E-01
  4395.615 9.841E-01
  4395.787 9.872E-01
  4395.958 9.904E-01
  4396.130 9.928E-01
  4396.302 9.945E-01
  4396.473 9.960E-01
  4396.645 9.975E-01
  4396.816 9.985E-01
  4396.988 9.989E-01
  4397.160 9.990E-01
  4397.331 9.990E-01
  4397.503 9.989E-01
  4397.674 9.989E-01
  4397.846 9.988E-01
  4398.018 9.988E-01
  4398.189 9.989E-01
  4398.361 9.989E-01
  4398.532 9.989E-01
  4398.704 9.987E-01
  4398.876 9.983E-01
  4399.047 9.976E-01
  4399.219 9.969E-01
  4399.390 9.962E-01
  4399.562 9.957E-01
  4399.734 9.954E-01
  4399.905 9.954E-01
  4400.077 9.955E-01
  4400.248 9.959E-01
  4400.420 9.965E-01
  4400.592 9.972E-01
  4400.763 9.977E-01
  4400.935 9.981E-01
  4401.106 9.983E-01
  4401.278 9.985E-01
  4401.450 9.986E-01
  4401.621 9.987E-01
  4401.793 9.987E-01
  4401.964 9.982E-01
  4402.136 9.973E-01
  4402.308 9.961E-01
  4402.479 9.951E-01
  4402.651 9.943E-01
  4402.822 9.940E-01
  4402.994 9.939E-01
  4403.166 9.942E-01
  4403.337 9.949E-01
  4403.509 9.958E-01
  4403.680 9.967E-01
  4403.852 9.973E-01
  4404.024 9.972E-01
  4404.195 9.967E-01
  4404.367 9.961E-01
  4404.538 9.956E-01
  4404.710 9.952E-01
  4404.882 9.949E-01
  4405.053 9.948E-01
  4405.225 9.950E-01
  4405.396 9.954E-01
  4405.568 9.957E-01
  4405.740 9.959E-01
  4405.911 9.958E-01
  4406.083 9.957E-01
  4406.254 9.956E-01
  4406.426 9.956E-01
  4406.598 9.957E-01
  4406.769 9.957E-01
  4406.941 9.957E-01
  4407.112 9.956E-01
  4407.284 9.956E-01
  4407.456 9.957E-01
  4407.627 9.957E-01
  4407.799 9.957E-01
  4407.970 9.957E-01
  4408.142 9.959E-01
  4408.314 9.961E-01
  4408.485 9.963E-01
  4408.657 9.963E-01
  4408.828 9.959E-01
  4409.000 9.955E-01
  4409.172 9.952E-01
  4409.343 9.950E-01
  4409.515 9.950E-01
  4409.686 9.951E-01
  4409.858 9.954E-01
  4410.030 9.959E-01
  4410.201 9.965E-01
  4410.373 9.970E-01
  4410.544 9.972E-01
  4410.716 9.972E-01
  4410.888 9.971E-01
  4411.059 9.972E-01
  4411.231 9.972E-01
  4411.402 9.974E-01
  4411.574 9.977E-01
  4411.746 9.980E-01
  4411.917 9.985E-01
  4412.089 9.989E-01
  4412.260 9.991E-01
  4412.432 9.992E-01
  4412.604 9.991E-01
  4412.775 9.987E-01
  4412.947 9.980E-01
  4413.118 9.973E-01
  4413.290 9.967E-01
  4413.462 9.963E-01
  4413.633 9.961E-01
  4413.805 9.960E-01
  4413.976 9.961E-01
  4414.148 9.963E-01
  4414.320 9.965E-01
  4414.491 9.969E-01
  4414.663 9.971E-01
  4414.834 9.971E-01
  4415.006 9.972E-01
  4415.178 9.973E-01
  4415.349 9.975E-01
  4415.521 9.976E-01
  4415.692 9.969E-01
  4415.864 9.942E-01
  4416.036 9.881E-01
  4416.207 9.799E-01
  4416.379 9.723E-01
  4416.550 9.667E-01
  4416.722 9.633E-01
  4416.894 9.621E-01
  4417.065 9.629E-01
  4417.237 9.663E-01
  4417.408 9.722E-01
  4417.580 9.801E-01
  4417.752 9.880E-01
  4417.923 9.929E-01
  4418.095 9.948E-01
  4418.266 9.954E-01
  4418.438 9.955E-01
  4418.610 9.951E-01
  4418.781 9.937E-01
  4418.953 9.918E-01
  4419.124 9.902E-01
  4419.296 9.891E-01
  4419.468 9.888E-01
  4419.639 9.891E-01
  4419.811 9.900E-01
  4419.982 9.912E-01
  4420.154 9.929E-01
  4420.326 9.950E-01
  4420.497 9.970E-01
  4420.669 9.982E-01
  4420.840 9.986E-01
  4421.012 9.988E-01
  4421.184 9.988E-01
  4421.355 9.989E-01
  4421.527 9.990E-01
  4421.698 9.991E-01
  4421.870 9.992E-01
  4422.042 9.992E-01
  4422.213 9.992E-01
  4422.385 9.992E-01
  4422.556 9.993E-01
  4422.728 9.994E-01
  4422.900 9.994E-01
  4423.071 9.994E-01
  4423.243 9.994E-01
  4423.414 9.994E-01
  4423.586 9.994E-01
  4423.758 9.993E-01
  4423.929 9.994E-01
  4424.101 9.994E-01
  4424.272 9.994E-01
  4424.444 9.994E-01
  4424.616 9.995E-01
  4424.787 9.995E-01
  4424.959 9.994E-01
  4425.130 9.992E-01
  4425.302 9.988E-01
  4425.474 9.985E-01
  4425.645 9.982E-01
  4425.817 9.981E-01
  4425.988 9.980E-01
  4426.160 9.981E-01
  4426.332 9.982E-01
  4426.503 9.984E-01
  4426.675 9.987E-01
  4426.846 9.988E-01
  4427.018 9.984E-01
  4427.190 9.973E-01
  4427.361 9.959E-01
  4427.533 9.946E-01
  4427.704 9.937E-01
  4427.876 9.933E-01
  4428.048 9.932E-01
  4428.219 9.936E-01
  4428.391 9.944E-01
  4428.562 9.956E-01
  4428.734 9.971E-01
  4428.906 9.985E-01
  4429.077 9.993E-01
  4429.249 9.995E-01
  4429.420 9.994E-01
  4429.592 9.992E-01
  4429.764 9.989E-01
  4429.935 9.985E-01
  4430.107 9.977E-01
  4430.278 9.965E-01
  4430.450 9.952E-01
  4430.622 9.941E-01
  4430.793 9.932E-01
  4430.965 9.926E-01
  4431.136 9.924E-01
  4431.308 9.925E-01
  4431.480 9.930E-01
  4431.651 9.938E-01
  4431.823 9.949E-01
  4431.994 9.960E-01
  4432.166 9.968E-01
  4432.338 9.974E-01
  4432.509 9.980E-01
  4432.681 9.983E-01
  4432.852 9.981E-01
  4433.024 9.973E-01
  4433.196 9.953E-01
  4433.367 9.929E-01
  4433.539 9.907E-01
  4433.710 9.892E-01
  4433.882 9.884E-01
  4434.054 9.883E-01
  4434.225 9.889E-01
  4434.397 9.901E-01
  4434.568 9.919E-01
  4434.740 9.942E-01
  4434.912 9.963E-01
  4435.083 9.975E-01
  4435.255 9.978E-01
  4435.426 9.977E-01
  4435.598 9.972E-01
  4435.770 9.963E-01
  4435.941 9.955E-01
  4436.113 9.948E-01
  4436.284 9.942E-01
  4436.456 9.930E-01
  4436.628 9.909E-01
  4436.799 9.876E-01
  4436.971 9.842E-01
  4437.142 9.815E-01
  4437.314 9.800E-01
  4437.486 9.797E-01
  4437.657 9.802E-01
  4437.829 9.817E-01
  4438.000 9.842E-01
  4438.172 9.878E-01
  4438.344 9.920E-01
  4438.515 9.956E-01
  4438.687 9.979E-01
  4438.858 9.989E-01
  4439.030 9.992E-01
  4439.202 9.993E-01
  4439.373 9.993E-01
  4439.545 9.993E-01
  4439.716 9.993E-01
  4439.888 9.992E-01
  4440.060 9.991E-01
  4440.231 9.990E-01
  4440.403 9.989E-01
  4440.574 9.989E-01
  4440.746 9.989E-01
  4440.918 9.989E-01
  4441.089 9.990E-01
  4441.261 9.990E-01
  4441.432 9.991E-01
  4441.604 9.991E-01
  4441.776 9.992E-01
  4441.947 9.992E-01
  4442.119 9.992E-01
  4442.290 9.992E-01
  4442.462 9.992E-01
  4442.634 9.989E-01
  4442.805 9.981E-01
  4442.977 9.964E-01
  4443.148 9.942E-01
  4443.320 9.921E-01
  4443.492 9.904E-01
  4443.663 9.891E-01
  4443.835 9.882E-01
  4444.006 9.879E-01
  4444.178 9.885E-01
  4444.350 9.898E-01
  4444.521 9.917E-01
  4444.693 9.938E-01
  4444.864 9.953E-01
  4445.036 9.962E-01
  4445.208 9.968E-01
  4445.379 9.969E-01
  4445.551 9.966E-01
  4445.722 9.961E-01
  4445.894 9.956E-01
  4446.066 9.954E-01
  4446.237 9.954E-01
  4446.409 9.955E-01
  4446.580 9.957E-01
  4446.752 9.961E-01
  4446.924 9.967E-01
  4447.095 9.974E-01
  4447.267 9.979E-01
  4447.438 9.981E-01
  4447.610 9.981E-01
  4447.782 9.979E-01
  4447.953 9.978E-01
  4448.125 9.977E-01
  4448.296 9.977E-01
  4448.468 9.977E-01
  4448.640 9.975E-01
  4448.811 9.970E-01
  4448.983 9.965E-01
  4449.154 9.961E-01
  4449.326 9.959E-01
  4449.498 9.956E-01
  4449.669 9.952E-01
  4449.841 9.947E-01
  4450.012 9.946E-01
  4450.184 9.948E-01
  4450.356 9.950E-01
  4450.527 9.947E-01
  4450.699 9.932E-01
  4450.870 9.911E-01
  4451.042 9.893E-01
  4451.214 9.882E-01
  4451.385 9.877E-01
  4451.557 9.876E-01
  4451.728 9.881E-01
  4451.900 9.892E-01
  4452.072 9.911E-01
  4452.243 9.936E-01
  4452.415 9.960E-01
  4452.586 9.973E-01
  4452.758 9.979E-01
  4452.930 9.980E-01
  4453.101 9.981E-01
  4453.273 9.981E-01
  4453.444 9.982E-01
  4453.616 9.984E-01
  4453.788 9.986E-01
  4453.959 9.989E-01
  4454.131 9.988E-01
  4454.302 9.979E-01
  4454.474 9.961E-01
  4454.646 9.941E-01
  4454.817 9.924E-01
  4454.989 9.912E-01
  4455.160 9.906E-01
  4455.332 9.905E-01
  4455.504 9.908E-01
  4455.675 9.916E-01
  4455.847 9.930E-01
  4456.018 9.947E-01
  4456.190 9.963E-01
  4456.362 9.972E-01
  4456.533 9.976E-01
  4456.705 9.978E-01
  4456.876 9.980E-01
  4457.048 9.983E-01
  4457.220 9.986E-01
  4457.391 9.989E-01
  4457.563 9.990E-01
  4457.734 9.991E-01
  4457.906 9.991E-01
  4458.078 9.991E-01
  4458.249 9.991E-01
  4458.421 9.990E-01
  4458.592 9.990E-01
  4458.764 9.989E-01
  4458.936 9.988E-01
  4459.107 9.986E-01
  4459.279 9.985E-01
  4459.450 9.985E-01
  4459.622 9.985E-01
  4459.794 9.985E-01
  4459.965 9.985E-01
  4460.137 9.985E-01
  4460.308 9.984E-01
  4460.480 9.981E-01
  4460.652 9.972E-01
  4460.823 9.956E-01
  4460.995 9.935E-01
  4461.166 9.916E-01
  4461.338 9.903E-01
  4461.510 9.897E-01
  4461.681 9.896E-01
  4461.853 9.901E-01
  4462.024 9.912E-01
  4462.196 9.929E-01
  4462.368 9.948E-01
  4462.539 9.964E-01
  4462.711 9.973E-01
  4462.882 9.972E-01
  4463.054 9.968E-01
  4463.226 9.964E-01
  4463.397 9.961E-01
  4463.569 9.958E-01
  4463.740 9.957E-01
  4463.912 9.956E-01
  4464.084 9.958E-01
  4464.255 9.961E-01
  4464.427 9.964E-01
  4464.598 9.966E-01
  4464.770 9.965E-01
  4464.942 9.963E-01
  4465.113 9.961E-01
  4465.285 9.959E-01
  4465.456 9.957E-01
  4465.628 9.954E-01
  4465.800 9.951E-01
  4465.971 9.948E-01
  4466.143 9.946E-01
  4466.314 9.944E-01
  4466.486 9.941E-01
  4466.658 9.938E-01
  4466.829 9.934E-01
  4467.001 9.927E-01
  4467.172 9.919E-01
  4467.344 9.906E-01
  4467.516 9.886E-01
  4467.687 9.854E-01
  4467.859 9.820E-01
  4468.030 9.789E-01
  4468.202 9.764E-01
  4468.374 9.746E-01
  4468.545 9.733E-01
  4468.717 9.723E-01
  4468.888 9.715E-01
  4469.060 9.708E-01
  4469.232 9.697E-01
  4469.403 9.680E-01
  4469.575 9.650E-01
  4469.746 9.614E-01
  4469.918 9.576E-01
  4470.090 9.535E-01
  4470.261 9.477E-01
  4470.433 9.383E-01
  4470.604 9.235E-01
  4470.776 9.041E-01
  4470.948 8.839E-01
  4471.119 8.666E-01
  4471.291 8.544E-01
  4471.462 8.486E-01
  4471.634 8.498E-01
  4471.806 8.581E-01
  4471.977 8.727E-01
  4472.149 8.922E-01
  4472.320 9.135E-01
  4472.492 9.328E-01
  4472.664 9.471E-01
  4472.835 9.569E-01
  4473.007 9.637E-01
  4473.178 9.689E-01
  4473.350 9.733E-01
  4473.522 9.775E-01
  4473.693 9.815E-01
  4473.865 9.849E-01
  4474.036 9.872E-01
  4474.208 9.887E-01
  4474.380 9.898E-01
  4474.551 9.907E-01
  4474.723 9.915E-01
  4474.894 9.924E-01
  4475.066 9.932E-01
  4475.238 9.939E-01
  4475.409 9.943E-01
  4475.581 9.948E-01
  4475.752 9.952E-01
  4475.924 9.956E-01
  4476.096 9.960E-01
  4476.267 9.964E-01
  4476.439 9.968E-01
  4476.610 9.971E-01
  4476.782 9.974E-01
  4476.954 9.976E-01
  4477.125 9.978E-01
  4477.297 9.979E-01
  4477.468 9.980E-01
  4477.640 9.980E-01
  4477.812 9.979E-01
  4477.983 9.978E-01
  4478.155 9.976E-01
  4478.326 9.976E-01
  4478.498 9.975E-01
  4478.670 9.974E-01
  4478.841 9.974E-01
  4479.013 9.973E-01
  4479.184 9.972E-01
  4479.356 9.970E-01
  4479.528 9.968E-01
  4479.699 9.960E-01
  4479.871 9.936E-01
  4480.042 9.867E-01
  4480.214 9.705E-01
  4480.386 9.419E-01
  4480.557 9.058E-01
  4480.729 8.721E-01
  4480.900 8.471E-01
  4481.072 8.328E-01
  4481.244 8.295E-01
  4481.415 8.369E-01
  4481.587 8.550E-01
  4481.758 8.834E-01
  4481.930 9.190E-01
  4482.102 9.541E-01
  4482.273 9.796E-01
  4482.445 9.924E-01
  4482.616 9.970E-01
  4482.788 9.981E-01
  4482.960 9.982E-01
  4483.131 9.982E-01
  4483.303 9.981E-01
  4483.474 9.981E-01
  4483.646 9.982E-01
  4483.818 9.984E-01
  4483.989 9.986E-01
  4484.161 9.989E-01
  4484.332 9.992E-01
  4484.504 9.994E-01
  4484.676 9.995E-01
  4484.847 9.995E-01
  4485.019 9.996E-01
  4485.190 9.996E-01
  4485.362 9.995E-01
  4485.534 9.994E-01
  4485.705 9.993E-01
  4485.877 9.990E-01
  4486.048 9.987E-01
  4486.220 9.985E-01
  4486.392 9.983E-01
  4486.563 9.982E-01
  4486.735 9.979E-01
  4486.906 9.977E-01
  4487.078 9.976E-01
  4487.250 9.976E-01
  4487.421 9.976E-01
  4487.593 9.974E-01
  4487.764 9.971E-01
  4487.936 9.968E-01
  4488.108 9.958E-01
  4488.279 9.932E-01
  4488.451 9.884E-01
  4488.622 9.831E-01
  4488.794 9.789E-01
  4488.966 9.763E-01
  4489.137 9.752E-01
  4489.309 9.756E-01
  4489.480 9.773E-01
  4489.652 9.804E-01
  4489.824 9.851E-01
  4489.995 9.905E-01
  4490.167 9.948E-01
  4490.338 9.954E-01
  4490.510 9.915E-01
  4490.682 9.843E-01
  4490.853 9.771E-01
  4491.025 9.716E-01
  4491.196 9.682E-01
  4491.368 9.669E-01
  4491.540 9.677E-01
  4491.711 9.704E-01
  4491.883 9.754E-01
  4492.054 9.822E-01
  4492.226 9.897E-01
  4492.398 9.954E-01
  4492.569 9.979E-01
  4492.741 9.980E-01
  4492.912 9.973E-01
  4493.084 9.964E-01
  4493.256 9.958E-01
  4493.427 9.955E-01
  4493.599 9.953E-01
  4493.770 9.955E-01
  4493.942 9.959E-01
  4494.114 9.967E-01
  4494.285 9.976E-01
  4494.457 9.986E-01
  4494.628 9.992E-01
  4494.800 9.994E-01
  4494.972 9.994E-01
  4495.143 9.993E-01
  4495.315 9.993E-01
  4495.486 9.993E-01
  4495.658 9.993E-01
  4495.830 9.993E-01
  4496.001 9.994E-01
  4496.173 9.995E-01
  4496.344 9.996E-01
  4496.516 9.996E-01
  4496.688 9.996E-01
  4496.859 9.994E-01
  4497.031 9.992E-01
  4497.202 9.989E-01
  4497.374 9.987E-01
  4497.546 9.986E-01
  4497.717 9.986E-01
  4497.889 9.986E-01
  4498.060 9.986E-01
  4498.232 9.987E-01
  4498.404 9.987E-01
  4498.575 9.986E-01
  4498.747 9.983E-01
  4498.918 9.978E-01
  4499.090 9.972E-01
  4499.262 9.967E-01
  4499.433 9.965E-01
  4499.605 9.964E-01
  4499.776 9.965E-01
  4499.948 9.968E-01
  4500.120 9.969E-01
  4500.291 9.965E-01
  4500.463 9.954E-01
  4500.634 9.938E-01
  4500.806 9.922E-01
  4500.978 9.911E-01
  4501.149 9.904E-01
  4501.321 9.903E-01
  4501.492 9.908E-01
  4501.664 9.919E-01
  4501.836 9.936E-01
  4502.007 9.957E-01
  4502.179 9.978E-01
  4502.350 9.990E-01
  4502.522 9.996E-01
  4502.694 9.997E-01
  4502.865 9.997E-01
  4503.037 9.997E-01
  4503.208 9.997E-01
  4503.380 9.997E-01
  4503.552 9.996E-01
  4503.723 9.995E-01
  4503.895 9.994E-01
  4504.066 9.994E-01
  4504.238 9.994E-01
  4504.410 9.994E-01
  4504.581 9.994E-01
  4504.753 9.994E-01
  4504.924 9.995E-01
  4505.096 9.996E-01
  4505.268 9.997E-01
  4505.439 9.998E-01
  4505.611 9.998E-01
  4505.782 9.998E-01
  4505.954 9.997E-01
  4506.126 9.996E-01
  4506.297 9.992E-01
  4506.469 9.987E-01
  4506.640 9.982E-01
  4506.812 9.978E-01
  4506.984 9.971E-01
  4507.155 9.951E-01
  4507.327 9.902E-01
  4507.498 9.816E-01
  4507.670 9.724E-01
  4507.842 9.651E-01
  4508.013 9.604E-01
  4508.185 9.582E-01
  4508.356 9.582E-01
  4508.528 9.605E-01
  4508.700 9.655E-01
  4508.871 9.732E-01
  4509.043 9.826E-01
  4509.214 9.912E-01
  4509.386 9.960E-01
  4509.558 9.978E-01
  4509.729 9.982E-01
  4509.901 9.984E-01
  4510.072 9.985E-01
  4510.244 9.987E-01
  4510.416 9.987E-01
  4510.587 9.987E-01
  4510.759 9.987E-01
  4510.930 9.987E-01
  4511.102 9.985E-01
  4511.274 9.983E-01
  4511.445 9.980E-01
  4511.617 9.975E-01
  4511.788 9.969E-01
  4511.960 9.964E-01
  4512.132 9.960E-01
  4512.303 9.959E-01
  4512.475 9.961E-01
  4512.646 9.965E-01
  4512.818 9.971E-01
  4512.990 9.977E-01
  4513.161 9.984E-01
  4513.333 9.990E-01
  4513.504 9.995E-01
  4513.676 9.997E-01
  4513.848 9.997E-01
  4514.019 9.994E-01
  4514.191 9.978E-01
  4514.362 9.935E-01
  4514.534 9.852E-01
  4514.706 9.756E-01
  4514.877 9.671E-01
  4515.049 9.611E-01
  4515.220 9.578E-01
  4515.392 9.571E-01
  4515.564 9.590E-01
  4515.735 9.637E-01
  4515.907 9.712E-01
  4516.078 9.807E-01
  4516.250 9.900E-01
  4516.422 9.958E-01
  4516.593 9.984E-01
  4516.765 9.993E-01
  4516.936 9.995E-01
  4517.108 9.996E-01
  4517.280 9.997E-01
  4517.451 9.997E-01
  4517.623 9.997E-01
  4517.794 9.997E-01
  4517.966 9.997E-01
  4518.138 9.996E-01
  4518.309 9.995E-01
  4518.481 9.994E-01
  4518.652 9.993E-01
  4518.824 9.992E-01
  4518.996 9.985E-01
  4519.167 9.963E-01
  4519.339 9.914E-01
  4519.510 9.838E-01
  4519.682 9.764E-01
  4519.854 9.707E-01
  4520.025 9.672E-01
  4520.197 9.658E-01
  4520.368 9.665E-01
  4520.540 9.693E-01
  4520.712 9.742E-01
  4520.883 9.811E-01
  4521.055 9.889E-01
  4521.226 9.950E-01
  4521.398 9.973E-01
  4521.570 9.950E-01
  4521.741 9.876E-01
  4521.913 9.758E-01
  4522.084 9.639E-01
  4522.256 9.546E-01
  4522.428 9.489E-01
  4522.599 9.465E-01
  4522.771 9.474E-01
  4522.942 9.516E-01
  4523.114 9.592E-01
  4523.286 9.700E-01
  4523.457 9.821E-01
  4523.629 9.919E-01
  4523.800 9.966E-01
  4523.972 9.974E-01
  4524.144 9.962E-01
  4524.315 9.944E-01
  4524.487 9.928E-01
  4524.658 9.917E-01
  4524.830 9.912E-01
  4525.002 9.912E-01
  4525.173 9.917E-01
  4525.345 9.928E-01
  4525.516 9.941E-01
  4525.688 9.956E-01
  4525.860 9.969E-01
  4526.031 9.978E-01
  4526.203 9.981E-01
  4526.374 9.982E-01
  4526.546 9.982E-01
  4526.718 9.984E-01
  4526.889 9.986E-01
  4527.061 9.989E-01
  4527.232 9.992E-01
  4527.404 9.995E-01
  4527.576 9.997E-01
  4527.747 9.996E-01
  4527.919 9.994E-01
  4528.090 9.991E-01
  4528.262 9.985E-01
  4528.434 9.977E-01
  4528.605 9.968E-01
  4528.777 9.959E-01
  4528.948 9.952E-01
  4529.120 9.948E-01
  4529.292 9.948E-01
  4529.463 9.950E-01
  4529.635 9.955E-01
  4529.806 9.962E-01
  4529.978 9.970E-01
  4530.150 9.979E-01
  4530.321 9.986E-01
  4530.493 9.991E-01
  4530.664 9.993E-01
  4530.836 9.993E-01
  4531.008 9.994E-01
  4531.179 9.993E-01
  4531.351 9.993E-01
  4531.522 9.992E-01
  4531.694 9.991E-01
  4531.866 9.990E-01
  4532.037 9.990E-01
  4532.209 9.990E-01
  4532.380 9.990E-01
  4532.552 9.990E-01
  4532.724 9.988E-01
  4532.895 9.980E-01
  4533.067 9.956E-01
  4533.238 9.913E-01
  4533.410 9.854E-01
  4533.582 9.797E-01
  4533.753 9.753E-01
  4533.925 9.727E-01
  4534.096 9.718E-01
  4534.268 9.727E-01
  4534.440 9.754E-01
  4534.611 9.797E-01
  4534.783 9.854E-01
  4534.954 9.913E-01
  4535.126 9.960E-01
  4535.298 9.986E-01
  4535.469 9.996E-01
  4535.641 9.998E-01
  4535.812 9.999E-01
  4535.984 9.999E-01
  4536.156 9.999E-01
  4536.327 9.999E-01
  4536.499 9.999E-01
  4536.670 9.999E-01
  4536.842 9.999E-01
  4537.014 9.999E-01
  4537.185 9.999E-01
  4537.357 9.999E-01
  4537.528 9.999E-01
  4537.700 9.999E-01
  4537.872 9.998E-01
  4538.043 9.998E-01
  4538.215 9.997E-01
  4538.386 9.996E-01
  4538.558 9.995E-01
  4538.730 9.994E-01
  4538.901 9.991E-01
  4539.073 9.988E-01
  4539.244 9.986E-01
  4539.416 9.986E-01
  4539.588 9.986E-01
  4539.759 9.986E-01
  4539.931 9.987E-01
  4540.102 9.988E-01
  4540.274 9.986E-01
  4540.446 9.974E-01
  4540.617 9.943E-01
  4540.789 9.892E-01
  4540.960 9.840E-01
  4541.132 9.800E-01
  4541.304 9.775E-01
  4541.475 9.765E-01
  4541.647 9.769E-01
  4541.818 9.788E-01
  4541.990 9.821E-01
  4542.162 9.867E-01
  4542.333 9.920E-01
  4542.505 9.965E-01
  4542.676 9.989E-01
  4542.848 9.998E-01
  4543.020 9.999E-01
  4543.191 9.999E-01
  4543.363 9.999E-01
  4543.534 9.999E-01
  4543.706 9.999E-01
  4543.878 9.998E-01
  4544.049 9.998E-01
  4544.221 9.996E-01
  4544.392 9.994E-01
  4544.564 9.992E-01
  4544.736 9.990E-01
  4544.907 9.989E-01
  4545.079 9.988E-01
  4545.250 9.988E-01
  4545.422 9.989E-01
  4545.594 9.990E-01
  4545.765 9.992E-01
  4545.937 9.994E-01
  4546.108 9.995E-01
  4546.280 9.996E-01
  4546.452 9.995E-01
  4546.623 9.994E-01
  4546.795 9.994E-01
  4546.966 9.993E-01
  4547.138 9.994E-01
  4547.310 9.994E-01
  4547.481 9.995E-01
  4547.653 9.996E-01
  4547.824 9.996E-01
  4547.996 9.991E-01
  4548.168 9.971E-01
  4548.339 9.915E-01
  4548.511 9.800E-01
  4548.682 9.618E-01
  4548.854 9.409E-01
  4549.026 9.230E-01
  4549.197 9.106E-01
  4549.369 9.044E-01
  4549.540 9.043E-01
  4549.712 9.100E-01
  4549.884 9.218E-01
  4550.055 9.389E-01
  4550.227 9.591E-01
  4550.398 9.783E-01
  4550.570 9.912E-01
  4550.742 9.971E-01
  4550.913 9.991E-01
  4551.085 9.995E-01
  4551.256 9.995E-01
  4551.428 9.991E-01
  4551.600 9.980E-01
  4551.771 9.963E-01
  4551.943 9.944E-01
  4552.114 9.927E-01
  4552.286 9.915E-01
  4552.458 9.906E-01
  4552.629 9.902E-01
  4552.801 9.904E-01
  4552.972 9.913E-01
  4553.144 9.928E-01
  4553.316 9.946E-01
  4553.487 9.964E-01
  4553.659 9.975E-01
  4553.830 9.979E-01
  4554.002 9.977E-01
  4554.174 9.966E-01
  4554.345 9.949E-01
  4554.517 9.931E-01
  4554.688 9.910E-01
  4554.860 9.875E-01
  4555.032 9.808E-01
  4555.203 9.713E-01
  4555.375 9.624E-01
  4555.546 9.562E-01
  4555.718 9.533E-01
  4555.890 9.532E-01
  4556.061 9.552E-01
  4556.233 9.592E-01
  4556.404 9.656E-01
  4556.576 9.745E-01
  4556.748 9.847E-01
  4556.919 9.932E-01
  4557.091 9.977E-01
  4557.262 9.993E-01
  4557.434 9.990E-01
  4557.606 9.966E-01
  4557.777 9.912E-01
  4557.949 9.833E-01
  4558.120 9.757E-01
  4558.292 9.700E-01
  4558.464 9.664E-01
  4558.635 9.650E-01
  4558.807 9.656E-01
  4558.978 9.684E-01
  4559.150 9.734E-01
  4559.322 9.804E-01
  4559.493 9.884E-01
  4559.665 9.949E-01
  4559.836 9.983E-01
  4560.008 9.995E-01
  4560.180 9.999E-01
  4560.351 1.000E+00
  4560.523 1.000E+00
  4560.694 1.000E+00
  4560.866 1.000E+00
  4561.038 1.000E+00
  4561.209 1.000E+00
  4561.381 1.000E+00
  4561.552 1.000E+00
  4561.724 1.000E+00
  4561.896 1.000E+00
  4562.067 1.000E+00
  4562.239 1.000E+00
  4562.410 1.000E+00
  4562.582 9.996E-01
  4562.754 9.987E-01
  4562.925 9.970E-01
  4563.097 9.949E-01
  4563.268 9.931E-01
  4563.440 9.919E-01
  4563.612 9.911E-01
  4563.783 9.909E-01
  4563.955 9.913E-01
  4564.126 9.921E-01
  4564.298 9.935E-01
  4564.470 9.953E-01
  4564.641 9.971E-01
  4564.813 9.980E-01
  4564.984 9.979E-01
  4565.156 9.975E-01
  4565.328 9.971E-01
  4565.499 9.969E-01
  4565.671 9.969E-01
  4565.842 9.971E-01
  4566.014 9.974E-01
  4566.186 9.978E-01
  4566.357 9.985E-01
  4566.529 9.992E-01
  4566.700 9.997E-01
  4566.872 9.997E-01
  4567.044 9.991E-01
  4567.215 9.983E-01
  4567.387 9.975E-01
  4567.558 9.970E-01
  4567.730 9.966E-01
  4567.902 9.966E-01
  4568.073 9.967E-01
  4568.245 9.970E-01
  4568.416 9.976E-01
  4568.588 9.984E-01
  4568.760 9.992E-01
  4568.931 9.997E-01
  4569.103 9.999E-01
  4569.274 1.000E+00
  4569.446 1.000E+00
  4569.618 1.000E+00
  4569.789 1.000E+00
  4569.961 1.000E+00
  4570.132 1.000E+00
  4570.304 1.000E+00
  4570.476 1.000E+00
  4570.647 1.000E+00
  4570.819 9.998E-01
  4570.990 9.985E-01
  4571.162 9.960E-01
  4571.334 9.931E-01
  4571.505 9.906E-01
  4571.677 9.888E-01
  4571.848 9.878E-01
  4572.020 9.875E-01
  4572.192 9.880E-01
  4572.363 9.893E-01
  4572.535 9.914E-01
  4572.706 9.942E-01
  4572.878 9.971E-01
  4573.050 9.989E-01
  4573.221 9.998E-01
  4573.393 1.000E+00
  4573.564 1.000E+00
  4573.736 1.000E+00
  4573.908 9.999E-01
  4574.079 9.996E-01
  4574.251 9.992E-01
  4574.422 9.990E-01
  4574.594 9.989E-01
  4574.766 9.988E-01
  4574.937 9.988E-01
  4575.109 9.984E-01
  4575.280 9.968E-01
  4575.452 9.931E-01
  4575.624 9.879E-01
  4575.795 9.830E-01
  4575.967 9.792E-01
  4576.138 9.769E-01
  4576.310 9.761E-01
  4576.482 9.767E-01
  4576.653 9.788E-01
  4576.825 9.824E-01
  4576.996 9.874E-01
  4577.168 9.928E-01
  4577.340 9.971E-01
  4577.511 9.993E-01
  4577.683 1.000E+00
  4577.854 1.000E+00
  4578.026 1.000E+00
  4578.198 1.000E+00
  4578.369 1.000E+00
  4578.541 1.000E+00
  4578.712 9.995E-01
  4578.884 9.986E-01
  4579.056 9.973E-01
  4579.227 9.955E-01
  4579.399 9.934E-01
  4579.570 9.917E-01
  4579.742 9.907E-01
  4579.914 9.904E-01
  4580.085 9.907E-01
  4580.257 9.916E-01
  4580.428 9.931E-01
  4580.600 9.948E-01
  4580.772 9.967E-01
  4580.943 9.986E-01
  4581.115 9.999E-01
  4581.286 1.000E+00
  4581.458 1.000E+00
  4581.630 9.998E-01
  4581.801 9.978E-01
  4581.973 9.940E-01
  4582.144 9.894E-01
  4582.316 9.851E-01
  4582.488 9.815E-01
  4582.659 9.770E-01
  4582.831 9.692E-01
  4583.002 9.567E-01
  4583.174 9.435E-01
  4583.346 9.337E-01
  4583.517 9.290E-01
  4583.689 9.287E-01
  4583.860 9.311E-01
  4584.032 9.358E-01
  4584.204 9.437E-01
  4584.375 9.555E-01
  4584.547 9.704E-01
  4584.718 9.851E-01
  4584.890 9.947E-01
  4585.062 9.990E-01
  4585.233 1.000E+00
  4585.405 1.001E+00
  4585.576 1.001E+00
  4585.748 1.001E+00
  4585.920 1.001E+00
  4586.091 1.001E+00
  4586.263 1.001E+00
  4586.434 1.001E+00
  4586.606 1.001E+00
  4586.778 1.001E+00
  4586.949 1.000E+00
  4587.121 9.987E-01
  4587.292 9.951E-01
  4587.464 9.891E-01
  4587.636 9.828E-01
  4587.807 9.777E-01
  4587.979 9.745E-01
  4588.150 9.729E-01
  4588.322 9.730E-01
  4588.494 9.747E-01
  4588.665 9.781E-01
  4588.837 9.831E-01
  4589.008 9.889E-01
  4589.180 9.941E-01
  4589.352 9.968E-01
  4589.523 9.976E-01
  4589.695 9.975E-01
  4589.866 9.974E-01
  4590.038 9.973E-01
  4590.210 9.973E-01
  4590.381 9.975E-01
  4590.553 9.980E-01
  4590.724 9.985E-01
  4590.896 9.987E-01
  4591.068 9.979E-01
  4591.239 9.959E-01
  4591.411 9.935E-01
  4591.582 9.916E-01
  4591.754 9.903E-01
  4591.926 9.897E-01
  4592.097 9.896E-01
  4592.269 9.902E-01
  4592.440 9.913E-01
  4592.612 9.931E-01
  4592.784 9.954E-01
  4592.955 9.977E-01
  4593.127 9.991E-01
  4593.298 9.997E-01
  4593.470 9.998E-01
  4593.642 9.998E-01
  4593.813 9.999E-01
  4593.985 1.000E+00
  4594.156 1.000E+00
  4594.328 1.000E+00
  4594.500 1.001E+00
  4594.671 1.001E+00
  4594.843 1.000E+00
  4595.014 9.988E-01
  4595.186 9.966E-01
  4595.358 9.940E-01
  4595.529 9.917E-01
  4595.701 9.902E-01
  4595.872 9.893E-01
  4596.044 9.892E-01
  4596.216 9.899E-01
  4596.387 9.913E-01
  4596.559 9.933E-01
  4596.730 9.958E-01
  4596.902 9.983E-01
  4597.074 1.000E+00
  4597.245 1.001E+00
  4597.417 1.001E+00
  4597.588 1.000E+00
  4597.760 9.993E-01
  4597.932 9.983E-01
  4598.103 9.974E-01
  4598.275 9.969E-01
  4598.446 9.966E-01
  4598.618 9.967E-01
  4598.790 9.970E-01
  4598.961 9.977E-01
  4599.133 9.986E-01
  4599.304 9.997E-01
  4599.476 1.001E+00
  4599.648 1.001E+00
  4599.819 1.001E+00
  4599.991 1.002E+00
