  3980.000 8.443E-01
  3981.716 8.826E-01
  3983.432 8.986E-01
  3985.148 9.138E-01
  3986.864 9.283E-01
  3988.580 9.407E-01
  3990.296 9.504E-01
  3992.012 9.575E-01
  3993.728 9.630E-01
  3995.444 9.670E-01
  3997.160 9.698E-01
  3998.876 9.715E-01
  4000.592 9.713E-01
  4002.308 9.676E-01
  4004.024 9.630E-01
  4005.740 9.595E-01
  4007.456 9.575E-01
  4009.172 9.570E-01
  4010.888 9.583E-01
  4012.604 9.607E-01
  4014.320 9.640E-01
  4016.036 9.661E-01
  4017.752 9.610E-01
  4019.468 9.407E-01
  4021.184 9.193E-01
  4022.900 9.038E-01
  4024.616 8.951E-01
  4026.332 8.930E-01
  4028.048 8.979E-01
  4029.764 9.098E-01
  4031.480 9.286E-01
  4033.196 9.528E-01
  4034.912 9.746E-01
  4036.628 9.835E-01
  4038.344 9.870E-01
  4040.060 9.888E-01
  4041.776 9.899E-01
  4043.492 9.905E-01
  4045.208 9.909E-01
  4046.924 9.911E-01
  4048.640 9.913E-01
  4050.356 9.913E-01
  4052.072 9.912E-01
  4053.788 9.909E-01
  4055.504 9.905E-01
  4057.220 9.901E-01
  4058.936 9.894E-01
  4060.652 9.879E-01
  4062.368 9.864E-01
  4064.084 9.850E-01
  4065.800 9.833E-01
  4067.516 9.803E-01
  4069.232 9.759E-01
  4070.948 9.718E-01
  4072.664 9.683E-01
  4074.380 9.651E-01
  4076.096 9.618E-01
  4077.812 9.576E-01
  4079.528 9.527E-01
  4081.244 9.467E-01
  4082.960 9.392E-01
  4084.676 9.278E-01
  4086.392 9.108E-01
  4088.108 8.880E-01
  4089.824 8.583E-01
  4091.540 8.195E-01
  4093.256 7.703E-01
  4094.972 7.112E-01
  4096.688 6.541E-01
  4098.404 6.081E-01
  4100.120 5.792E-01
  4101.836 5.702E-01
  4103.552 5.822E-01
  4105.268 6.138E-01
  4106.984 6.618E-01
  4108.700 7.197E-01
  4110.416 7.783E-01
  4112.132 8.260E-01
  4113.848 8.599E-01
  4115.564 8.858E-01
  4117.280 9.059E-01
  4118.996 9.214E-01
  4120.712 9.322E-01
  4122.428 9.405E-01
  4124.144 9.453E-01
  4125.860 9.504E-01
  4127.576 9.563E-01
  4129.292 9.633E-01
  4131.008 9.667E-01
  4132.724 9.696E-01
  4134.440 9.714E-01
  4136.156 9.688E-01
  4137.872 9.627E-01
  4139.588 9.587E-01
  4141.304 9.550E-01
  4143.020 9.533E-01
  4144.736 9.541E-01
  4146.452 9.569E-01
  4148.168 9.624E-01
  4149.884 9.707E-01
  4151.600 9.814E-01
  4153.316 9.888E-01
  4155.032 9.909E-01
  4156.748 9.915E-01
  4158.464 9.919E-01
  4160.180 9.921E-01
  4161.896 9.911E-01
  4163.612 9.900E-01
  4165.328 9.893E-01
  4167.044 9.887E-01
  4168.760 9.887E-01
  4170.476 9.894E-01
  4172.192 9.902E-01
  4173.908 9.909E-01
  4175.624 9.922E-01
  4177.340 9.941E-01
  4179.056 9.949E-01
  4180.772 9.955E-01
  4182.488 9.959E-01
  4184.204 9.960E-01
  4185.920 9.961E-01
  4187.636 9.963E-01
  4189.352 9.965E-01
  4191.068 9.967E-01
  4192.784 9.968E-01
  4194.500 9.969E-01
  4196.216 9.971E-01
  4197.932 9.975E-01
  4199.648 9.976E-01
  4201.364 9.977E-01
  4203.080 9.978E-01
  4204.796 9.979E-01
  4206.512 9.980E-01
  4208.228 9.981E-01
  4209.944 9.981E-01
  4211.660 9.980E-01
  4213.376 9.980E-01
  4215.092 9.979E-01
  4216.808 9.978E-01
  4218.524 9.977E-01
  4220.240 9.977E-01
  4221.956 9.978E-01
  4223.672 9.976E-01
  4225.388 9.973E-01
  4227.104 9.969E-01
  4228.820 9.965E-01
  4230.536 9.963E-01
  4232.252 9.963E-01
  4233.968 9.962E-01
  4235.684 9.959E-01
  4237.400 9.959E-01
  4239.116 9.961E-01
  4240.832 9.964E-01
  4242.548 9.967E-01
  4244.264 9.967E-01
  4245.980 9.967E-01
  4247.696 9.967E-01
  4249.412 9.968E-01
  4251.128 9.970E-01
  4252.844 9.968E-01
  4254.560 9.967E-01
  4256.276 9.966E-01
  4257.992 9.965E-01
  4259.708 9.936E-01
  4261.424 9.910E-01
  4263.140 9.892E-01
  4264.856 9.881E-01
  4266.572 9.876E-01
  4268.288 9.876E-01
  4270.004 9.880E-01
  4271.720 9.889E-01
  4273.436 9.907E-01
  4275.152 9.933E-01
  4276.868 9.951E-01
  4278.584 9.951E-01
  4280.300 9.949E-01
  4282.016 9.947E-01
  4283.732 9.945E-01
  4285.448 9.943E-01
  4287.164 9.937E-01
  4288.880 9.929E-01
  4290.596 9.924E-01
  4292.312 9.918E-01
  4294.028 9.912E-01
  4295.744 9.905E-01
  4297.460 9.897E-01
  4299.176 9.890E-01
  4300.892 9.883E-01
  4302.608 9.875E-01
  4304.324 9.865E-01
  4306.040 9.850E-01
  4307.756 9.832E-01
  4309.472 9.810E-01
  4311.188 9.783E-01
  4312.904 9.750E-01
  4314.620 9.709E-01
  4316.336 9.660E-01
  4318.052 9.598E-01
  4319.768 9.521E-01
  4321.484 9.422E-01
  4323.200 9.294E-01
  4324.916 9.129E-01
  4326.632 8.915E-01
  4328.348 8.637E-01
  4330.064 8.278E-01
  4331.780 7.820E-01
  4333.496 7.277E-01
  4335.212 6.765E-01
  4336.928 6.353E-01
  4338.644 6.085E-01
  4340.360 5.989E-01
  4342.076 6.070E-01
  4343.792 6.321E-01
  4345.508 6.719E-01
  4347.224 7.223E-01
  4348.940 7.766E-01
  4350.656 8.238E-01
  4352.372 8.610E-01
  4354.088 8.898E-01
  4355.804 9.121E-01
  4357.520 9.292E-01
  4359.236 9.424E-01
  4360.952 9.526E-01
  4362.668 9.603E-01
  4364.384 9.662E-01
  4366.100 9.709E-01
  4367.816 9.745E-01
  4369.532 9.775E-01
  4371.248 9.798E-01
  4372.964 9.817E-01
  4374.680 9.828E-01
  4376.396 9.828E-01
  4378.112 9.809E-01
  4379.828 9.734E-01
  4381.544 9.626E-01
  4383.260 9.535E-01
  4384.976 9.477E-01
  4386.692 9.449E-01
  4388.408 9.449E-01
  4390.124 9.480E-01
  4391.840 9.540E-01
  4393.556 9.628E-01
  4395.272 9.739E-01
  4396.988 9.862E-01
  4398.704 9.920E-01
  4400.420 9.943E-01
  4402.136 9.952E-01
  4403.852 9.956E-01
  4405.568 9.959E-01
  4407.284 9.960E-01
  4409.000 9.959E-01
  4410.716 9.958E-01
  4412.432 9.957E-01
  4414.148 9.957E-01
  4415.864 9.959E-01
  4417.580 9.961E-01
  4419.296 9.964E-01
  4421.012 9.966E-01
  4422.728 9.967E-01
  4424.444 9.969E-01
  4426.160 9.968E-01
  4427.876 9.964E-01
  4429.592 9.945E-01
  4431.308 9.925E-01
  4433.024 9.913E-01
  4434.740 9.906E-01
  4436.456 9.904E-01
  4438.172 9.905E-01
  4439.888 9.910E-01
  4441.604 9.920E-01
  4443.320 9.934E-01
  4445.036 9.951E-01
  4446.752 9.971E-01
  4448.468 9.974E-01
  4450.184 9.973E-01
  4451.900 9.972E-01
  4453.616 9.970E-01
  4455.332 9.964E-01
  4457.048 9.956E-01
  4458.764 9.939E-01
  4460.480 9.901E-01
  4462.196 9.810E-01
  4463.912 9.624E-01
  4465.628 9.454E-01
  4467.344 9.330E-01
  4469.060 9.256E-01
  4470.776 9.227E-01
  4472.492 9.221E-01
  4474.208 9.220E-01
  4475.924 9.284E-01
  4477.640 9.406E-01
  4479.356 9.568E-01
  4481.072 9.719E-01
  4482.788 9.775E-01
  4484.504 9.807E-01
  4486.220 9.840E-01
  4487.936 9.882E-01
  4489.652 9.939E-01
  4491.368 9.977E-01
  4493.084 9.982E-01
  4494.800 9.984E-01
  4496.516 9.986E-01
  4498.232 9.988E-01
  4499.948 9.987E-01
  4501.664 9.986E-01
  4503.380 9.985E-01
  4505.096 9.983E-01
  4506.812 9.982E-01
  4508.528 9.980E-01
  4510.244 9.979E-01
  4511.960 9.978E-01
  4513.676 9.977E-01
  4515.392 9.974E-01
  4517.108 9.967E-01
  4518.824 9.963E-01
  4520.540 9.959E-01
  4522.256 9.956E-01
  4523.972 9.956E-01
  4525.688 9.956E-01
  4527.404 9.957E-01
  4529.120 9.961E-01
  4530.836 9.967E-01
  4532.552 9.975E-01
  4534.268 9.983E-01
  4535.984 9.985E-01
  4537.700 9.988E-01
  4539.416 9.990E-01
  4541.132 9.987E-01
  4542.848 9.983E-01
  4544.564 9.974E-01
  4546.280 9.966E-01
  4547.996 9.958E-01
  4549.712 9.954E-01
  4551.428 9.950E-01
  4553.144 9.950E-01
  4554.860 9.953E-01
  4556.576 9.959E-01
  4558.292 9.969E-01
  4560.008 9.974E-01
  4561.724 9.981E-01
  4563.440 9.982E-01
  4565.156 9.983E-01
  4566.872 9.983E-01
  4568.588 9.982E-01
  4570.304 9.982E-01
  4572.020 9.982E-01
  4573.736 9.983E-01
  4575.452 9.983E-01
  4577.168 9.984E-01
  4578.884 9.982E-01
  4580.600 9.980E-01
  4582.316 9.978E-01
  4584.032 9.978E-01
  4585.748 9.977E-01
  4587.464 9.977E-01
  4589.180 9.978E-01
  4590.896 9.980E-01
  4592.612 9.984E-01
  4594.328 9.987E-01
  4596.044 9.989E-01
  4597.760 9.993E-01
  4599.476 9.994E-01
