  3980.000 8.397E-01
  3981.430 8.731E-01
  3982.860 8.880E-01
  3984.290 9.025E-01
  3985.720 9.165E-01
  3987.150 9.290E-01
  3988.580 9.389E-01
  3990.010 9.463E-01
  3991.440 9.524E-01
  3992.870 9.570E-01
  3994.300 9.609E-01
  3995.730 9.640E-01
  3997.160 9.664E-01
  3998.590 9.680E-01
  4000.020 9.683E-01
  4001.450 9.669E-01
  4002.880 9.617E-01
  4004.310 9.538E-01
  4005.740 9.469E-01
  4007.170 9.419E-01
  4008.600 9.397E-01
  4010.030 9.402E-01
  4011.460 9.430E-01
  4012.890 9.480E-01
  4014.320 9.544E-01
  4015.750 9.603E-01
  4017.180 9.603E-01
  4018.610 9.494E-01
  4020.040 9.237E-01
  4021.470 8.911E-01
  4022.900 8.645E-01
  4024.330 8.473E-01
  4025.760 8.404E-01
  4027.190 8.439E-01
  4028.620 8.579E-01
  4030.050 8.817E-01
  4031.480 9.136E-01
  4032.910 9.469E-01
  4034.340 9.673E-01
  4035.770 9.768E-01
  4037.200 9.814E-01
  4038.630 9.840E-01
  4040.060 9.858E-01
  4041.490 9.870E-01
  4042.920 9.879E-01
  4044.350 9.885E-01
  4045.780 9.891E-01
  4047.210 9.896E-01
  4048.640 9.900E-01
  4050.070 9.902E-01
  4051.500 9.902E-01
  4052.930 9.900E-01
  4054.360 9.897E-01
  4055.790 9.893E-01
  4057.220 9.889E-01
  4058.650 9.884E-01
  4060.080 9.878E-01
  4061.510 9.867E-01
  4062.940 9.857E-01
  4064.370 9.842E-01
  4065.800 9.826E-01
  4067.230 9.807E-01
  4068.660 9.767E-01
  4070.090 9.701E-01
  4071.520 9.643E-01
  4072.950 9.596E-01
  4074.380 9.559E-01
  4075.810 9.527E-01
  4077.240 9.501E-01
  4078.670 9.477E-01
  4080.100 9.454E-01
  4081.530 9.435E-01
  4082.960 9.388E-01
  4084.390 9.293E-01
  4085.820 9.166E-01
  4087.250 9.007E-01
  4088.680 8.809E-01
  4090.110 8.563E-01
  4091.540 8.261E-01
  4092.970 7.892E-01
  4094.400 7.448E-01
  4095.830 6.926E-01
  4097.260 6.413E-01
  4098.690 5.990E-01
  4100.120 5.709E-01
  4101.550 5.597E-01
  4102.980 5.667E-01
  4104.410 5.912E-01
  4105.840 6.305E-01
  4107.270 6.803E-01
  4108.700 7.336E-01
  4110.130 7.802E-01
  4111.560 8.191E-01
  4112.990 8.507E-01
  4114.420 8.729E-01
  4115.850 8.880E-01
  4117.280 9.009E-01
  4118.710 9.120E-01
  4120.140 9.216E-01
  4121.570 9.294E-01
  4123.000 9.360E-01
  4124.430 9.418E-01
  4125.860 9.478E-01
  4127.290 9.553E-01
  4128.720 9.610E-01
  4130.150 9.637E-01
  4131.580 9.663E-01
  4133.010 9.689E-01
  4134.440 9.716E-01
  4135.870 9.717E-01
  4137.300 9.642E-01
  4138.730 9.513E-01
  4140.160 9.400E-01
  4141.590 9.322E-01
  4143.020 9.285E-01
  4144.450 9.287E-01
  4145.880 9.332E-01
  4147.310 9.412E-01
  4148.740 9.536E-01
  4150.170 9.692E-01
  4151.600 9.814E-01
  4153.030 9.863E-01
  4154.460 9.889E-01
  4155.890 9.901E-01
  4157.320 9.904E-01
  4158.750 9.906E-01
  4160.180 9.912E-01
  4161.610 9.908E-01
  4163.040 9.884E-01
  4164.470 9.865E-01
  4165.900 9.854E-01
  4167.330 9.851E-01
  4168.760 9.852E-01
  4170.190 9.861E-01
  4171.620 9.869E-01
  4173.050 9.882E-01
  4174.480 9.903E-01
  4175.910 9.932E-01
  4177.340 9.944E-01
  4178.770 9.950E-01
  4180.200 9.956E-01
  4181.630 9.963E-01
  4183.060 9.962E-01
  4184.490 9.959E-01
  4185.920 9.958E-01
  4187.350 9.957E-01
  4188.780 9.957E-01
  4190.210 9.958E-01
  4191.640 9.961E-01
  4193.070 9.964E-01
  4194.500 9.967E-01
  4195.930 9.971E-01
  4197.360 9.975E-01
  4198.790 9.975E-01
  4200.220 9.976E-01
  4201.650 9.976E-01
  4203.080 9.977E-01
  4204.510 9.978E-01
  4205.940 9.979E-01
  4207.370 9.981E-01
  4208.800 9.982E-01
  4210.230 9.982E-01
  4211.660 9.980E-01
  4213.090 9.978E-01
  4214.520 9.978E-01
  4215.950 9.976E-01
  4217.380 9.975E-01
  4218.810 9.975E-01
  4220.240 9.975E-01
  4221.670 9.975E-01
  4223.100 9.976E-01
  4224.530 9.975E-01
  4225.960 9.972E-01
  4227.390 9.969E-01
  4228.820 9.967E-01
  4230.250 9.965E-01
  4231.680 9.964E-01
  4233.110 9.963E-01
  4234.540 9.964E-01
  4235.970 9.962E-01
  4237.400 9.962E-01
  4238.830 9.964E-01
  4240.260 9.965E-01
  4241.690 9.965E-01
  4243.120 9.965E-01
  4244.550 9.966E-01
  4245.980 9.967E-01
  4247.410 9.966E-01
  4248.840 9.967E-01
  4250.270 9.966E-01
  4251.700 9.964E-01
  4253.130 9.961E-01
  4254.560 9.960E-01
  4255.990 9.960E-01
  4257.420 9.961E-01
  4258.850 9.961E-01
  4260.280 9.941E-01
  4261.710 9.895E-01
  4263.140 9.861E-01
  4264.570 9.839E-01
  4266.000 9.826E-01
  4267.430 9.822E-01
  4268.860 9.826E-01
  4270.290 9.839E-01
  4271.720 9.860E-01
  4273.150 9.894E-01
  4274.580 9.942E-01
  4276.010 9.946E-01
  4277.440 9.945E-01
  4278.870 9.941E-01
  4280.300 9.938E-01
  4281.730 9.936E-01
  4283.160 9.936E-01
  4284.590 9.936E-01
  4286.020 9.934E-01
  4287.450 9.930E-01
  4288.880 9.922E-01
  4290.310 9.916E-01
  4291.740 9.910E-01
  4293.170 9.905E-01
  4294.600 9.900E-01
  4296.030 9.895E-01
  4297.460 9.890E-01
  4298.890 9.885E-01
  4300.320 9.880E-01
  4301.750 9.877E-01
  4303.180 9.867E-01
  4304.610 9.855E-01
  4306.040 9.841E-01
  4307.470 9.825E-01
  4308.900 9.807E-01
  4310.330 9.787E-01
  4311.760 9.761E-01
  4313.190 9.729E-01
  4314.620 9.693E-01
  4316.050 9.652E-01
  4317.480 9.604E-01
  4318.910 9.546E-01
  4320.340 9.477E-01
  4321.770 9.394E-01
  4323.200 9.292E-01
  4324.630 9.168E-01
  4326.060 9.013E-01
  4327.490 8.821E-01
  4328.920 8.582E-01
  4330.350 8.291E-01
  4331.780 7.938E-01
  4333.210 7.513E-01
  4334.640 7.023E-01
  4336.070 6.568E-01
  4337.500 6.203E-01
  4338.930 5.966E-01
  4340.360 5.880E-01
  4341.790 5.949E-01
  4343.220 6.169E-01
  4344.650 6.519E-01
  4346.080 6.964E-01
  4347.510 7.453E-01
  4348.940 7.893E-01
  4350.370 8.257E-01
  4351.800 8.557E-01
  4353.230 8.803E-01
  4354.660 9.003E-01
  4356.090 9.165E-01
  4357.520 9.297E-01
  4358.950 9.404E-01
  4360.380 9.489E-01
  4361.810 9.556E-01
  4363.240 9.611E-01
  4364.670 9.656E-01
  4366.100 9.689E-01
  4367.530 9.716E-01
  4368.960 9.740E-01
  4370.390 9.758E-01
  4371.820 9.775E-01
  4373.250 9.789E-01
  4374.680 9.800E-01
  4376.110 9.801E-01
  4377.540 9.790E-01
  4378.970 9.763E-01
  4380.400 9.690E-01
  4381.830 9.527E-01
  4383.260 9.363E-01
  4384.690 9.236E-01
  4386.120 9.159E-01
  4387.550 9.132E-01
  4388.980 9.153E-01
  4390.410 9.222E-01
  4391.840 9.333E-01
  4393.270 9.484E-01
  4394.700 9.668E-01
  4396.130 9.820E-01
  4397.560 9.888E-01
  4398.990 9.918E-01
  4400.420 9.932E-01
  4401.850 9.942E-01
  4403.280 9.948E-01
  4404.710 9.948E-01
  4406.140 9.948E-01
  4407.570 9.948E-01
  4409.000 9.945E-01
  4410.430 9.941E-01
  4411.860 9.939E-01
  4413.290 9.938E-01
  4414.720 9.939E-01
  4416.150 9.942E-01
  4417.580 9.948E-01
  4419.010 9.954E-01
  4420.440 9.957E-01
  4421.870 9.961E-01
  4423.300 9.965E-01
  4424.730 9.967E-01
  4426.160 9.966E-01
  4427.590 9.962E-01
  4429.020 9.957E-01
  4430.450 9.935E-01
  4431.880 9.899E-01
  4433.310 9.875E-01
  4434.740 9.859E-01
  4436.170 9.851E-01
  4437.600 9.850E-01
  4439.030 9.857E-01
  4440.460 9.869E-01
  4441.890 9.887E-01
  4443.320 9.913E-01
  4444.750 9.948E-01
  4446.180 9.962E-01
  4447.610 9.964E-01
  4449.040 9.963E-01
  4450.470 9.962E-01
  4451.900 9.960E-01
  4453.330 9.959E-01
  4454.760 9.956E-01
  4456.190 9.949E-01
  4457.620 9.935E-01
  4459.050 9.915E-01
  4460.480 9.882E-01
  4461.910 9.816E-01
  4463.340 9.683E-01
  4464.770 9.449E-01
  4466.200 9.184E-01
  4467.630 8.977E-01
  4469.060 8.841E-01
  4470.490 8.780E-01
  4471.920 8.789E-01
  4473.350 8.860E-01
  4474.780 8.946E-01
  4476.210 9.109E-01
  4477.640 9.330E-01
  4479.070 9.558E-01
  4480.500 9.675E-01
  4481.930 9.729E-01
  4483.360 9.766E-01
  4484.790 9.801E-01
  4486.220 9.844E-01
  4487.650 9.900E-01
  4489.080 9.966E-01
  4490.510 9.974E-01
  4491.940 9.977E-01
  4493.370 9.980E-01
  4494.800 9.982E-01
  4496.230 9.984E-01
  4497.660 9.986E-01
  4499.090 9.987E-01
  4500.520 9.988E-01
  4501.950 9.987E-01
  4503.380 9.987E-01
  4504.810 9.987E-01
  4506.240 9.984E-01
  4507.670 9.982E-01
  4509.100 9.980E-01
  4510.530 9.978E-01
  4511.960 9.977E-01
  4513.390 9.976E-01
  4514.820 9.977E-01
  4516.250 9.977E-01
  4517.680 9.972E-01
  4519.110 9.965E-01
  4520.540 9.961E-01
  4521.970 9.956E-01
  4523.400 9.951E-01
  4524.830 9.948E-01
  4526.260 9.948E-01
  4527.690 9.949E-01
  4529.120 9.952E-01
  4530.550 9.960E-01
  4531.980 9.970E-01
  4533.410 9.977E-01
  4534.840 9.981E-01
  4536.270 9.986E-01
  4537.700 9.990E-01
  4539.130 9.992E-01
  4540.560 9.993E-01
  4541.990 9.993E-01
  4543.420 9.990E-01
  4544.850 9.987E-01
  4546.280 9.972E-01
  4547.710 9.962E-01
  4549.140 9.956E-01
  4550.570 9.951E-01
  4552.000 9.949E-01
  4553.430 9.950E-01
  4554.860 9.953E-01
  4556.290 9.960E-01
  4557.720 9.969E-01
  4559.150 9.979E-01
  4560.580 9.987E-01
  4562.010 9.983E-01
  4563.440 9.981E-01
  4564.870 9.978E-01
  4566.300 9.977E-01
  4567.730 9.974E-01
  4569.160 9.972E-01
  4570.590 9.971E-01
  4572.020 9.973E-01
  4573.450 9.975E-01
  4574.880 9.981E-01
  4576.310 9.985E-01
  4577.740 9.984E-01
  4579.170 9.985E-01
  4580.600 9.986E-01
  4582.030 9.987E-01
  4583.460 9.987E-01
  4584.890 9.985E-01
  4586.320 9.984E-01
  4587.750 9.983E-01
  4589.180 9.983E-01
  4590.610 9.983E-01
  4592.040 9.984E-01
  4593.470 9.985E-01
  4594.900 9.987E-01
  4596.330 9.989E-01
  4597.760 9.992E-01
  4599.190 9.993E-01
