  3980.000 9.934E-01
  3981.144 9.925E-01
  3982.288 9.928E-01
  3983.432 9.934E-01
  3984.576 9.942E-01
  3985.720 9.952E-01
  3986.864 9.962E-01
  3988.008 9.975E-01
  3989.152 9.982E-01
  3990.296 9.980E-01
  3991.440 9.977E-01
  3992.584 9.975E-01
  3993.728 9.971E-01
  3994.872 9.966E-01
  3996.016 9.964E-01
  3997.160 9.964E-01
  3998.304 9.965E-01
  3999.448 9.962E-01
  4000.592 9.958E-01
  4001.736 9.952E-01
  4002.880 9.946E-01
  4004.024 9.920E-01
  4005.168 9.849E-01
  4006.312 9.799E-01
  4007.456 9.771E-01
  4008.600 9.763E-01
  4009.744 9.770E-01
  4010.888 9.790E-01
  4012.032 9.821E-01
  4013.176 9.870E-01
  4014.320 9.937E-01
  4015.464 9.976E-01
  4016.608 9.979E-01
  4017.752 9.972E-01
  4018.896 9.952E-01
  4020.040 9.902E-01
  4021.184 9.754E-01
  4022.328 9.551E-01
  4023.472 9.406E-01
  4024.616 9.318E-01
  4025.760 9.284E-01
  4026.904 9.300E-01
  4028.048 9.367E-01
  4029.192 9.482E-01
  4030.336 9.645E-01
  4031.480 9.844E-01
  4032.624 9.931E-01
  4033.768 9.951E-01
  4034.912 9.959E-01
  4036.056 9.964E-01
  4037.200 9.966E-01
  4038.344 9.969E-01
  4039.488 9.970E-01
  4040.632 9.967E-01
  4041.776 9.964E-01
  4042.920 9.963E-01
  4044.064 9.963E-01
  4045.208 9.965E-01
  4046.352 9.970E-01
  4047.496 9.976E-01
  4048.640 9.981E-01
  4049.784 9.987E-01
  4050.928 9.985E-01
  4052.072 9.973E-01
  4053.216 9.965E-01
  4054.360 9.960E-01
  4055.504 9.958E-01
  4056.648 9.960E-01
  4057.792 9.961E-01
  4058.936 9.962E-01
  4060.080 9.968E-01
  4061.224 9.980E-01
  4062.368 9.983E-01
  4063.512 9.937E-01
  4064.656 9.851E-01
  4065.800 9.736E-01
  4066.944 9.649E-01
  4068.088 9.587E-01
  4069.232 9.552E-01
  4070.376 9.540E-01
  4071.520 9.528E-01
  4072.664 9.568E-01
  4073.808 9.652E-01
  4074.952 9.737E-01
  4076.096 9.797E-01
  4077.240 9.823E-01
  4078.384 9.849E-01
  4079.528 9.867E-01
  4080.672 9.886E-01
  4081.816 9.906E-01
  4082.960 9.885E-01
  4084.104 9.807E-01
  4085.248 9.730E-01
  4086.392 9.684E-01
  4087.536 9.655E-01
  4088.680 9.641E-01
  4089.824 9.643E-01
  4090.968 9.636E-01
  4092.112 9.606E-01
  4093.256 9.551E-01
  4094.400 9.497E-01
  4095.544 9.296E-01
  4096.688 8.930E-01
  4097.832 8.491E-01
  4098.976 8.115E-01
  4100.120 7.881E-01
  4101.264 7.806E-01
  4102.408 7.876E-01
  4103.552 8.069E-01
  4104.696 8.359E-01
  4105.840 8.754E-01
  4106.984 9.196E-01
  4108.128 9.528E-01
  4109.272 9.712E-01
  4110.416 9.796E-01
  4111.560 9.788E-01
  4112.704 9.781E-01
  4113.848 9.774E-01
  4114.992 9.758E-01
  4116.136 9.698E-01
  4117.280 9.647E-01
  4118.424 9.626E-01
  4119.568 9.635E-01
  4120.712 9.674E-01
  4121.856 9.742E-01
  4123.000 9.774E-01
  4124.144 9.821E-01
  4125.288 9.887E-01
  4126.432 9.964E-01
  4127.576 9.981E-01
  4128.720 9.975E-01
  4129.864 9.970E-01
  4131.008 9.968E-01
  4132.152 9.967E-01
  4133.296 9.969E-01
  4134.440 9.972E-01
  4135.584 9.975E-01
  4136.728 9.978E-01
  4137.872 9.975E-01
  4139.016 9.902E-01
  4140.160 9.833E-01
  4141.304 9.788E-01
  4142.448 9.761E-01
  4143.592 9.750E-01
  4144.736 9.756E-01
  4145.880 9.776E-01
  4147.024 9.811E-01
  4148.168 9.855E-01
  4149.312 9.927E-01
  4150.456 9.939E-01
  4151.600 9.922E-01
  4152.744 9.909E-01
  4153.888 9.904E-01
  4155.032 9.906E-01
  4156.176 9.916E-01
  4157.320 9.928E-01
  4158.464 9.928E-01
  4159.608 9.928E-01
  4160.752 9.931E-01
  4161.896 9.942E-01
  4163.040 9.947E-01
  4164.184 9.935E-01
  4165.328 9.926E-01
  4166.472 9.926E-01
  4167.616 9.933E-01
  4168.760 9.947E-01
  4169.904 9.949E-01
  4171.048 9.951E-01
  4172.192 9.958E-01
  4173.336 9.970E-01
  4174.480 9.988E-01
  4175.624 9.995E-01
  4176.768 9.996E-01
  4177.912 9.998E-01
  4179.056 9.996E-01
  4180.200 9.991E-01
  4181.344 9.980E-01
  4182.488 9.948E-01
  4183.632 9.927E-01
  4184.776 9.906E-01
  4185.920 9.890E-01
  4187.064 9.883E-01
  4188.208 9.884E-01
  4189.352 9.893E-01
  4190.496 9.907E-01
  4191.640 9.923E-01
  4192.784 9.939E-01
  4193.928 9.915E-01
  4195.072 9.861E-01
  4196.216 9.802E-01
  4197.360 9.754E-01
  4198.504 9.726E-01
  4199.648 9.717E-01
  4200.792 9.728E-01
  4201.936 9.756E-01
  4203.080 9.800E-01
  4204.224 9.861E-01
  4205.368 9.928E-01
  4206.512 9.967E-01
  4207.656 9.967E-01
  4208.800 9.961E-01
  4209.944 9.956E-01
  4211.088 9.952E-01
  4212.232 9.950E-01
  4213.376 9.949E-01
  4214.520 9.946E-01
  4215.664 9.943E-01
  4216.808 9.947E-01
  4217.952 9.959E-01
  4219.096 9.962E-01
  4220.240 9.962E-01
  4221.384 9.965E-01
  4222.528 9.970E-01
  4223.672 9.976E-01
  4224.816 9.985E-01
  4225.960 9.992E-01
  4227.104 9.991E-01
  4228.248 9.990E-01
  4229.392 9.986E-01
  4230.536 9.985E-01
  4231.680 9.983E-01
  4232.824 9.982E-01
  4233.968 9.982E-01
  4235.112 9.981E-01
  4236.256 9.982E-01
  4237.400 9.985E-01
  4238.544 9.985E-01
  4239.688 9.987E-01
  4240.832 9.987E-01
  4241.976 9.987E-01
  4243.120 9.990E-01
  4244.264 9.992E-01
  4245.408 9.993E-01
  4246.552 9.993E-01
  4247.696 9.992E-01
  4248.840 9.979E-01
  4249.984 9.972E-01
  4251.128 9.967E-01
  4252.272 9.962E-01
  4253.416 9.957E-01
  4254.560 9.957E-01
  4255.704 9.961E-01
  4256.848 9.966E-01
  4257.992 9.973E-01
  4259.136 9.985E-01
  4260.280 9.988E-01
  4261.424 9.986E-01
  4262.568 9.960E-01
  4263.712 9.945E-01
  4264.856 9.933E-01
  4266.000 9.926E-01
  4267.144 9.924E-01
  4268.288 9.927E-01
  4269.432 9.932E-01
  4270.576 9.929E-01
  4271.720 9.922E-01
  4272.864 9.928E-01
  4274.008 9.915E-01
  4275.152 9.905E-01
  4276.296 9.899E-01
  4277.440 9.896E-01
  4278.584 9.889E-01
  4279.728 9.884E-01
  4280.872 9.887E-01
  4282.016 9.900E-01
  4283.160 9.905E-01
  4284.304 9.902E-01
  4285.448 9.904E-01
  4286.592 9.911E-01
  4287.736 9.925E-01
  4288.880 9.945E-01
  4290.024 9.954E-01
  4291.168 9.963E-01
  4292.312 9.962E-01
  4293.456 9.962E-01
  4294.600 9.966E-01
  4295.744 9.967E-01
  4296.888 9.970E-01
  4298.032 9.970E-01
  4299.176 9.957E-01
  4300.320 9.952E-01
  4301.464 9.949E-01
  4302.608 9.943E-01
  4303.752 9.942E-01
  4304.896 9.943E-01
  4306.040 9.947E-01
  4307.184 9.953E-01
  4308.328 9.957E-01
  4309.472 9.964E-01
  4310.616 9.956E-01
  4311.760 9.938E-01
  4312.904 9.918E-01
  4314.048 9.897E-01
  4315.192 9.872E-01
  4316.336 9.859E-01
  4317.480 9.856E-01
  4318.624 9.863E-01
  4319.768 9.877E-01
  4320.912 9.884E-01
  4322.056 9.897E-01
  4323.200 9.909E-01
  4324.344 9.911E-01
  4325.488 9.919E-01
  4326.632 9.909E-01
  4327.776 9.886E-01
  4328.920 9.861E-01
  4330.064 9.830E-01
  4331.208 9.786E-01
  4332.352 9.706E-01
  4333.496 9.564E-01
  4334.640 9.297E-01
  4335.784 8.893E-01
  4336.928 8.500E-01
  4338.072 8.207E-01
  4339.216 8.028E-01
  4340.360 7.953E-01
  4341.504 7.999E-01
  4342.648 8.150E-01
  4343.792 8.411E-01
  4344.936 8.753E-01
  4346.080 9.117E-01
  4347.224 9.380E-01
  4348.368 9.516E-01
  4349.512 9.594E-01
  4350.656 9.657E-01
  4351.800 9.721E-01
  4352.944 9.777E-01
  4354.088 9.830E-01
  4355.232 9.888E-01
  4356.376 9.921E-01
  4357.520 9.951E-01
  4358.664 9.959E-01
  4359.808 9.963E-01
  4360.952 9.962E-01
  4362.096 9.943E-01
  4363.240 9.930E-01
  4364.384 9.919E-01
  4365.528 9.912E-01
  4366.672 9.910E-01
  4367.816 9.915E-01
  4368.960 9.921E-01
  4370.104 9.931E-01
  4371.248 9.946E-01
  4372.392 9.965E-01
  4373.536 9.977E-01
  4374.680 9.970E-01
  4375.824 9.965E-01
  4376.968 9.960E-01
  4378.112 9.952E-01
  4379.256 9.946E-01
  4380.400 9.944E-01
  4381.544 9.934E-01
  4382.688 9.854E-01
  4383.832 9.771E-01
  4384.976 9.720E-01
  4386.120 9.685E-01
  4387.264 9.657E-01
  4388.408 9.652E-01
  4389.552 9.667E-01
  4390.696 9.697E-01
  4391.840 9.749E-01
  4392.984 9.830E-01
  4394.128 9.927E-01
  4395.272 9.944E-01
  4396.416 9.952E-01
  4397.560 9.962E-01
  4398.704 9.968E-01
  4399.848 9.972E-01
  4400.992 9.976E-01
  4402.136 9.982E-01
  4403.280 9.983E-01
  4404.424 9.976E-01
  4405.568 9.970E-01
  4406.712 9.965E-01
  4407.856 9.958E-01
  4409.000 9.950E-01
  4410.144 9.923E-01
  4411.288 9.899E-01
  4412.432 9.874E-01
  4413.576 9.862E-01
  4414.720 9.860E-01
  4415.864 9.866E-01
  4417.008 9.875E-01
  4418.152 9.892E-01
  4419.296 9.916E-01
  4420.440 9.945E-01
  4421.584 9.971E-01
  4422.728 9.987E-01
  4423.872 9.988E-01
  4425.016 9.984E-01
  4426.160 9.978E-01
  4427.304 9.975E-01
  4428.448 9.972E-01
  4429.592 9.971E-01
  4430.736 9.970E-01
  4431.880 9.960E-01
  4433.024 9.942E-01
  4434.168 9.932E-01
  4435.312 9.925E-01
  4436.456 9.920E-01
  4437.600 9.918E-01
  4438.744 9.919E-01
  4439.888 9.925E-01
  4441.032 9.934E-01
  4442.176 9.946E-01
  4443.320 9.965E-01
  4444.464 9.973E-01
  4445.608 9.975E-01
  4446.752 9.972E-01
  4447.896 9.967E-01
  4449.040 9.964E-01
  4450.184 9.963E-01
  4451.328 9.964E-01
  4452.472 9.967E-01
  4453.616 9.970E-01
  4454.760 9.972E-01
  4455.904 9.976E-01
  4457.048 9.981E-01
  4458.192 9.988E-01
  4459.336 9.990E-01
  4460.480 9.979E-01
  4461.624 9.966E-01
  4462.768 9.947E-01
  4463.912 9.919E-01
  4465.056 9.862E-01
  4466.200 9.687E-01
  4467.344 9.510E-01
  4468.488 9.390E-01
  4469.632 9.320E-01
  4470.776 9.295E-01
  4471.920 9.313E-01
  4473.064 9.364E-01
  4474.208 9.455E-01
  4475.352 9.571E-01
  4476.496 9.707E-01
  4477.640 9.876E-01
  4478.784 9.913E-01
  4479.928 9.914E-01
  4481.072 9.914E-01
  4482.216 9.919E-01
  4483.360 9.929E-01
  4484.504 9.941E-01
  4485.648 9.959E-01
  4486.792 9.983E-01
  4487.936 9.999E-01
  4489.080 1.000E+00
  4490.224 9.999E-01
  4491.368 9.998E-01
  4492.512 9.997E-01
  4493.656 9.994E-01
  4494.800 9.993E-01
  4495.944 9.992E-01
  4497.088 9.990E-01
  4498.232 9.989E-01
  4499.376 9.988E-01
  4500.520 9.987E-01
  4501.664 9.987E-01
  4502.808 9.987E-01
  4503.952 9.987E-01
  4505.096 9.985E-01
  4506.240 9.974E-01
  4507.384 9.964E-01
  4508.528 9.954E-01
  4509.672 9.931E-01
  4510.816 9.907E-01
  4511.960 9.886E-01
  4513.104 9.869E-01
  4514.248 9.863E-01
  4515.392 9.866E-01
  4516.536 9.879E-01
  4517.680 9.892E-01
  4518.824 9.904E-01
  4519.968 9.922E-01
  4521.112 9.948E-01
  4522.256 9.962E-01
  4523.400 9.967E-01
  4524.544 9.966E-01
  4525.688 9.962E-01
  4526.832 9.962E-01
  4527.976 9.964E-01
  4529.120 9.964E-01
  4530.264 9.960E-01
  4531.408 9.956E-01
  4532.552 9.952E-01
  4533.696 9.947E-01
  4534.840 9.929E-01
  4535.984 9.875E-01
  4537.128 9.804E-01
  4538.272 9.748E-01
  4539.416 9.709E-01
  4540.560 9.688E-01
  4541.704 9.681E-01
  4542.848 9.689E-01
  4543.992 9.717E-01
  4545.136 9.763E-01
  4546.280 9.827E-01
  4547.424 9.877E-01
  4548.568 9.906E-01
  4549.712 9.914E-01
  4550.856 9.919E-01
  4552.000 9.922E-01
  4553.144 9.926E-01
  4554.288 9.932E-01
  4555.432 9.940E-01
  4556.576 9.953E-01
  4557.720 9.970E-01
  4558.864 9.996E-01
  4560.008 9.998E-01
  4561.152 9.996E-01
  4562.296 9.983E-01
  4563.440 9.967E-01
  4564.584 9.956E-01
  4565.728 9.949E-01
  4566.872 9.945E-01
  4568.016 9.944E-01
  4569.160 9.940E-01
  4570.304 9.937E-01
  4571.448 9.940E-01
  4572.592 9.949E-01
  4573.736 9.965E-01
  4574.880 9.972E-01
  4576.024 9.973E-01
  4577.168 9.975E-01
  4578.312 9.979E-01
  4579.456 9.985E-01
  4580.600 9.993E-01
  4581.744 9.997E-01
  4582.888 9.997E-01
  4584.032 9.996E-01
  4585.176 9.981E-01
  4586.320 9.952E-01
  4587.464 9.931E-01
  4588.608 9.918E-01
  4589.752 9.907E-01
  4590.896 9.877E-01
  4592.040 9.855E-01
  4593.184 9.845E-01
  4594.328 9.847E-01
  4595.472 9.860E-01
  4596.616 9.887E-01
  4597.760 9.912E-01
  4598.904 9.922E-01
