  3980.000 9.852E-01
  3980.286 9.863E-01
  3980.572 9.871E-01
  3980.858 9.877E-01
  3981.144 9.880E-01
  3981.430 9.872E-01
  3981.716 9.854E-01
  3982.002 9.837E-01
  3982.288 9.827E-01
  3982.574 9.820E-01
  3982.860 9.819E-01
  3983.146 9.825E-01
  3983.432 9.840E-01
  3983.718 9.865E-01
  3984.004 9.893E-01
  3984.290 9.913E-01
  3984.576 9.923E-01
  3984.862 9.931E-01
  3985.148 9.938E-01
  3985.434 9.942E-01
  3985.720 9.944E-01
  3986.006 9.946E-01
  3986.292 9.949E-01
  3986.578 9.952E-01
  3986.864 9.955E-01
  3987.150 9.957E-01
  3987.436 9.959E-01
  3987.722 9.961E-01
  3988.008 9.962E-01
  3988.294 9.963E-01
  3988.580 9.964E-01
  3988.866 9.965E-01
  3989.152 9.966E-01
  3989.438 9.967E-01
  3989.724 9.968E-01
  3990.010 9.969E-01
  3990.296 9.970E-01
  3990.582 9.971E-01
  3990.868 9.972E-01
  3991.154 9.973E-01
  3991.440 9.973E-01
  3991.726 9.974E-01
  3992.012 9.975E-01
  3992.298 9.976E-01
  3992.584 9.976E-01
  3992.870 9.977E-01
  3993.156 9.977E-01
  3993.442 9.976E-01
  3993.728 9.971E-01
  3994.014 9.964E-01
  3994.300 9.957E-01
  3994.586 9.953E-01
  3994.872 9.951E-01
  3995.158 9.951E-01
  3995.444 9.954E-01
  3995.730 9.959E-01
  3996.016 9.967E-01
  3996.302 9.975E-01
  3996.588 9.980E-01
  3996.874 9.981E-01
  3997.160 9.975E-01
  3997.446 9.958E-01
  3997.732 9.938E-01
  3998.018 9.921E-01
  3998.304 9.910E-01
  3998.590 9.905E-01
  3998.876 9.906E-01
  3999.162 9.913E-01
  3999.448 9.926E-01
  3999.734 9.945E-01
  4000.020 9.964E-01
  4000.306 9.974E-01
  4000.592 9.977E-01
  4000.878 9.978E-01
  4001.164 9.979E-01
  4001.450 9.979E-01
  4001.736 9.979E-01
  4002.022 9.973E-01
  4002.308 9.954E-01
  4002.594 9.925E-01
  4002.880 9.900E-01
  4003.166 9.884E-01
  4003.452 9.874E-01
  4003.738 9.867E-01
  4004.024 9.859E-01
  4004.310 9.860E-01
  4004.596 9.874E-01
  4004.882 9.894E-01
  4005.168 9.907E-01
  4005.454 9.911E-01
  4005.740 9.914E-01
  4006.026 9.920E-01
  4006.312 9.927E-01
  4006.598 9.928E-01
  4006.884 9.916E-01
  4007.170 9.892E-01
  4007.456 9.852E-01
  4007.742 9.785E-01
  4008.028 9.685E-01
  4008.314 9.567E-01
  4008.600 9.462E-01
  4008.886 9.389E-01
  4009.172 9.357E-01
  4009.458 9.366E-01
  4009.744 9.415E-01
  4010.030 9.502E-01
  4010.316 9.615E-01
  4010.602 9.729E-01
  4010.888 9.815E-01
  4011.174 9.869E-01
  4011.460 9.901E-01
  4011.746 9.920E-01
  4012.032 9.933E-01
  4012.318 9.942E-01
  4012.604 9.949E-01
  4012.890 9.954E-01
  4013.176 9.957E-01
  4013.462 9.960E-01
  4013.748 9.962E-01
  4014.034 9.963E-01
  4014.320 9.962E-01
  4014.606 9.960E-01
  4014.892 9.958E-01
  4015.178 9.957E-01
  4015.464 9.956E-01
  4015.750 9.956E-01
  4016.036 9.956E-01
  4016.322 9.956E-01
  4016.608 9.958E-01
  4016.894 9.959E-01
  4017.180 9.959E-01
  4017.466 9.957E-01
  4017.752 9.954E-01
  4018.038 9.952E-01
  4018.324 9.948E-01
  4018.610 9.945E-01
  4018.896 9.940E-01
  4019.182 9.936E-01
  4019.468 9.930E-01
  4019.754 9.923E-01
  4020.040 9.916E-01
  4020.326 9.907E-01
  4020.612 9.897E-01
  4020.898 9.884E-01
  4021.184 9.870E-01
  4021.470 9.853E-01
  4021.756 9.833E-01
  4022.042 9.810E-01
  4022.328 9.780E-01
  4022.614 9.739E-01
  4022.900 9.684E-01
  4023.186 9.621E-01
  4023.472 9.549E-01
  4023.758 9.464E-01
  4024.044 9.356E-01
  4024.330 9.209E-01
  4024.616 8.984E-01
  4024.902 8.650E-01
  4025.188 8.244E-01
  4025.474 7.865E-01
  4025.760 7.592E-01
  4026.046 7.465E-01
  4026.332 7.492E-01
  4026.618 7.671E-01
  4026.904 7.989E-01
  4027.190 8.409E-01
  4027.476 8.857E-01
  4027.762 9.224E-01
  4028.048 9.462E-01
  4028.334 9.601E-01
  4028.620 9.686E-01
  4028.906 9.743E-01
  4029.192 9.784E-01
  4029.478 9.815E-01
  4029.764 9.840E-01
  4030.050 9.860E-01
  4030.336 9.875E-01
  4030.622 9.888E-01
  4030.908 9.898E-01
  4031.194 9.907E-01
  4031.480 9.915E-01
  4031.766 9.922E-01
  4032.052 9.926E-01
  4032.338 9.923E-01
  4032.624 9.919E-01
  4032.910 9.916E-01
  4033.196 9.916E-01
  4033.482 9.918E-01
  4033.768 9.921E-01
  4034.054 9.927E-01
  4034.340 9.935E-01
  4034.626 9.947E-01
  4034.912 9.959E-01
  4035.198 9.965E-01
  4035.484 9.968E-01
  4035.770 9.970E-01
  4036.056 9.973E-01
  4036.342 9.976E-01
  4036.628 9.977E-01
  4036.914 9.977E-01
  4037.200 9.975E-01
  4037.486 9.974E-01
  4037.772 9.974E-01
  4038.058 9.974E-01
  4038.344 9.975E-01
  4038.630 9.976E-01
  4038.916 9.978E-01
  4039.202 9.982E-01
  4039.488 9.985E-01
  4039.774 9.986E-01
  4040.060 9.984E-01
  4040.346 9.982E-01
  4040.632 9.981E-01
  4040.918 9.980E-01
  4041.204 9.979E-01
  4041.490 9.979E-01
  4041.776 9.980E-01
  4042.062 9.981E-01
  4042.348 9.982E-01
  4042.634 9.983E-01
  4042.920 9.984E-01
  4043.206 9.984E-01
  4043.492 9.980E-01
  4043.778 9.972E-01
  4044.064 9.964E-01
  4044.350 9.959E-01
  4044.636 9.957E-01
  4044.922 9.958E-01
  4045.208 9.960E-01
  4045.494 9.964E-01
  4045.780 9.971E-01
  4046.066 9.980E-01
  4046.352 9.988E-01
  4046.638 9.992E-01
  4046.924 9.992E-01
  4047.210 9.990E-01
  4047.496 9.989E-01
  4047.782 9.989E-01
  4048.068 9.988E-01
  4048.354 9.988E-01
  4048.640 9.989E-01
  4048.926 9.990E-01
  4049.212 9.991E-01
  4049.498 9.992E-01
  4049.784 9.993E-01
  4050.070 9.993E-01
  4050.356 9.993E-01
  4050.642 9.993E-01
  4050.928 9.993E-01
  4051.214 9.993E-01
  4051.500 9.993E-01
  4051.786 9.992E-01
  4052.072 9.991E-01
  4052.358 9.991E-01
  4052.644 9.989E-01
  4052.930 9.986E-01
  4053.216 9.982E-01
  4053.502 9.977E-01
  4053.788 9.972E-01
  4054.074 9.969E-01
  4054.360 9.964E-01
  4054.646 9.945E-01
  4054.932 9.905E-01
  4055.218 9.866E-01
  4055.504 9.839E-01
  4055.790 9.826E-01
  4056.076 9.824E-01
  4056.362 9.830E-01
  4056.648 9.846E-01
  4056.934 9.875E-01
  4057.220 9.917E-01
  4057.506 9.956E-01
  4057.792 9.973E-01
  4058.078 9.976E-01
  4058.364 9.977E-01
  4058.650 9.979E-01
  4058.936 9.980E-01
  4059.222 9.976E-01
  4059.508 9.963E-01
  4059.794 9.946E-01
  4060.080 9.931E-01
  4060.366 9.921E-01
  4060.652 9.917E-01
  4060.938 9.917E-01
  4061.224 9.921E-01
  4061.510 9.931E-01
  4061.796 9.944E-01
  4062.082 9.957E-01
  4062.368 9.967E-01
  4062.654 9.973E-01
  4062.940 9.975E-01
  4063.226 9.977E-01
  4063.512 9.980E-01
  4063.798 9.984E-01
  4064.084 9.986E-01
  4064.370 9.989E-01
  4064.656 9.989E-01
  4064.942 9.989E-01
  4065.228 9.989E-01
  4065.514 9.989E-01
  4065.800 9.989E-01
  4066.086 9.986E-01
  4066.372 9.964E-01
  4066.658 9.899E-01
  4066.944 9.801E-01
  4067.230 9.705E-01
  4067.516 9.599E-01
  4067.802 9.470E-01
  4068.088 9.352E-01
  4068.374 9.253E-01
  4068.660 9.159E-01
  4068.946 9.071E-01
  4069.232 9.006E-01
  4069.518 8.978E-01
  4069.804 9.001E-01
  4070.090 9.090E-01
  4070.376 9.215E-01
  4070.662 9.325E-01
  4070.948 9.414E-01
  4071.234 9.501E-01
  4071.520 9.585E-01
  4071.806 9.637E-01
  4072.092 9.652E-01
  4072.378 9.663E-01
  4072.664 9.689E-01
  4072.950 9.735E-01
  4073.236 9.806E-01
  4073.522 9.880E-01
  4073.808 9.918E-01
  4074.094 9.918E-01
  4074.380 9.867E-01
  4074.666 9.739E-01
  4074.952 9.588E-01
  4075.238 9.476E-01
  4075.524 9.413E-01
  4075.810 9.392E-01
  4076.096 9.410E-01
  4076.382 9.468E-01
  4076.668 9.570E-01
  4076.954 9.717E-01
  4077.240 9.866E-01
  4077.526 9.936E-01
  4077.812 9.938E-01
  4078.098 9.924E-01
  4078.384 9.914E-01
  4078.670 9.909E-01
  4078.956 9.908E-01
  4079.242 9.911E-01
  4079.528 9.915E-01
  4079.814 9.915E-01
  4080.100 9.916E-01
  4080.386 9.915E-01
  4080.672 9.910E-01
  4080.958 9.906E-01
  4081.244 9.906E-01
  4081.530 9.910E-01
  4081.816 9.919E-01
  4082.102 9.933E-01
  4082.388 9.948E-01
  4082.674 9.953E-01
  4082.960 9.949E-01
  4083.246 9.942E-01
  4083.532 9.930E-01
  4083.818 9.909E-01
  4084.104 9.882E-01
  4084.390 9.861E-01
  4084.676 9.849E-01
  4084.962 9.846E-01
  4085.248 9.851E-01
  4085.534 9.860E-01
  4085.820 9.870E-01
  4086.106 9.881E-01
  4086.392 9.893E-01
  4086.678 9.898E-01
  4086.964 9.886E-01
  4087.250 9.806E-01
  4087.536 9.558E-01
  4087.822 9.170E-01
  4088.108 8.808E-01
  4088.394 8.560E-01
  4088.680 8.430E-01
  4088.966 8.405E-01
  4089.252 8.487E-01
  4089.538 8.685E-01
  4089.824 9.007E-01
  4090.110 9.404E-01
  4090.396 9.709E-01
  4090.682 9.833E-01
  4090.968 9.855E-01
  4091.254 9.848E-01
  4091.540 9.831E-01
  4091.826 9.805E-01
  4092.112 9.778E-01
  4092.398 9.755E-01
  4092.684 9.735E-01
  4092.970 9.716E-01
  4093.256 9.697E-01
  4093.542 9.677E-01
  4093.828 9.661E-01
  4094.114 9.647E-01
  4094.400 9.627E-01
  4094.686 9.596E-01
  4094.972 9.559E-01
  4095.258 9.518E-01
  4095.544 9.466E-01
  4095.830 9.363E-01
  4096.116 9.161E-01
  4096.402 8.905E-01
  4096.688 8.683E-01
  4096.974 8.519E-01
  4097.260 8.401E-01
  4097.546 8.326E-01
  4097.832 8.294E-01
  4098.118 8.304E-01
  4098.404 8.354E-01
  4098.690 8.402E-01
  4098.976 8.351E-01
  4099.262 8.187E-01
  4099.548 7.958E-01
  4099.834 7.686E-01
  4100.120 7.376E-01
  4100.406 7.037E-01
  4100.692 6.696E-01
  4100.978 6.388E-01
  4101.264 6.153E-01
  4101.550 6.017E-01
  4101.836 5.984E-01
  4102.122 6.041E-01
  4102.408 6.187E-01
  4102.694 6.426E-01
  4102.980 6.732E-01
  4103.266 7.061E-01
  4103.552 7.378E-01
  4103.838 7.668E-01
  4104.124 7.939E-01
  4104.410 8.201E-01
  4104.696 8.447E-01
  4104.982 8.652E-01
  4105.268 8.811E-01
  4105.554 8.945E-01
  4105.840 9.066E-01
  4106.126 9.177E-01
  4106.412 9.274E-01
  4106.698 9.352E-01
  4106.984 9.416E-01
  4107.270 9.472E-01
  4107.556 9.520E-01
  4107.842 9.562E-01
  4108.128 9.599E-01
  4108.414 9.633E-01
  4108.700 9.662E-01
  4108.986 9.687E-01
  4109.272 9.706E-01
  4109.558 9.718E-01
  4109.844 9.726E-01
  4110.130 9.735E-01
  4110.416 9.745E-01
  4110.702 9.753E-01
  4110.988 9.760E-01
  4111.274 9.770E-01
  4111.560 9.785E-01
  4111.846 9.804E-01
  4112.132 9.824E-01
  4112.418 9.840E-01
  4112.704 9.851E-01
  4112.990 9.861E-01
  4113.276 9.873E-01
  4113.562 9.882E-01
  4113.848 9.887E-01
  4114.134 9.886E-01
  4114.420 9.848E-01
  4114.706 9.690E-01
  4114.992 9.393E-01
  4115.278 9.095E-01
  4115.564 8.885E-01
  4115.850 8.772E-01
  4116.136 8.745E-01
  4116.422 8.801E-01
  4116.708 8.945E-01
  4116.994 9.185E-01
  4117.280 9.502E-01
  4117.566 9.774E-01
  4117.852 9.866E-01
  4118.138 9.826E-01
  4118.424 9.765E-01
  4118.710 9.719E-01
  4118.996 9.675E-01
  4119.282 9.599E-01
  4119.568 9.460E-01
  4119.854 9.296E-01
  4120.140 9.175E-01
  4120.426 9.116E-01
  4120.712 9.092E-01
  4120.998 9.091E-01
  4121.284 9.140E-01
  4121.570 9.255E-01
  4121.856 9.432E-01
  4122.142 9.633E-01
  4122.428 9.786E-01
  4122.714 9.870E-01
  4123.000 9.920E-01
  4123.286 9.954E-01
  4123.572 9.970E-01
  4123.858 9.974E-01
  4124.144 9.976E-01
  4124.430 9.978E-01
  4124.716 9.978E-01
  4125.002 9.979E-01
  4125.288 9.979E-01
  4125.574 9.978E-01
  4125.860 9.979E-01
  4126.146 9.979E-01
  4126.432 9.978E-01
  4126.718 9.974E-01
  4127.004 9.970E-01
  4127.290 9.967E-01
  4127.576 9.965E-01
  4127.862 9.964E-01
  4128.148 9.962E-01
  4128.434 9.961E-01
  4128.720 9.963E-01
  4129.006 9.967E-01
  4129.292 9.972E-01
  4129.578 9.975E-01
  4129.864 9.977E-01
  4130.150 9.979E-01
  4130.436 9.981E-01
  4130.722 9.984E-01
  4131.008 9.983E-01
  4131.294 9.976E-01
  4131.580 9.954E-01
  4131.866 9.929E-01
  4132.152 9.910E-01
  4132.438 9.900E-01
  4132.724 9.897E-01
  4133.010 9.900E-01
  4133.296 9.909E-01
  4133.582 9.925E-01
  4133.868 9.948E-01
  4134.154 9.974E-01
  4134.440 9.988E-01
  4134.726 9.991E-01
  4135.012 9.990E-01
  4135.298 9.990E-01
  4135.584 9.991E-01
  4135.870 9.990E-01
  4136.156 9.989E-01
  4136.442 9.988E-01
  4136.728 9.986E-01
  4137.014 9.984E-01
  4137.300 9.982E-01
  4137.586 9.980E-01
  4137.872 9.977E-01
  4138.158 9.974E-01
  4138.444 9.971E-01
  4138.730 9.970E-01
  4139.016 9.969E-01
  4139.302 9.968E-01
  4139.588 9.966E-01
  4139.874 9.965E-01
  4140.160 9.964E-01
  4140.446 9.964E-01
  4140.732 9.963E-01
  4141.018 9.958E-01
  4141.304 9.949E-01
  4141.590 9.933E-01
  4141.876 9.898E-01
  4142.162 9.815E-01
  4142.448 9.654E-01
  4142.734 9.441E-01
  4143.020 9.244E-01
  4143.306 9.103E-01
  4143.592 9.030E-01
  4143.878 9.024E-01
  4144.164 9.086E-01
  4144.450 9.215E-01
  4144.736 9.403E-01
  4145.022 9.618E-01
  4145.308 9.791E-01
  4145.594 9.888E-01
  4145.880 9.929E-01
  4146.166 9.948E-01
  4146.452 9.959E-01
  4146.738 9.966E-01
  4147.024 9.971E-01
  4147.310 9.975E-01
  4147.596 9.979E-01
  4147.882 9.982E-01
  4148.168 9.984E-01
  4148.454 9.983E-01
  4148.740 9.978E-01
  4149.026 9.969E-01
  4149.312 9.963E-01
  4149.598 9.959E-01
  4149.884 9.958E-01
  4150.170 9.958E-01
  4150.456 9.961E-01
  4150.742 9.965E-01
  4151.028 9.965E-01
  4151.314 9.954E-01
  4151.600 9.935E-01
  4151.886 9.905E-01
  4152.172 9.864E-01
  4152.458 9.829E-01
  4152.744 9.809E-01
  4153.030 9.804E-01
  4153.316 9.814E-01
  4153.602 9.839E-01
  4153.888 9.873E-01
  4154.174 9.907E-01
  4154.460 9.941E-01
  4154.746 9.969E-01
  4155.032 9.970E-01
  4155.318 9.941E-01
  4155.604 9.904E-01
  4155.890 9.876E-01
  4156.176 9.859E-01
  4156.462 9.853E-01
  4156.748 9.856E-01
  4157.034 9.868E-01
  4157.320 9.892E-01
  4157.606 9.927E-01
  4157.892 9.965E-01
  4158.178 9.988E-01
  4158.464 9.995E-01
  4158.750 9.996E-01
  4159.036 9.996E-01
  4159.322 9.996E-01
  4159.608 9.996E-01
  4159.894 9.996E-01
  4160.180 9.996E-01
  4160.466 9.995E-01
  4160.752 9.995E-01
  4161.038 9.993E-01
  4161.324 9.982E-01
  4161.610 9.951E-01
  4161.896 9.909E-01
  4162.182 9.872E-01
  4162.468 9.848E-01
  4162.754 9.836E-01
  4163.040 9.835E-01
  4163.326 9.844E-01
  4163.612 9.863E-01
  4163.898 9.894E-01
  4164.184 9.934E-01
  4164.470 9.964E-01
  4164.756 9.976E-01
  4165.042 9.980E-01
  4165.328 9.982E-01
  4165.614 9.984E-01
  4165.900 9.987E-01
  4166.186 9.990E-01
  4166.472 9.991E-01
  4166.758 9.991E-01
  4167.044 9.989E-01
  4167.330 9.981E-01
  4167.616 9.958E-01
  4167.902 9.919E-01
  4168.188 9.878E-01
  4168.474 9.847E-01
  4168.760 9.828E-01
  4169.046 9.822E-01
  4169.332 9.828E-01
  4169.618 9.846E-01
  4169.904 9.878E-01
  4170.190 9.919E-01
  4170.476 9.957E-01
  4170.762 9.976E-01
  4171.048 9.980E-01
  4171.334 9.979E-01
  4171.620 9.977E-01
  4171.906 9.976E-01
  4172.192 9.977E-01
  4172.478 9.978E-01
  4172.764 9.980E-01
  4173.050 9.983E-01
  4173.336 9.985E-01
  4173.622 9.986E-01
  4173.908 9.986E-01
  4174.194 9.986E-01
  4174.480 9.986E-01
  4174.766 9.987E-01
  4175.052 9.987E-01
  4175.338 9.989E-01
  4175.624 9.990E-01
  4175.910 9.991E-01
  4176.196 9.992E-01
  4176.482 9.992E-01
  4176.768 9.992E-01
  4177.054 9.993E-01
  4177.340 9.993E-01
  4177.626 9.994E-01
  4177.912 9.994E-01
  4178.198 9.994E-01
  4178.484 9.994E-01
  4178.770 9.994E-01
  4179.056 9.995E-01
  4179.342 9.995E-01
  4179.628 9.995E-01
  4179.914 9.995E-01
  4180.200 9.995E-01
  4180.486 9.995E-01
  4180.772 9.995E-01
  4181.058 9.995E-01
  4181.344 9.995E-01
  4181.630 9.995E-01
  4181.916 9.994E-01
  4182.202 9.994E-01
  4182.488 9.993E-01
  4182.774 9.990E-01
  4183.060 9.983E-01
  4183.346 9.977E-01
  4183.632 9.972E-01
  4183.918 9.961E-01
  4184.204 9.938E-01
  4184.490 9.912E-01
  4184.776 9.892E-01
  4185.062 9.877E-01
  4185.348 9.847E-01
  4185.634 9.780E-01
  4185.920 9.695E-01
  4186.206 9.634E-01
  4186.492 9.610E-01
  4186.778 9.615E-01
  4187.064 9.635E-01
  4187.350 9.667E-01
  4187.636 9.720E-01
  4187.922 9.798E-01
  4188.208 9.877E-01
  4188.494 9.901E-01
  4188.780 9.866E-01
  4189.066 9.821E-01
  4189.352 9.791E-01
  4189.638 9.776E-01
  4189.924 9.775E-01
  4190.210 9.788E-01
  4190.496 9.817E-01
  4190.782 9.862E-01
  4191.068 9.917E-01
  4191.354 9.956E-01
  4191.640 9.967E-01
  4191.926 9.965E-01
  4192.212 9.961E-01
  4192.498 9.958E-01
  4192.784 9.954E-01
  4193.070 9.951E-01
  4193.356 9.948E-01
  4193.642 9.945E-01
  4193.928 9.940E-01
  4194.214 9.929E-01
  4194.500 9.907E-01
  4194.786 9.881E-01
  4195.072 9.857E-01
  4195.358 9.835E-01
  4195.644 9.814E-01
  4195.930 9.794E-01
  4196.216 9.774E-01
  4196.502 9.755E-01
  4196.788 9.737E-01
  4197.074 9.716E-01
  4197.360 9.684E-01
  4197.646 9.638E-01
  4197.932 9.582E-01
  4198.218 9.518E-01
  4198.504 9.446E-01
  4198.790 9.370E-01
  4199.076 9.300E-01
  4199.362 9.247E-01
  4199.648 9.219E-01
  4199.934 9.216E-01
  4200.220 9.239E-01
  4200.506 9.286E-01
  4200.792 9.351E-01
  4201.078 9.429E-01
  4201.364 9.509E-01
  4201.650 9.583E-01
  4201.936 9.643E-01
  4202.222 9.693E-01
  4202.508 9.737E-01
  4202.794 9.774E-01
  4203.080 9.806E-01
  4203.366 9.833E-01
  4203.652 9.857E-01
  4203.938 9.877E-01
  4204.224 9.893E-01
  4204.510 9.908E-01
  4204.796 9.920E-01
  4205.082 9.930E-01
  4205.368 9.939E-01
  4205.654 9.946E-01
  4205.940 9.952E-01
  4206.226 9.956E-01
  4206.512 9.960E-01
  4206.798 9.964E-01
  4207.084 9.967E-01
  4207.370 9.969E-01
  4207.656 9.972E-01
  4207.942 9.974E-01
  4208.228 9.976E-01
  4208.514 9.978E-01
  4208.800 9.980E-01
  4209.086 9.981E-01
  4209.372 9.982E-01
  4209.658 9.982E-01
  4209.944 9.983E-01
  4210.230 9.983E-01
  4210.516 9.982E-01
  4210.802 9.966E-01
  4211.088 9.913E-01
  4211.374 9.838E-01
  4211.660 9.774E-01
  4211.946 9.733E-01
  4212.232 9.713E-01
  4212.518 9.711E-01
  4212.804 9.728E-01
  4213.090 9.766E-01
  4213.376 9.826E-01
  4213.662 9.902E-01
  4213.948 9.964E-01
  4214.234 9.987E-01
  4214.520 9.988E-01
  4214.806 9.985E-01
  4215.092 9.982E-01
  4215.378 9.980E-01
  4215.664 9.980E-01
  4215.950 9.982E-01
  4216.236 9.985E-01
  4216.522 9.989E-01
  4216.808 9.994E-01
  4217.094 9.998E-01
  4217.380 1.000E+00
  4217.666 1.000E+00
  4217.952 9.999E-01
  4218.238 9.997E-01
  4218.524 9.999E-01
  4218.810 1.000E+00
  4219.096 1.001E+00
  4219.382 1.001E+00
  4219.668 1.001E+00
  4219.954 1.001E+00
  4220.240 1.002E+00
  4220.526 1.001E+00
  4220.812 1.001E+00
  4221.098 1.000E+00
  4221.384 9.995E-01
  4221.670 9.992E-01
  4221.956 9.989E-01
  4222.242 9.988E-01
  4222.528 9.987E-01
  4222.814 9.988E-01
  4223.100 9.991E-01
  4223.386 9.994E-01
  4223.672 9.997E-01
  4223.958 9.998E-01
  4224.244 9.998E-01
  4224.530 9.997E-01
  4224.816 9.997E-01
  4225.102 9.997E-01
  4225.388 9.996E-01
  4225.674 9.996E-01
  4225.960 9.996E-01
  4226.246 9.996E-01
  4226.532 9.995E-01
  4226.818 9.994E-01
  4227.104 9.993E-01
  4227.390 9.992E-01
  4227.676 9.992E-01
  4227.962 9.992E-01
  4228.248 9.992E-01
  4228.534 9.993E-01
  4228.820 9.994E-01
  4229.106 9.996E-01
  4229.392 9.997E-01
  4229.678 9.997E-01
  4229.964 9.998E-01
  4230.250 1.000E+00
  4230.536 1.000E+00
  4230.822 1.001E+00
  4231.108 1.001E+00
  4231.394 1.001E+00
  4231.680 1.001E+00
  4231.966 1.001E+00
  4232.252 1.001E+00
  4232.538 1.001E+00
  4232.824 1.001E+00
  4233.110 1.000E+00
  4233.396 1.000E+00
  4233.682 1.000E+00
  4233.968 1.000E+00
  4234.254 1.000E+00
  4234.540 1.000E+00
  4234.826 9.999E-01
  4235.112 9.998E-01
  4235.398 9.996E-01
  4235.684 9.995E-01
  4235.970 9.995E-01
  4236.256 9.994E-01
  4236.542 9.994E-01
  4236.828 9.994E-01
  4237.114 9.994E-01
  4237.400 9.993E-01
  4237.686 9.993E-01
  4237.972 9.993E-01
  4238.258 9.991E-01
  4238.544 9.990E-01
  4238.830 9.990E-01
  4239.116 9.991E-01
  4239.402 9.991E-01
  4239.688 9.992E-01
  4239.974 9.992E-01
  4240.260 9.992E-01
  4240.546 9.993E-01
  4240.832 9.993E-01
  4241.118 9.993E-01
  4241.404 9.992E-01
  4241.690 9.991E-01
  4241.976 9.992E-01
  4242.262 9.993E-01
  4242.548 9.993E-01
  4242.834 9.994E-01
  4243.120 9.995E-01
  4243.406 9.996E-01
  4243.692 9.996E-01
  4243.978 9.996E-01
  4244.264 9.995E-01
  4244.550 9.994E-01
  4244.836 9.994E-01
  4245.122 9.993E-01
  4245.408 9.991E-01
  4245.694 9.989E-01
  4245.980 9.985E-01
  4246.266 9.980E-01
  4246.552 9.976E-01
  4246.838 9.973E-01
  4247.124 9.973E-01
  4247.410 9.974E-01
  4247.696 9.976E-01
  4247.982 9.978E-01
  4248.268 9.980E-01
  4248.554 9.981E-01
  4248.840 9.982E-01
  4249.126 9.981E-01
  4249.412 9.981E-01
  4249.698 9.983E-01
  4249.984 9.985E-01
  4250.270 9.987E-01
  4250.556 9.991E-01
  4250.842 9.996E-01
  4251.128 1.000E+00
  4251.414 1.000E+00
  4251.700 1.000E+00
  4251.986 9.992E-01
  4252.272 9.975E-01
  4252.558 9.978E-01
  4252.844 1.002E+00
  4253.130 1.006E+00
  4253.416 1.010E+00
  4253.702 1.013E+00
  4253.988 1.014E+00
  4254.274 1.015E+00
  4254.560 1.015E+00
  4254.846 1.014E+00
  4255.132 1.010E+00
  4255.418 1.004E+00
  4255.704 9.998E-01
  4255.990 9.986E-01
  4256.276 9.982E-01
  4256.562 9.979E-01
  4256.848 9.977E-01
  4257.134 9.976E-01
  4257.420 9.976E-01
  4257.706 9.978E-01
  4257.992 9.981E-01
  4258.278 9.984E-01
  4258.564 9.987E-01
  4258.850 9.991E-01
  4259.136 9.994E-01
  4259.422 9.996E-01
  4259.708 9.996E-01
  4259.994 9.996E-01
  4260.280 9.996E-01
  4260.566 9.995E-01
  4260.852 9.995E-01
  4261.138 9.995E-01
  4261.424 9.995E-01
  4261.710 9.995E-01
  4261.996 9.995E-01
  4262.282 9.994E-01
  4262.568 9.994E-01
  4262.854 9.994E-01
  4263.140 9.995E-01
  4263.426 9.995E-01
  4263.712 9.995E-01
  4263.998 9.996E-01
  4264.284 9.997E-01
  4264.570 9.998E-01
  4264.856 9.998E-01
  4265.142 9.997E-01
  4265.428 9.986E-01
  4265.714 9.952E-01
  4266.000 9.897E-01
  4266.286 9.845E-01
  4266.572 9.809E-01
  4266.858 9.789E-01
  4267.144 9.783E-01
  4267.430 9.792E-01
  4267.716 9.816E-01
  4268.002 9.855E-01
  4268.288 9.910E-01
  4268.574 9.962E-01
  4268.860 9.990E-01
  4269.146 9.997E-01
  4269.432 9.998E-01
  4269.718 9.998E-01
  4270.004 9.998E-01
  4270.290 9.998E-01
  4270.576 9.998E-01
  4270.862 9.997E-01
  4271.148 9.997E-01
  4271.434 9.997E-01
  4271.720 9.996E-01
  4272.006 9.995E-01
  4272.292 9.994E-01
  4272.578 9.993E-01
  4272.864 9.992E-01
  4273.150 9.991E-01
  4273.436 9.990E-01
  4273.722 9.989E-01
  4274.008 9.983E-01
  4274.294 9.968E-01
  4274.580 9.952E-01
  4274.866 9.938E-01
  4275.152 9.925E-01
  4275.438 9.908E-01
  4275.724 9.892E-01
  4276.010 9.882E-01
  4276.296 9.878E-01
  4276.582 9.882E-01
  4276.868 9.895E-01
  4277.154 9.907E-01
  4277.440 9.917E-01
  4277.726 9.929E-01
  4278.012 9.945E-01
  4278.298 9.959E-01
  4278.584 9.969E-01
  4278.870 9.976E-01
  4279.156 9.982E-01
  4279.442 9.986E-01
  4279.728 9.989E-01
  4280.014 9.990E-01
  4280.300 9.991E-01
  4280.586 9.990E-01
  4280.872 9.989E-01
  4281.158 9.989E-01
  4281.444 9.986E-01
  4281.730 9.978E-01
  4282.016 9.969E-01
  4282.302 9.960E-01
  4282.588 9.955E-01
  4282.874 9.952E-01
  4283.160 9.949E-01
  4283.446 9.943E-01
  4283.732 9.929E-01
  4284.018 9.915E-01
  4284.304 9.909E-01
  4284.590 9.909E-01
  4284.876 9.908E-01
  4285.162 9.911E-01
  4285.448 9.917E-01
  4285.734 9.928E-01
  4286.020 9.946E-01
  4286.306 9.968E-01
  4286.592 9.984E-01
  4286.878 9.990E-01
  4287.164 9.991E-01
  4287.450 9.989E-01
  4287.736 9.985E-01
  4288.022 9.980E-01
  4288.308 9.977E-01
  4288.594 9.974E-01
  4288.880 9.970E-01
  4289.166 9.963E-01
  4289.452 9.954E-01
  4289.738 9.948E-01
  4290.024 9.945E-01
  4290.310 9.945E-01
  4290.596 9.946E-01
  4290.882 9.948E-01
  4291.168 9.953E-01
  4291.454 9.962E-01
  4291.740 9.973E-01
  4292.026 9.983E-01
  4292.312 9.989E-01
  4292.598 9.992E-01
  4292.884 9.994E-01
  4293.170 9.994E-01
  4293.456 9.990E-01
  4293.742 9.982E-01
  4294.028 9.975E-01
  4294.314 9.969E-01
  4294.600 9.966E-01
  4294.886 9.965E-01
  4295.172 9.966E-01
  4295.458 9.969E-01
  4295.744 9.973E-01
  4296.030 9.980E-01
  4296.316 9.988E-01
  4296.602 9.995E-01
  4296.888 1.000E+00
  4297.174 1.001E+00
  4297.460 1.001E+00
  4297.746 1.001E+00
  4298.032 1.001E+00
  4298.318 1.001E+00
  4298.604 1.001E+00
  4298.890 1.001E+00
  4299.176 1.000E+00
  4299.462 9.998E-01
  4299.748 9.994E-01
  4300.034 9.993E-01
  4300.320 9.993E-01
  4300.606 9.992E-01
  4300.892 9.992E-01
  4301.178 9.993E-01
  4301.464 9.996E-01
  4301.750 1.000E+00
  4302.036 1.001E+00
  4302.322 1.001E+00
  4302.608 9.996E-01
  4302.894 9.980E-01
  4303.180 9.965E-01
  4303.466 9.953E-01
  4303.752 9.942E-01
  4304.038 9.933E-01
  4304.324 9.928E-01
  4304.610 9.932E-01
  4304.896 9.948E-01
  4305.182 9.968E-01
  4305.468 9.981E-01
  4305.754 9.987E-01
  4306.040 9.988E-01
  4306.326 9.988E-01
  4306.612 9.986E-01
  4306.898 9.984E-01
  4307.184 9.982E-01
  4307.470 9.980E-01
  4307.756 9.977E-01
  4308.042 9.974E-01
  4308.328 9.973E-01
  4308.614 9.974E-01
  4308.900 9.973E-01
  4309.186 9.971E-01
  4309.472 9.968E-01
  4309.758 9.968E-01
  4310.044 9.969E-01
  4310.330 9.971E-01
  4310.616 9.973E-01
  4310.902 9.974E-01
  4311.188 9.974E-01
  4311.474 9.975E-01
  4311.760 9.976E-01
  4312.046 9.972E-01
  4312.332 9.963E-01
  4312.618 9.951E-01
  4312.904 9.935E-01
  4313.190 9.921E-01
  4313.476 9.913E-01
  4313.762 9.909E-01
  4314.048 9.908E-01
  4314.334 9.910E-01
  4314.620 9.918E-01
  4314.906 9.930E-01
  4315.192 9.941E-01
  4315.478 9.948E-01
  4315.764 9.938E-01
  4316.050 9.913E-01
  4316.336 9.891E-01
  4316.622 9.876E-01
  4316.908 9.869E-01
  4317.194 9.867E-01
  4317.480 9.870E-01
  4317.766 9.879E-01
  4318.052 9.887E-01
  4318.338 9.890E-01
  4318.624 9.886E-01
  4318.910 9.876E-01
  4319.196 9.866E-01
  4319.482 9.859E-01
  4319.768 9.858E-01
  4320.054 9.862E-01
  4320.340 9.872E-01
  4320.626 9.891E-01
  4320.912 9.916E-01
  4321.198 9.937E-01
  4321.484 9.946E-01
  4321.770 9.950E-01
  4322.056 9.952E-01
  4322.342 9.954E-01
  4322.628 9.957E-01
  4322.914 9.958E-01
  4323.200 9.958E-01
  4323.486 9.956E-01
  4323.772 9.951E-01
  4324.058 9.939E-01
  4324.344 9.919E-01
  4324.630 9.897E-01
  4324.916 9.881E-01
  4325.202 9.870E-01
  4325.488 9.863E-01
  4325.774 9.859E-01
  4326.060 9.857E-01
  4326.346 9.853E-01
  4326.632 9.848E-01
  4326.918 9.838E-01
  4327.204 9.822E-01
  4327.490 9.805E-01
  4327.776 9.790E-01
  4328.062 9.783E-01
  4328.348 9.782E-01
  4328.634 9.790E-01
  4328.920 9.803E-01
  4329.206 9.818E-01
  4329.492 9.834E-01
  4329.778 9.842E-01
  4330.064 9.839E-01
  4330.350 9.828E-01
  4330.636 9.813E-01
  4330.922 9.795E-01
  4331.208 9.773E-01
  4331.494 9.746E-01
  4331.780 9.716E-01
  4332.066 9.688E-01
  4332.352 9.663E-01
  4332.638 9.641E-01
  4332.924 9.620E-01
  4333.210 9.600E-01
  4333.496 9.579E-01
  4333.782 9.557E-01
  4334.068 9.532E-01
  4334.354 9.500E-01
  4334.640 9.457E-01
  4334.926 9.405E-01
  4335.212 9.344E-01
  4335.498 9.272E-01
  4335.784 9.190E-01
  4336.070 9.098E-01
  4336.356 8.997E-01
  4336.642 8.884E-01
  4336.928 8.759E-01
  4337.214 8.621E-01
  4337.500 8.467E-01
  4337.786 8.291E-01
  4338.072 8.087E-01
  4338.358 7.847E-01
  4338.644 7.565E-01
  4338.930 7.246E-01
  4339.216 6.910E-01
  4339.502 6.585E-01
  4339.788 6.305E-01
  4340.074 6.105E-01
  4340.360 6.011E-01
  4340.646 6.034E-01
  4340.932 6.171E-01
  4341.218 6.407E-01
  4341.504 6.716E-01
  4341.790 7.066E-01
  4342.076 7.420E-01
  4342.362 7.749E-01
  4342.648 8.036E-01
  4342.934 8.278E-01
  4343.220 8.480E-01
  4343.506 8.649E-01
  4343.792 8.792E-01
  4344.078 8.906E-01
  4344.364 8.991E-01
  4344.650 9.060E-01
  4344.936 9.126E-01
  4345.222 9.191E-01
  4345.508 9.254E-01
  4345.794 9.309E-01
  4346.080 9.350E-01
  4346.366 9.386E-01
  4346.652 9.428E-01
  4346.938 9.477E-01
  4347.224 9.522E-01
  4347.510 9.558E-01
  4347.796 9.578E-01
  4348.082 9.572E-01
  4348.368 9.556E-01
  4348.654 9.554E-01
  4348.940 9.563E-01
  4349.226 9.572E-01
  4349.512 9.580E-01
  4349.798 9.583E-01
  4350.084 9.578E-01
  4350.370 9.589E-01
  4350.656 9.625E-01
  4350.942 9.669E-01
  4351.228 9.695E-01
  4351.514 9.711E-01
  4351.800 9.732E-01
  4352.086 9.762E-01
  4352.372 9.803E-01
  4352.658 9.848E-01
  4352.944 9.878E-01
  4353.230 9.890E-01
  4353.516 9.895E-01
  4353.802 9.899E-01
  4354.088 9.905E-01
  4354.374 9.911E-01
  4354.660 9.917E-01
  4354.946 9.924E-01
  4355.232 9.927E-01
  4355.518 9.925E-01
  4355.804 9.921E-01
  4356.090 9.918E-01
  4356.376 9.917E-01
  4356.662 9.917E-01
  4356.948 9.919E-01
  4357.234 9.923E-01
  4357.520 9.928E-01
  4357.806 9.935E-01
  4358.092 9.944E-01
  4358.378 9.951E-01
  4358.664 9.955E-01
  4358.950 9.957E-01
  4359.236 9.958E-01
  4359.522 9.960E-01
  4359.808 9.961E-01
  4360.094 9.959E-01
  4360.380 9.953E-01
  4360.666 9.948E-01
  4360.952 9.945E-01
  4361.238 9.944E-01
  4361.524 9.944E-01
  4361.810 9.945E-01
  4362.096 9.948E-01
  4362.382 9.953E-01
  4362.668 9.961E-01
  4362.954 9.968E-01
  4363.240 9.972E-01
  4363.526 9.970E-01
  4363.812 9.967E-01
  4364.098 9.966E-01
  4364.384 9.966E-01
  4364.670 9.967E-01
  4364.956 9.968E-01
  4365.242 9.962E-01
  4365.528 9.942E-01
  4365.814 9.915E-01
  4366.100 9.893E-01
  4366.386 9.878E-01
  4366.672 9.870E-01
  4366.958 9.866E-01
  4367.244 9.870E-01
  4367.530 9.880E-01
  4367.816 9.896E-01
  4368.102 9.916E-01
  4368.388 9.936E-01
  4368.674 9.946E-01
  4368.960 9.948E-01
  4369.246 9.950E-01
  4369.532 9.954E-01
  4369.818 9.958E-01
  4370.104 9.964E-01
  4370.390 9.970E-01
  4370.676 9.975E-01
  4370.962 9.971E-01
  4371.248 9.959E-01
  4371.534 9.946E-01
  4371.820 9.936E-01
  4372.106 9.932E-01
  4372.392 9.931E-01
  4372.678 9.934E-01
  4372.964 9.937E-01
  4373.250 9.943E-01
  4373.536 9.953E-01
  4373.822 9.963E-01
  4374.108 9.971E-01
  4374.394 9.973E-01
  4374.680 9.971E-01
  4374.966 9.968E-01
  4375.252 9.966E-01
  4375.538 9.966E-01
  4375.824 9.967E-01
  4376.110 9.968E-01
  4376.396 9.970E-01
  4376.682 9.977E-01
  4376.968 9.995E-01
  4377.254 1.002E+00
  4377.540 1.005E+00
  4377.826 1.006E+00
  4378.112 1.005E+00
  4378.398 1.005E+00
  4378.684 1.004E+00
  4378.970 1.003E+00
  4379.256 1.001E+00
  4379.542 9.993E-01
  4379.828 9.975E-01
  4380.114 9.966E-01
  4380.400 9.974E-01
  4380.686 9.988E-01
  4380.972 9.992E-01
  4381.258 9.989E-01
  4381.544 9.984E-01
  4381.830 9.978E-01
  4382.116 9.971E-01
  4382.402 9.966E-01
  4382.688 9.963E-01
  4382.974 9.962E-01
  4383.260 9.964E-01
  4383.546 9.966E-01
  4383.832 9.968E-01
  4384.118 9.972E-01
  4384.404 9.972E-01
  4384.690 9.968E-01
  4384.976 9.959E-01
  4385.262 9.942E-01
  4385.548 9.915E-01
  4385.834 9.869E-01
  4386.120 9.782E-01
  4386.406 9.619E-01
  4386.692 9.378E-01
  4386.978 9.114E-01
  4387.264 8.892E-01
  4387.550 8.742E-01
  4387.836 8.674E-01
  4388.122 8.688E-01
  4388.408 8.784E-01
  4388.694 8.959E-01
  4388.980 9.201E-01
  4389.266 9.472E-01
  4389.552 9.701E-01
  4389.838 9.844E-01
  4390.124 9.918E-01
  4390.410 9.962E-01
  4390.696 1.000E+00
  4390.982 1.004E+00
  4391.268 1.006E+00
  4391.554 1.007E+00
  4391.840 1.008E+00
  4392.126 1.008E+00
  4392.412 1.007E+00
  4392.698 1.006E+00
  4392.984 1.004E+00
  4393.270 1.002E+00
  4393.556 9.991E-01
  4393.842 9.980E-01
  4394.128 9.976E-01
  4394.414 9.969E-01
  4394.700 9.953E-01
  4394.986 9.937E-01
  4395.272 9.927E-01
  4395.558 9.923E-01
  4395.844 9.923E-01
  4396.130 9.926E-01
  4396.416 9.933E-01
  4396.702 9.945E-01
  4396.988 9.963E-01
  4397.274 9.984E-01
  4397.560 1.000E+00
  4397.846 1.001E+00
  4398.132 1.001E+00
  4398.418 1.001E+00
  4398.704 1.000E+00
  4398.990 9.998E-01
  4399.276 9.989E-01
  4399.562 9.981E-01
  4399.848 9.977E-01
  4400.134 9.975E-01
  4400.420 9.975E-01
  4400.706 9.976E-01
  4400.992 9.978E-01
  4401.278 9.982E-01
  4401.564 9.987E-01
  4401.850 9.991E-01
  4402.136 9.992E-01
  4402.422 9.985E-01
  4402.708 9.975E-01
  4402.994 9.967E-01
  4403.280 9.962E-01
  4403.566 9.960E-01
  4403.852 9.959E-01
  4404.138 9.960E-01
  4404.424 9.960E-01
  4404.710 9.962E-01
  4404.996 9.966E-01
  4405.282 9.971E-01
  4405.568 9.972E-01
  4405.854 9.971E-01
  4406.140 9.972E-01
  4406.426 9.974E-01
  4406.712 9.978E-01
  4406.998 9.984E-01
  4407.284 9.990E-01
  4407.570 9.997E-01
  4407.856 1.001E+00
  4408.142 1.003E+00
  4408.428 1.004E+00
  4408.714 1.005E+00
  4409.000 1.006E+00
  4409.286 1.006E+00
  4409.572 1.005E+00
  4409.858 1.004E+00
  4410.144 1.003E+00
  4410.430 1.001E+00
  4410.716 9.988E-01
  4411.002 9.976E-01
  4411.288 9.977E-01
  4411.574 9.984E-01
  4411.860 9.994E-01
  4412.146 1.001E+00
  4412.432 1.002E+00
  4412.718 1.002E+00
  4413.004 1.003E+00
  4413.290 1.001E+00
  4413.576 9.947E-01
  4413.862 9.871E-01
  4414.148 9.808E-01
  4414.434 9.765E-01
  4414.720 9.740E-01
  4415.006 9.735E-01
  4415.292 9.739E-01
  4415.578 9.740E-01
  4415.864 9.744E-01
  4416.150 9.772E-01
  4416.436 9.809E-01
  4416.722 9.823E-01
  4417.008 9.824E-01
  4417.294 9.830E-01
  4417.580 9.844E-01
  4417.866 9.870E-01
  4418.152 9.909E-01
  4418.438 9.950E-01
  4418.724 9.973E-01
  4419.010 9.979E-01
  4419.296 9.980E-01
  4419.582 9.982E-01
  4419.868 9.986E-01
  4420.154 9.991E-01
  4420.440 9.995E-01
  4420.726 9.998E-01
  4421.012 1.000E+00
  4421.298 1.000E+00
  4421.584 1.000E+00
  4421.870 1.000E+00
  4422.156 1.000E+00
  4422.442 1.000E+00
  4422.728 1.000E+00
  4423.014 9.999E-01
  4423.300 9.999E-01
  4423.586 9.999E-01
  4423.872 9.999E-01
  4424.158 9.999E-01
  4424.444 9.999E-01
  4424.730 9.999E-01
  4425.016 9.998E-01
  4425.302 9.998E-01
  4425.588 9.998E-01
  4425.874 9.998E-01
  4426.160 9.997E-01
  4426.446 9.997E-01
  4426.732 9.996E-01
  4427.018 9.999E-01
  4427.304 1.001E+00
  4427.590 1.002E+00
  4427.876 1.003E+00
  4428.162 1.003E+00
  4428.448 1.004E+00
  4428.734 1.004E+00
  4429.020 1.004E+00
  4429.306 1.004E+00
  4429.592 1.003E+00
  4429.878 1.002E+00
  4430.164 1.001E+00
  4430.450 1.001E+00
  4430.736 1.000E+00
  4431.022 9.998E-01
  4431.308 9.993E-01
  4431.594 9.989E-01
  4431.880 9.987E-01
  4432.166 9.984E-01
  4432.452 9.981E-01
  4432.738 9.980E-01
  4433.024 9.981E-01
  4433.310 9.984E-01
  4433.596 9.987E-01
  4433.882 9.990E-01
  4434.168 9.992E-01
  4434.454 9.993E-01
  4434.740 9.993E-01
  4435.026 9.991E-01
  4435.312 9.986E-01
  4435.598 9.977E-01
  4435.884 9.956E-01
  4436.170 9.914E-01
  4436.456 9.859E-01
  4436.742 9.811E-01
  4437.028 9.780E-01
  4437.314 9.764E-01
  4437.600 9.765E-01
  4437.886 9.781E-01
  4438.172 9.812E-01
  4438.458 9.855E-01
  4438.744 9.909E-01
  4439.030 9.960E-01
  4439.316 9.991E-01
  4439.602 1.000E+00
  4439.888 1.000E+00
  4440.174 9.995E-01
  4440.460 9.988E-01
  4440.746 9.981E-01
  4441.032 9.977E-01
  4441.318 9.976E-01
  4441.604 9.975E-01
  4441.890 9.973E-01
  4442.176 9.971E-01
  4442.462 9.971E-01
  4442.748 9.973E-01
  4443.034 9.976E-01
  4443.320 9.979E-01
  4443.606 9.981E-01
  4443.892 9.983E-01
  4444.178 9.987E-01
  4444.464 9.993E-01
  4444.750 9.997E-01
  4445.036 9.998E-01
  4445.322 9.995E-01
  4445.608 9.990E-01
  4445.894 9.982E-01
  4446.180 9.975E-01
  4446.466 9.968E-01
  4446.752 9.957E-01
  4447.038 9.944E-01
  4447.324 9.935E-01
  4447.610 9.933E-01
  4447.896 9.936E-01
  4448.182 9.943E-01
  4448.468 9.953E-01
  4448.754 9.962E-01
  4449.040 9.971E-01
  4449.326 9.982E-01
  4449.612 9.993E-01
  4449.898 9.997E-01
  4450.184 9.993E-01
  4450.470 9.987E-01
  4450.756 9.980E-01
  4451.042 9.968E-01
  4451.328 9.952E-01
  4451.614 9.937E-01
  4451.900 9.927E-01
  4452.186 9.922E-01
  4452.472 9.922E-01
  4452.758 9.928E-01
  4453.044 9.937E-01
  4453.330 9.949E-01
  4453.616 9.963E-01
  4453.902 9.979E-01
  4454.188 9.991E-01
  4454.474 9.996E-01
  4454.760 9.997E-01
  4455.046 9.997E-01
  4455.332 9.997E-01
  4455.618 9.999E-01
  4455.904 1.000E+00
  4456.190 1.001E+00
  4456.476 1.001E+00
  4456.762 1.001E+00
  4457.048 1.001E+00
  4457.334 1.001E+00
  4457.620 1.001E+00
  4457.906 1.001E+00
  4458.192 1.001E+00
  4458.478 1.000E+00
  4458.764 9.997E-01
  4459.050 9.995E-01
  4459.336 9.994E-01
  4459.622 9.994E-01
  4459.908 9.993E-01
  4460.194 9.990E-01
  4460.480 9.986E-01
  4460.766 9.983E-01
  4461.052 9.980E-01
  4461.338 9.978E-01
  4461.624 9.977E-01
  4461.910 9.977E-01
  4462.196 9.978E-01
  4462.482 9.979E-01
  4462.768 9.981E-01
  4463.054 9.984E-01
  4463.340 9.986E-01
  4463.626 9.988E-01
  4463.912 9.995E-01
  4464.198 1.001E+00
  4464.484 1.002E+00
  4464.770 1.003E+00
  4465.056 1.003E+00
  4465.342 1.002E+00
  4465.628 1.001E+00
  4465.914 9.999E-01
  4466.200 9.984E-01
  4466.486 9.969E-01
  4466.772 9.955E-01
  4467.058 9.942E-01
  4467.344 9.930E-01
  4467.630 9.918E-01
  4467.916 9.898E-01
  4468.202 9.863E-01
  4468.488 9.803E-01
  4468.774 9.717E-01
  4469.060 9.615E-01
  4469.346 9.502E-01
  4469.632 9.354E-01
  4469.918 9.114E-01
  4470.204 8.755E-01
  4470.490 8.346E-01
  4470.776 7.995E-01
  4471.062 7.765E-01
  4471.348 7.667E-01
  4471.634 7.689E-01
  4471.920 7.820E-01
  4472.206 8.063E-01
  4472.492 8.421E-01
  4472.778 8.860E-01
  4473.064 9.276E-01
  4473.350 9.573E-01
  4473.636 9.739E-01
  4473.922 9.825E-01
  4474.208 9.874E-01
  4474.494 9.904E-01
  4474.780 9.924E-01
  4475.066 9.939E-01
  4475.352 9.951E-01
  4475.638 9.959E-01
  4475.924 9.966E-01
  4476.210 9.971E-01
  4476.496 9.975E-01
  4476.782 9.978E-01
  4477.068 9.980E-01
  4477.354 9.982E-01
  4477.640 9.984E-01
  4477.926 9.985E-01
  4478.212 9.983E-01
  4478.498 9.973E-01
  4478.784 9.957E-01
  4479.070 9.942E-01
  4479.356 9.927E-01
  4479.642 9.899E-01
  4479.928 9.852E-01
  4480.214 9.804E-01
  4480.500 9.772E-01
  4480.786 9.758E-01
  4481.072 9.762E-01
  4481.358 9.780E-01
  4481.644 9.805E-01
  4481.930 9.834E-01
  4482.216 9.874E-01
  4482.502 9.924E-01
  4482.788 9.969E-01
  4483.074 9.990E-01
  4483.360 9.996E-01
  4483.646 9.996E-01
  4483.932 9.996E-01
  4484.218 9.996E-01
  4484.504 9.996E-01
  4484.790 9.997E-01
  4485.076 9.997E-01
  4485.362 9.997E-01
  4485.648 9.997E-01
  4485.934 9.998E-01
  4486.220 1.000E+00
  4486.506 1.001E+00
  4486.792 1.003E+00
  4487.078 1.005E+00
  4487.364 1.007E+00
  4487.650 1.007E+00
  4487.936 1.008E+00
  4488.222 1.007E+00
  4488.508 1.007E+00
  4488.794 1.005E+00
  4489.080 1.003E+00
  4489.366 1.002E+00
  4489.652 1.000E+00
  4489.938 9.992E-01
  4490.224 9.991E-01
  4490.510 9.993E-01
  4490.796 9.996E-01
  4491.082 9.997E-01
  4491.368 9.998E-01
  4491.654 9.998E-01
  4491.940 9.997E-01
  4492.226 9.997E-01
  4492.512 9.996E-01
  4492.798 9.996E-01
  4493.084 9.996E-01
  4493.370 9.995E-01
  4493.656 9.996E-01
  4493.942 9.996E-01
  4494.228 9.996E-01
  4494.514 9.997E-01
  4494.800 9.998E-01
  4495.086 1.000E+00
  4495.372 1.000E+00
  4495.658 1.000E+00
  4495.944 1.000E+00
  4496.230 1.000E+00
  4496.516 1.000E+00
  4496.802 1.000E+00
  4497.088 1.000E+00
  4497.374 1.000E+00
  4497.660 1.000E+00
  4497.946 1.001E+00
  4498.232 1.001E+00
  4498.518 1.001E+00
  4498.804 1.001E+00
  4499.090 1.001E+00
  4499.376 1.001E+00
  4499.662 1.000E+00
  4499.948 9.999E-01
  4500.234 9.995E-01
  4500.520 9.992E-01
  4500.806 9.991E-01
  4501.092 9.991E-01
  4501.378 9.992E-01
  4501.664 9.993E-01
  4501.950 9.994E-01
  4502.236 9.996E-01
  4502.522 9.997E-01
  4502.808 9.998E-01
  4503.094 9.998E-01
  4503.380 9.998E-01
  4503.666 9.998E-01
  4503.952 9.999E-01
  4504.238 9.998E-01
  4504.524 9.996E-01
  4504.810 9.991E-01
  4505.096 9.987E-01
  4505.382 9.984E-01
  4505.668 9.982E-01
  4505.954 9.981E-01
  4506.240 9.982E-01
  4506.526 9.984E-01
  4506.812 9.988E-01
  4507.098 9.993E-01
  4507.384 9.998E-01
  4507.670 1.000E+00
  4507.956 1.000E+00
  4508.242 1.000E+00
  4508.528 1.000E+00
  4508.814 1.000E+00
  4509.100 9.996E-01
  4509.386 9.970E-01
  4509.672 9.918E-01
  4509.958 9.862E-01
  4510.244 9.817E-01
  4510.530 9.787E-01
  4510.816 9.770E-01
  4511.102 9.763E-01
  4511.388 9.767E-01
  4511.674 9.786E-01
  4511.960 9.824E-01
  4512.246 9.877E-01
  4512.532 9.927E-01
  4512.818 9.950E-01
  4513.104 9.945E-01
  4513.390 9.906E-01
  4513.676 9.844E-01
  4513.962 9.788E-01
  4514.248 9.745E-01
  4514.534 9.712E-01
  4514.820 9.695E-01
  4515.106 9.692E-01
  4515.392 9.702E-01
  4515.678 9.729E-01
  4515.964 9.777E-01
  4516.250 9.838E-01
  4516.536 9.882E-01
  4516.822 9.891E-01
  4517.108 9.888E-01
  4517.394 9.888E-01
  4517.680 9.892E-01
  4517.966 9.901E-01
  4518.252 9.915E-01
  4518.538 9.928E-01
  4518.824 9.939E-01
  4519.110 9.953E-01
  4519.396 9.970E-01
  4519.682 9.987E-01
  4519.968 9.995E-01
  4520.254 9.997E-01
  4520.540 9.997E-01
  4520.826 9.998E-01
  4521.112 9.999E-01
  4521.398 1.000E+00
  4521.684 1.000E+00
  4521.970 9.996E-01
  4522.256 9.976E-01
  4522.542 9.954E-01
  4522.828 9.936E-01
  4523.114 9.924E-01
  4523.400 9.916E-01
  4523.686 9.913E-01
  4523.972 9.915E-01
  4524.258 9.923E-01
  4524.544 9.938E-01
  4524.830 9.960E-01
  4525.116 9.982E-01
  4525.402 9.992E-01
  4525.688 9.994E-01
  4525.974 9.994E-01
  4526.260 9.994E-01
  4526.546 9.992E-01
  4526.832 9.990E-01
  4527.118 9.987E-01
  4527.404 9.982E-01
  4527.690 9.971E-01
  4527.976 9.955E-01
  4528.262 9.941E-01
  4528.548 9.931E-01
  4528.834 9.925E-01
  4529.120 9.922E-01
  4529.406 9.921E-01
  4529.692 9.921E-01
  4529.978 9.926E-01
  4530.264 9.935E-01
  4530.550 9.949E-01
  4530.836 9.959E-01
  4531.122 9.964E-01
  4531.408 9.966E-01
  4531.694 9.969E-01
  4531.980 9.973E-01
  4532.266 9.977E-01
  4532.552 9.978E-01
  4532.838 9.974E-01
  4533.124 9.961E-01
  4533.410 9.940E-01
  4533.696 9.921E-01
  4533.982 9.906E-01
  4534.268 9.896E-01
  4534.554 9.890E-01
  4534.840 9.888E-01
  4535.126 9.890E-01
  4535.412 9.896E-01
  4535.698 9.906E-01
  4535.984 9.919E-01
  4536.270 9.925E-01
  4536.556 9.922E-01
  4536.842 9.911E-01
  4537.128 9.897E-01
  4537.414 9.881E-01
  4537.700 9.861E-01
  4537.986 9.836E-01
  4538.272 9.805E-01
  4538.558 9.766E-01
  4538.844 9.718E-01
  4539.130 9.661E-01
  4539.416 9.591E-01
  4539.702 9.506E-01
  4539.988 9.406E-01
  4540.274 9.297E-01
  4540.560 9.191E-01
  4540.846 9.102E-01
  4541.132 9.039E-01
  4541.418 9.008E-01
  4541.704 9.012E-01
  4541.990 9.051E-01
  4542.276 9.121E-01
  4542.562 9.216E-01
  4542.848 9.325E-01
  4543.134 9.432E-01
  4543.420 9.527E-01
  4543.706 9.603E-01
  4543.992 9.665E-01
  4544.278 9.715E-01
  4544.564 9.756E-01
  4544.850 9.788E-01
  4545.136 9.813E-01
  4545.422 9.835E-01
  4545.708 9.854E-01
  4545.994 9.871E-01
  4546.280 9.887E-01
  4546.566 9.901E-01
  4546.852 9.912E-01
  4547.138 9.921E-01
  4547.424 9.931E-01
  4547.710 9.941E-01
  4547.996 9.950E-01
  4548.282 9.956E-01
  4548.568 9.962E-01
  4548.854 9.968E-01
  4549.140 9.972E-01
  4549.426 9.974E-01
  4549.712 9.976E-01
  4549.998 9.978E-01
  4550.284 9.980E-01
  4550.570 9.980E-01
  4550.856 9.968E-01
  4551.142 9.924E-01
  4551.428 9.850E-01
  4551.714 9.783E-01
  4552.000 9.737E-01
  4552.286 9.711E-01
  4552.572 9.700E-01
  4552.858 9.706E-01
  4553.144 9.728E-01
  4553.430 9.769E-01
  4553.716 9.830E-01
  4554.002 9.904E-01
  4554.288 9.963E-01
  4554.574 9.984E-01
  4554.860 9.987E-01
  4555.146 9.988E-01
  4555.432 9.989E-01
  4555.718 9.991E-01
  4556.004 9.992E-01
  4556.290 9.995E-01
  4556.576 9.998E-01
  4556.862 1.000E+00
  4557.148 1.000E+00
  4557.434 1.000E+00
  4557.720 1.001E+00
  4558.006 1.001E+00
  4558.292 1.001E+00
  4558.578 1.001E+00
  4558.864 1.001E+00
  4559.150 1.000E+00
  4559.436 1.000E+00
  4559.722 1.000E+00
  4560.008 1.000E+00
  4560.294 1.000E+00
  4560.580 9.999E-01
  4560.866 1.000E+00
  4561.152 1.000E+00
  4561.438 1.000E+00
  4561.724 1.000E+00
  4562.010 1.000E+00
  4562.296 9.999E-01
  4562.582 9.998E-01
  4562.868 9.997E-01
  4563.154 9.996E-01
  4563.440 9.995E-01
  4563.726 9.995E-01
  4564.012 9.995E-01
  4564.298 9.996E-01
  4564.584 9.997E-01
  4564.870 9.998E-01
  4565.156 9.998E-01
  4565.442 9.998E-01
  4565.728 9.997E-01
  4566.014 9.991E-01
  4566.300 9.966E-01
  4566.586 9.918E-01
  4566.872 9.870E-01
  4567.158 9.836E-01
  4567.444 9.813E-01
  4567.730 9.797E-01
  4568.016 9.785E-01
  4568.302 9.784E-01
  4568.588 9.798E-01
  4568.874 9.830E-01
  4569.160 9.877E-01
  4569.446 9.922E-01
  4569.732 9.944E-01
  4570.018 9.954E-01
  4570.304 9.965E-01
  4570.590 9.978E-01
  4570.876 9.990E-01
  4571.162 9.996E-01
  4571.448 9.996E-01
  4571.734 9.996E-01
  4572.020 9.996E-01
  4572.306 9.996E-01
  4572.592 9.996E-01
  4572.878 9.996E-01
  4573.164 9.990E-01
  4573.450 9.975E-01
  4573.736 9.958E-01
  4574.022 9.945E-01
  4574.308 9.937E-01
  4574.594 9.932E-01
  4574.880 9.931E-01
  4575.166 9.935E-01
  4575.452 9.942E-01
  4575.738 9.953E-01
  4576.024 9.970E-01
  4576.310 9.988E-01
  4576.596 9.997E-01
  4576.882 9.999E-01
  4577.168 9.999E-01
  4577.454 9.999E-01
  4577.740 9.998E-01
  4578.026 9.997E-01
  4578.312 9.996E-01
  4578.598 9.995E-01
  4578.884 9.995E-01
  4579.170 9.995E-01
  4579.456 9.995E-01
  4579.742 9.995E-01
  4580.028 9.996E-01
  4580.314 9.997E-01
  4580.600 9.998E-01
  4580.886 1.000E+00
  4581.172 1.000E+00
  4581.458 1.000E+00
  4581.744 1.000E+00
  4582.030 1.000E+00
  4582.316 1.000E+00
  4582.602 1.000E+00
  4582.888 1.000E+00
  4583.174 1.000E+00
  4583.460 1.000E+00
  4583.746 1.000E+00
  4584.032 9.999E-01
  4584.318 9.999E-01
  4584.604 9.999E-01
  4584.890 9.999E-01
  4585.176 9.999E-01
  4585.462 9.999E-01
  4585.748 9.999E-01
  4586.034 9.997E-01
  4586.320 9.994E-01
  4586.606 9.989E-01
  4586.892 9.986E-01
  4587.178 9.984E-01
  4587.464 9.983E-01
  4587.750 9.983E-01
  4588.036 9.983E-01
  4588.322 9.985E-01
  4588.608 9.988E-01
  4588.894 9.991E-01
  4589.180 9.987E-01
  4589.466 9.961E-01
  4589.752 9.913E-01
  4590.038 9.866E-01
  4590.324 9.833E-01
  4590.610 9.811E-01
  4590.896 9.800E-01
  4591.182 9.800E-01
  4591.468 9.812E-01
  4591.754 9.836E-01
  4592.040 9.875E-01
  4592.326 9.925E-01
  4592.612 9.968E-01
  4592.898 9.988E-01
  4593.184 9.994E-01
  4593.470 9.997E-01
  4593.756 9.999E-01
  4594.042 9.999E-01
  4594.328 9.994E-01
  4594.614 9.974E-01
  4594.900 9.935E-01
  4595.186 9.897E-01
  4595.472 9.869E-01
  4595.758 9.852E-01
  4596.044 9.843E-01
  4596.330 9.840E-01
  4596.616 9.845E-01
  4596.902 9.859E-01
  4597.188 9.886E-01
  4597.474 9.923E-01
  4597.760 9.959E-01
  4598.046 9.976E-01
  4598.332 9.981E-01
  4598.618 9.984E-01
  4598.904 9.988E-01
  4599.190 9.993E-01
  4599.476 9.997E-01
  4599.762 9.998E-01
