  3980.000 9.985E-01
  3980.572 9.987E-01
  3981.144 9.989E-01
  3981.716 9.990E-01
  3982.288 9.991E-01
  3982.860 9.992E-01
  3983.432 9.993E-01
  3984.004 9.993E-01
  3984.576 9.994E-01
  3985.148 9.994E-01
  3985.720 9.995E-01
  3986.292 9.995E-01
  3986.864 9.995E-01
  3987.436 9.995E-01
  3988.008 9.995E-01
  3988.580 9.995E-01
  3989.152 9.995E-01
  3989.724 9.994E-01
  3990.296 9.995E-01
  3990.868 9.995E-01
  3991.440 9.995E-01
  3992.012 9.996E-01
  3992.584 9.996E-01
  3993.156 9.995E-01
  3993.728 9.994E-01
  3994.300 9.994E-01
  3994.872 9.994E-01
  3995.444 9.994E-01
  3996.016 9.994E-01
  3996.588 9.994E-01
  3997.160 9.994E-01
  3997.732 9.994E-01
  3998.304 9.995E-01
  3998.876 9.995E-01
  3999.448 9.995E-01
  4000.020 9.995E-01
  4000.592 9.996E-01
  4001.164 9.996E-01
  4001.736 9.996E-01
  4002.308 9.994E-01
  4002.880 9.990E-01
  4003.452 9.987E-01
  4004.024 9.985E-01
  4004.596 9.984E-01
  4005.168 9.984E-01
  4005.740 9.986E-01
  4006.312 9.990E-01
  4006.884 9.994E-01
  4007.456 1.000E+00
  4008.028 1.001E+00
  4008.600 1.001E+00
  4009.172 1.001E+00
  4009.744 1.001E+00
  4010.316 1.001E+00
  4010.888 1.000E+00
  4011.460 1.000E+00
  4012.032 9.998E-01
  4012.604 9.997E-01
  4013.176 9.997E-01
  4013.748 9.997E-01
  4014.320 9.997E-01
  4014.892 9.997E-01
  4015.464 9.997E-01
  4016.036 9.997E-01
  4016.608 9.996E-01
  4017.180 9.995E-01
  4017.752 9.995E-01
  4018.324 9.993E-01
  4018.896 9.992E-01
  4019.468 9.989E-01
  4020.040 9.986E-01
  4020.612 9.980E-01
  4021.184 9.970E-01
  4021.756 9.949E-01
  4022.328 9.899E-01
  4022.900 9.777E-01
  4023.472 9.568E-01
  4024.044 9.320E-01
  4024.616 9.135E-01
  4025.188 9.030E-01
  4025.760 9.000E-01
  4026.332 9.045E-01
  4026.904 9.163E-01
  4027.476 9.353E-01
  4028.048 9.591E-01
  4028.620 9.803E-01
  4029.192 9.926E-01
  4029.764 9.963E-01
  4030.336 9.976E-01
  4030.908 9.981E-01
  4031.480 9.983E-01
  4032.052 9.984E-01
  4032.624 9.984E-01
  4033.196 9.986E-01
  4033.768 9.987E-01
  4034.340 9.989E-01
  4034.912 9.992E-01
  4035.484 9.994E-01
  4036.056 9.996E-01
  4036.628 9.997E-01
  4037.200 9.997E-01
  4037.772 9.997E-01
  4038.344 9.997E-01
  4038.916 9.997E-01
  4039.488 9.997E-01
  4040.060 9.997E-01
  4040.632 9.998E-01
  4041.204 9.998E-01
  4041.776 9.998E-01
  4042.348 9.997E-01
  4042.920 9.995E-01
  4043.492 9.993E-01
  4044.064 9.992E-01
  4044.636 9.992E-01
  4045.208 9.992E-01
  4045.780 9.992E-01
  4046.352 9.994E-01
  4046.924 9.995E-01
  4047.496 9.998E-01
  4048.068 9.999E-01
  4048.640 9.999E-01
  4049.212 9.999E-01
  4049.784 9.999E-01
  4050.356 9.999E-01
  4050.928 9.999E-01
  4051.500 9.999E-01
  4052.072 1.000E+00
  4052.644 1.000E+00
  4053.216 1.000E+00
  4053.788 1.000E+00
  4054.360 1.000E+00
  4054.932 1.000E+00
  4055.504 1.002E+00
  4056.076 1.004E+00
  4056.648 1.005E+00
  4057.220 1.006E+00
  4057.792 1.006E+00
  4058.364 1.006E+00
  4058.936 1.005E+00
  4059.508 1.004E+00
  4060.080 1.002E+00
  4060.652 1.001E+00
  4061.224 1.000E+00
  4061.796 1.000E+00
  4062.368 1.000E+00
  4062.940 1.000E+00
  4063.512 9.999E-01
  4064.084 9.998E-01
  4064.656 9.998E-01
  4065.228 9.988E-01
  4065.800 9.954E-01
  4066.372 9.908E-01
  4066.944 9.855E-01
  4067.516 9.806E-01
  4068.088 9.740E-01
  4068.660 9.699E-01
  4069.232 9.687E-01
  4069.804 9.700E-01
  4070.376 9.739E-01
  4070.948 9.796E-01
  4071.520 9.852E-01
  4072.092 9.898E-01
  4072.664 9.942E-01
  4073.236 9.980E-01
  4073.808 9.987E-01
  4074.380 9.988E-01
  4074.952 9.990E-01
  4075.524 9.992E-01
  4076.096 9.994E-01
  4076.668 9.996E-01
  4077.240 9.997E-01
  4077.812 9.997E-01
  4078.384 9.995E-01
  4078.956 9.990E-01
  4079.528 9.987E-01
  4080.100 9.985E-01
  4080.672 9.983E-01
  4081.244 9.983E-01
  4081.816 9.982E-01
  4082.388 9.983E-01
  4082.960 9.985E-01
  4083.532 9.989E-01
  4084.104 9.992E-01
  4084.676 9.992E-01
  4085.248 9.992E-01
  4085.820 9.979E-01
  4086.392 9.901E-01
  4086.964 9.803E-01
  4087.536 9.733E-01
  4088.108 9.690E-01
  4088.680 9.671E-01
  4089.252 9.673E-01
  4089.824 9.698E-01
  4090.396 9.747E-01
  4090.968 9.825E-01
  4091.540 9.930E-01
  4092.112 9.970E-01
  4092.684 9.969E-01
  4093.256 9.962E-01
  4093.828 9.953E-01
  4094.400 9.929E-01
  4094.972 9.836E-01
  4095.544 9.734E-01
  4096.116 9.645E-01
  4096.688 9.546E-01
  4097.260 9.393E-01
  4097.832 9.168E-01
  4098.404 8.897E-01
  4098.976 8.534E-01
  4099.548 8.111E-01
  4100.120 7.730E-01
  4100.692 7.416E-01
  4101.264 7.239E-01
  4101.836 7.269E-01
  4102.408 7.497E-01
  4102.980 7.859E-01
  4103.552 8.303E-01
  4104.124 8.807E-01
  4104.696 9.257E-01
  4105.268 9.568E-01
  4105.840 9.750E-01
  4106.412 9.855E-01
  4106.984 9.901E-01
  4107.556 9.926E-01
  4108.128 9.942E-01
  4108.700 9.954E-01
  4109.272 9.963E-01
  4109.844 9.970E-01
  4110.416 9.974E-01
  4110.988 9.978E-01
  4111.560 9.982E-01
  4112.132 9.984E-01
  4112.704 9.985E-01
  4113.276 9.970E-01
  4113.848 9.899E-01
  4114.420 9.840E-01
  4114.992 9.802E-01
  4115.564 9.781E-01
  4116.136 9.775E-01
  4116.708 9.785E-01
  4117.280 9.809E-01
  4117.852 9.848E-01
  4118.424 9.900E-01
  4118.996 9.959E-01
  4119.568 9.963E-01
  4120.140 9.957E-01
  4120.712 9.954E-01
  4121.284 9.954E-01
  4121.856 9.957E-01
  4122.428 9.963E-01
  4123.000 9.973E-01
  4123.572 9.987E-01
  4124.144 9.994E-01
  4124.716 9.998E-01
  4125.288 9.999E-01
  4125.860 1.000E+00
  4126.432 1.000E+00
  4127.004 1.001E+00
  4127.576 1.001E+00
  4128.148 1.001E+00
  4128.720 1.001E+00
  4129.292 1.001E+00
  4129.864 1.000E+00
  4130.436 1.000E+00
  4131.008 1.000E+00
  4131.580 1.000E+00
  4132.152 1.000E+00
  4132.724 1.000E+00
  4133.296 1.000E+00
  4133.868 1.000E+00
  4134.440 1.000E+00
  4135.012 1.000E+00
  4135.584 1.000E+00
  4136.156 1.000E+00
  4136.728 1.000E+00
  4137.300 1.000E+00
  4137.872 1.001E+00
  4138.444 1.000E+00
  4139.016 1.000E+00
  4139.588 1.000E+00
  4140.160 1.000E+00
  4140.732 1.000E+00
  4141.304 1.001E+00
  4141.876 1.001E+00
  4142.448 1.002E+00
  4143.020 1.002E+00
  4143.592 1.002E+00
  4144.164 1.002E+00
  4144.736 1.001E+00
  4145.308 1.001E+00
  4145.880 1.001E+00
  4146.452 1.000E+00
  4147.024 1.000E+00
  4147.596 9.999E-01
  4148.168 9.999E-01
  4148.740 1.000E+00
  4149.312 1.000E+00
  4149.884 1.000E+00
  4150.456 1.000E+00
  4151.028 1.000E+00
  4151.600 1.000E+00
  4152.172 1.000E+00
  4152.744 1.000E+00
  4153.316 1.000E+00
  4153.888 1.000E+00
  4154.460 1.000E+00
  4155.032 1.000E+00
  4155.604 1.000E+00
  4156.176 1.000E+00
  4156.748 1.000E+00
  4157.320 1.000E+00
  4157.892 1.000E+00
  4158.464 1.000E+00
  4159.036 1.000E+00
  4159.608 1.000E+00
  4160.180 1.000E+00
  4160.752 1.000E+00
  4161.324 1.000E+00
  4161.896 1.000E+00
  4162.468 1.000E+00
  4163.040 1.000E+00
  4163.612 1.000E+00
  4164.184 1.000E+00
  4164.756 9.999E-01
  4165.328 9.997E-01
  4165.900 9.997E-01
  4166.472 9.996E-01
  4167.044 9.996E-01
  4167.616 9.996E-01
  4168.188 9.996E-01
  4168.760 9.996E-01
  4169.332 9.995E-01
  4169.904 9.993E-01
  4170.476 9.992E-01
  4171.048 9.992E-01
  4171.620 9.991E-01
  4172.192 9.992E-01
  4172.764 9.992E-01
  4173.336 9.993E-01
  4173.908 9.994E-01
  4174.480 9.996E-01
  4175.052 9.997E-01
  4175.624 9.997E-01
  4176.196 9.997E-01
  4176.768 9.997E-01
  4177.340 9.997E-01
  4177.912 9.998E-01
  4178.484 9.999E-01
  4179.056 9.999E-01
  4179.628 9.999E-01
  4180.200 1.000E+00
  4180.772 1.000E+00
  4181.344 1.000E+00
  4181.916 9.999E-01
  4182.488 9.998E-01
  4183.060 9.997E-01
  4183.632 9.997E-01
  4184.204 9.996E-01
  4184.776 9.994E-01
  4185.348 9.993E-01
  4185.920 9.993E-01
  4186.492 9.994E-01
  4187.064 9.996E-01
  4187.636 9.997E-01
  4188.208 9.997E-01
  4188.780 9.998E-01
  4189.352 9.999E-01
  4189.924 9.999E-01
  4190.496 9.999E-01
  4191.068 9.998E-01
  4191.640 9.996E-01
  4192.212 9.993E-01
  4192.784 9.991E-01
  4193.356 9.990E-01
  4193.928 9.989E-01
  4194.500 9.985E-01
  4195.072 9.977E-01
  4195.644 9.961E-01
  4196.216 9.921E-01
  4196.788 9.814E-01
  4197.360 9.604E-01
  4197.932 9.369E-01
  4198.504 9.183E-01
  4199.076 9.065E-01
  4199.648 9.014E-01
  4200.220 9.031E-01
  4200.792 9.116E-01
  4201.364 9.269E-01
  4201.936 9.484E-01
  4202.508 9.719E-01
  4203.080 9.875E-01
  4203.652 9.940E-01
  4204.224 9.967E-01
  4204.796 9.979E-01
  4205.368 9.985E-01
  4205.940 9.989E-01
  4206.512 9.991E-01
  4207.084 9.993E-01
  4207.656 9.994E-01
  4208.228 9.995E-01
  4208.800 9.996E-01
  4209.372 9.993E-01
  4209.944 9.974E-01
  4210.516 9.955E-01
  4211.088 9.942E-01
  4211.660 9.934E-01
  4212.232 9.931E-01
  4212.804 9.932E-01
  4213.376 9.937E-01
  4213.948 9.948E-01
  4214.520 9.964E-01
  4215.092 9.987E-01
  4215.664 1.000E+00
  4216.236 1.000E+00
  4216.808 1.000E+00
  4217.380 1.000E+00
  4217.952 1.001E+00
  4218.524 1.001E+00
  4219.096 1.001E+00
  4219.668 1.001E+00
  4220.240 1.001E+00
  4220.812 1.001E+00
  4221.384 1.001E+00
  4221.956 1.001E+00
  4222.528 1.000E+00
  4223.100 1.000E+00
  4223.672 1.000E+00
  4224.244 1.000E+00
  4224.816 9.999E-01
  4225.388 9.999E-01
  4225.960 9.999E-01
  4226.532 9.999E-01
  4227.104 9.999E-01
  4227.676 9.999E-01
  4228.248 9.999E-01
  4228.820 1.000E+00
  4229.392 1.000E+00
  4229.964 1.000E+00
  4230.536 1.001E+00
  4231.108 1.001E+00
  4231.680 1.001E+00
  4232.252 1.001E+00
  4232.824 1.001E+00
  4233.396 1.000E+00
  4233.968 9.998E-01
  4234.540 9.994E-01
  4235.112 9.992E-01
  4235.684 9.991E-01
  4236.256 9.991E-01
  4236.828 9.990E-01
  4237.400 9.991E-01
  4237.972 9.994E-01
  4238.544 9.997E-01
  4239.116 9.997E-01
  4239.688 9.998E-01
  4240.260 9.998E-01
  4240.832 9.999E-01
  4241.404 9.999E-01
  4241.976 1.000E+00
  4242.548 1.000E+00
  4243.120 1.000E+00
  4243.692 1.000E+00
  4244.264 1.000E+00
  4244.836 9.999E-01
  4245.408 9.998E-01
  4245.980 9.998E-01
  4246.552 9.997E-01
  4247.124 9.999E-01
  4247.696 1.000E+00
  4248.268 1.000E+00
  4248.840 1.001E+00
  4249.412 1.001E+00
  4249.984 1.001E+00
  4250.556 1.001E+00
  4251.128 1.001E+00
  4251.700 1.001E+00
  4252.272 1.001E+00
  4252.844 1.001E+00
  4253.416 1.001E+00
  4253.988 1.001E+00
  4254.560 1.001E+00
  4255.132 1.001E+00
  4255.704 1.000E+00
  4256.276 1.000E+00
  4256.848 1.000E+00
  4257.420 1.000E+00
  4257.992 9.999E-01
  4258.564 9.998E-01
  4259.136 9.998E-01
  4259.708 9.997E-01
  4260.280 9.996E-01
  4260.852 9.995E-01
  4261.424 9.995E-01
  4261.996 9.995E-01
  4262.568 9.996E-01
  4263.140 9.996E-01
  4263.712 9.997E-01
  4264.284 9.997E-01
  4264.856 9.998E-01
  4265.428 9.999E-01
  4266.000 9.999E-01
  4266.572 9.999E-01
  4267.144 9.999E-01
  4267.716 9.999E-01
  4268.288 9.999E-01
  4268.860 1.000E+00
  4269.432 1.000E+00
  4270.004 1.000E+00
  4270.576 1.000E+00
  4271.148 1.000E+00
  4271.720 9.999E-01
  4272.292 9.999E-01
  4272.864 9.999E-01
  4273.436 9.998E-01
  4274.008 9.997E-01
  4274.580 9.996E-01
  4275.152 9.995E-01
  4275.724 9.995E-01
  4276.296 9.994E-01
  4276.868 9.993E-01
  4277.440 9.993E-01
  4278.012 9.994E-01
  4278.584 9.995E-01
  4279.156 9.996E-01
  4279.728 9.998E-01
  4280.300 9.999E-01
  4280.872 9.999E-01
  4281.444 1.000E+00
  4282.016 1.000E+00
  4282.588 1.000E+00
  4283.160 1.000E+00
  4283.732 1.000E+00
  4284.304 9.999E-01
  4284.876 9.998E-01
  4285.448 9.997E-01
  4286.020 9.996E-01
  4286.592 9.995E-01
  4287.164 9.994E-01
  4287.736 9.994E-01
  4288.308 9.994E-01
  4288.880 9.994E-01
  4289.452 9.995E-01
  4290.024 9.996E-01
  4290.596 9.998E-01
  4291.168 9.999E-01
  4291.740 9.999E-01
  4292.312 9.999E-01
  4292.884 9.999E-01
  4293.456 9.999E-01
  4294.028 9.999E-01
  4294.600 1.000E+00
  4295.172 1.000E+00
  4295.744 1.000E+00
  4296.316 1.000E+00
  4296.888 1.000E+00
  4297.460 1.000E+00
  4298.032 1.000E+00
  4298.604 1.000E+00
  4299.176 1.000E+00
  4299.748 1.000E+00
  4300.320 1.000E+00
  4300.892 1.000E+00
  4301.464 9.999E-01
  4302.036 9.998E-01
  4302.608 9.998E-01
  4303.180 9.997E-01
  4303.752 9.997E-01
  4304.324 9.997E-01
  4304.896 9.997E-01
  4305.468 9.997E-01
  4306.040 9.997E-01
  4306.612 9.998E-01
  4307.184 9.998E-01
  4307.756 9.998E-01
  4308.328 9.998E-01
  4308.900 9.998E-01
  4309.472 9.998E-01
  4310.044 9.998E-01
  4310.616 9.997E-01
  4311.188 9.997E-01
  4311.760 9.997E-01
  4312.332 9.997E-01
  4312.904 9.998E-01
  4313.476 9.998E-01
  4314.048 9.998E-01
  4314.620 9.998E-01
  4315.192 9.998E-01
  4315.764 9.999E-01
  4316.336 9.998E-01
  4316.908 9.998E-01
  4317.480 9.997E-01
  4318.052 9.997E-01
  4318.624 9.997E-01
  4319.196 9.996E-01
  4319.768 9.996E-01
  4320.340 9.996E-01
  4320.912 9.996E-01
  4321.484 9.996E-01
  4322.056 9.996E-01
  4322.628 9.996E-01
  4323.200 9.996E-01
  4323.772 9.996E-01
  4324.344 9.996E-01
  4324.916 9.996E-01
  4325.488 9.996E-01
  4326.060 9.997E-01
  4326.632 9.998E-01
  4327.204 9.998E-01
  4327.776 9.996E-01
  4328.348 9.994E-01
  4328.920 9.991E-01
  4329.492 9.987E-01
  4330.064 9.982E-01
  4330.636 9.975E-01
  4331.208 9.967E-01
  4331.780 9.960E-01
  4332.352 9.951E-01
  4332.924 9.940E-01
  4333.496 9.924E-01
  4334.068 9.901E-01
  4334.640 9.863E-01
  4335.212 9.787E-01
  4335.784 9.621E-01
  4336.356 9.362E-01
  4336.928 9.047E-01
  4337.500 8.635E-01
  4338.072 8.150E-01
  4338.644 7.671E-01
  4339.216 7.315E-01
  4339.788 7.138E-01
  4340.360 7.152E-01
  4340.932 7.354E-01
  4341.504 7.702E-01
  4342.076 8.112E-01
  4342.648 8.580E-01
  4343.220 9.052E-01
  4343.792 9.432E-01
  4344.364 9.669E-01
  4344.936 9.789E-01
  4345.508 9.851E-01
  4346.080 9.889E-01
  4346.652 9.916E-01
  4347.224 9.938E-01
  4347.796 9.952E-01
  4348.368 9.962E-01
  4348.940 9.969E-01
  4349.512 9.974E-01
  4350.084 9.978E-01
  4350.656 9.981E-01
  4351.228 9.983E-01
  4351.800 9.984E-01
  4352.372 9.985E-01
  4352.944 9.986E-01
  4353.516 9.987E-01
  4354.088 9.988E-01
  4354.660 9.987E-01
  4355.232 9.987E-01
  4355.804 9.987E-01
  4356.376 9.988E-01
  4356.948 9.989E-01
  4357.520 9.989E-01
  4358.092 9.991E-01
  4358.664 9.992E-01
  4359.236 9.994E-01
  4359.808 9.995E-01
  4360.380 9.996E-01
  4360.952 9.996E-01
  4361.524 9.997E-01
  4362.096 9.997E-01
  4362.668 9.997E-01
  4363.240 9.997E-01
  4363.812 9.998E-01
  4364.384 9.998E-01
  4364.956 9.998E-01
  4365.528 9.999E-01
  4366.100 9.999E-01
  4366.672 9.999E-01
  4367.244 1.000E+00
  4367.816 1.000E+00
  4368.388 1.000E+00
  4368.960 1.000E+00
  4369.532 1.000E+00
  4370.104 1.000E+00
  4370.676 1.000E+00
  4371.248 1.000E+00
  4371.820 9.999E-01
  4372.392 9.999E-01
  4372.964 9.998E-01
  4373.536 9.997E-01
  4374.108 9.997E-01
  4374.680 9.997E-01
  4375.252 9.997E-01
  4375.824 9.997E-01
  4376.396 9.996E-01
  4376.968 9.995E-01
  4377.540 9.994E-01
  4378.112 9.994E-01
  4378.684 9.995E-01
  4379.256 9.995E-01
  4379.828 9.995E-01
  4380.400 9.995E-01
  4380.972 9.994E-01
  4381.544 9.995E-01
  4382.116 9.998E-01
  4382.688 9.997E-01
  4383.260 9.997E-01
  4383.832 9.998E-01
  4384.404 9.998E-01
  4384.976 1.000E+00
  4385.548 1.001E+00
  4386.120 1.002E+00
  4386.692 1.002E+00
  4387.264 1.002E+00
  4387.836 1.002E+00
  4388.408 1.002E+00
  4388.980 1.002E+00
  4389.552 1.003E+00
  4390.124 1.002E+00
  4390.696 1.002E+00
  4391.268 1.002E+00
  4391.840 1.002E+00
  4392.412 1.002E+00
  4392.984 1.002E+00
  4393.556 1.001E+00
  4394.128 1.001E+00
  4394.700 1.000E+00
  4395.272 9.997E-01
  4395.844 9.998E-01
  4396.416 9.999E-01
  4396.988 1.000E+00
  4397.560 1.000E+00
  4398.132 1.000E+00
  4398.704 1.000E+00
  4399.276 1.000E+00
  4399.848 1.000E+00
  4400.420 1.000E+00
  4400.992 9.997E-01
  4401.564 9.994E-01
  4402.136 9.992E-01
  4402.708 9.990E-01
  4403.280 9.990E-01
  4403.852 9.989E-01
  4404.424 9.990E-01
  4404.996 9.991E-01
  4405.568 9.993E-01
  4406.140 9.996E-01
  4406.712 1.000E+00
  4407.284 1.001E+00
  4407.856 1.001E+00
  4408.428 1.001E+00
  4409.000 1.001E+00
  4409.572 1.001E+00
  4410.144 1.001E+00
  4410.716 1.002E+00
  4411.288 1.001E+00
  4411.860 1.001E+00
  4412.432 1.001E+00
  4413.004 1.001E+00
  4413.576 1.001E+00
  4414.148 1.001E+00
  4414.720 1.001E+00
  4415.292 1.001E+00
  4415.864 1.001E+00
  4416.436 1.001E+00
  4417.008 1.001E+00
  4417.580 1.000E+00
  4418.152 1.000E+00
  4418.724 1.000E+00
  4419.296 1.000E+00
  4419.868 1.000E+00
  4420.440 1.000E+00
  4421.012 1.000E+00
  4421.584 1.000E+00
  4422.156 1.000E+00
  4422.728 1.000E+00
  4423.300 1.000E+00
  4423.872 1.000E+00
  4424.444 1.000E+00
  4425.016 1.000E+00
  4425.588 1.000E+00
  4426.160 1.000E+00
  4426.732 1.001E+00
  4427.304 1.001E+00
  4427.876 1.001E+00
  4428.448 1.002E+00
  4429.020 1.002E+00
  4429.592 1.002E+00
  4430.164 1.002E+00
  4430.736 1.001E+00
  4431.308 1.001E+00
  4431.880 1.001E+00
  4432.452 1.001E+00
  4433.024 1.000E+00
  4433.596 1.000E+00
  4434.168 9.998E-01
  4434.740 9.997E-01
  4435.312 9.998E-01
  4435.884 9.998E-01
  4436.456 9.999E-01
  4437.028 9.999E-01
  4437.600 9.995E-01
  4438.172 9.987E-01
  4438.744 9.971E-01
  4439.316 9.951E-01
  4439.888 9.937E-01
  4440.460 9.928E-01
  4441.032 9.924E-01
  4441.604 9.925E-01
  4442.176 9.930E-01
  4442.748 9.942E-01
  4443.320 9.959E-01
  4443.892 9.976E-01
  4444.464 9.994E-01
  4445.036 1.000E+00
  4445.608 1.000E+00
  4446.180 1.000E+00
  4446.752 1.000E+00
  4447.324 1.000E+00
  4447.896 1.000E+00
  4448.468 1.000E+00
  4449.040 1.000E+00
  4449.612 1.000E+00
  4450.184 9.996E-01
  4450.756 9.993E-01
  4451.328 9.992E-01
  4451.900 9.991E-01
  4452.472 9.992E-01
  4453.044 9.992E-01
  4453.616 9.993E-01
  4454.188 9.996E-01
  4454.760 9.999E-01
  4455.332 1.000E+00
  4455.904 1.000E+00
  4456.476 1.000E+00
  4457.048 1.000E+00
  4457.620 1.000E+00
  4458.192 1.000E+00
  4458.764 1.000E+00
  4459.336 1.000E+00
  4459.908 1.000E+00
  4460.480 1.000E+00
  4461.052 1.000E+00
  4461.624 1.000E+00
  4462.196 1.000E+00
  4462.768 1.000E+00
  4463.340 1.000E+00
  4463.912 1.000E+00
  4464.484 9.999E-01
  4465.056 9.999E-01
  4465.628 1.000E+00
  4466.200 9.999E-01
  4466.772 9.999E-01
  4467.344 9.997E-01
  4467.916 9.991E-01
  4468.488 9.939E-01
  4469.060 9.782E-01
  4469.632 9.648E-01
  4470.204 9.557E-01
  4470.776 9.502E-01
  4471.348 9.479E-01
  4471.920 9.485E-01
  4472.492 9.522E-01
  4473.064 9.591E-01
  4473.636 9.697E-01
  4474.208 9.845E-01
  4474.780 9.972E-01
  4475.352 9.996E-01
  4475.924 9.997E-01
  4476.496 9.997E-01
  4477.068 9.997E-01
  4477.640 9.996E-01
  4478.212 9.995E-01
  4478.784 9.992E-01
  4479.356 9.991E-01
  4479.928 9.990E-01
  4480.500 9.990E-01
  4481.072 9.990E-01
  4481.644 9.990E-01
  4482.216 9.992E-01
  4482.788 9.993E-01
  4483.360 9.995E-01
  4483.932 9.998E-01
  4484.504 1.000E+00
  4485.076 1.000E+00
  4485.648 1.000E+00
  4486.220 1.000E+00
  4486.792 1.000E+00
  4487.364 1.000E+00
  4487.936 1.000E+00
  4488.508 1.000E+00
  4489.080 1.000E+00
  4489.652 1.000E+00
  4490.224 1.000E+00
  4490.796 1.000E+00
  4491.368 1.000E+00
  4491.940 1.000E+00
  4492.512 1.000E+00
  4493.084 1.000E+00
  4493.656 1.000E+00
  4494.228 1.000E+00
  4494.800 1.000E+00
  4495.372 1.000E+00
  4495.944 1.000E+00
  4496.516 1.000E+00
  4497.088 1.000E+00
  4497.660 1.000E+00
  4498.232 1.000E+00
  4498.804 1.000E+00
  4499.376 1.000E+00
  4499.948 9.996E-01
  4500.520 9.993E-01
  4501.092 9.990E-01
  4501.664 9.987E-01
  4502.236 9.986E-01
  4502.808 9.985E-01
  4503.380 9.985E-01
  4503.952 9.986E-01
  4504.524 9.988E-01
  4505.096 9.992E-01
  4505.668 9.997E-01
  4506.240 9.998E-01
  4506.812 9.998E-01
  4507.384 9.999E-01
  4507.956 9.995E-01
  4508.528 9.984E-01
  4509.100 9.976E-01
  4509.672 9.969E-01
  4510.244 9.964E-01
  4510.816 9.962E-01
  4511.388 9.961E-01
  4511.960 9.956E-01
  4512.532 9.946E-01
  4513.104 9.944E-01
  4513.676 9.948E-01
  4514.248 9.954E-01
  4514.820 9.955E-01
  4515.392 9.955E-01
  4515.964 9.957E-01
  4516.536 9.961E-01
  4517.108 9.970E-01
  4517.680 9.982E-01
  4518.252 9.991E-01
  4518.824 9.992E-01
  4519.396 9.992E-01
  4519.968 9.993E-01
  4520.540 9.995E-01
  4521.112 9.994E-01
  4521.684 9.993E-01
  4522.256 9.991E-01
  4522.828 9.990E-01
  4523.400 9.989E-01
  4523.972 9.989E-01
  4524.544 9.989E-01
  4525.116 9.991E-01
  4525.688 9.994E-01
  4526.260 9.997E-01
  4526.832 1.000E+00
  4527.404 1.000E+00
  4527.976 1.000E+00
  4528.548 9.999E-01
  4529.120 9.997E-01
  4529.692 9.996E-01
  4530.264 9.995E-01
  4530.836 9.993E-01
  4531.408 9.992E-01
  4531.980 9.990E-01
  4532.552 9.990E-01
  4533.124 9.991E-01
  4533.696 9.990E-01
  4534.268 9.990E-01
  4534.840 9.988E-01
  4535.412 9.984E-01
  4535.984 9.978E-01
  4536.556 9.969E-01
  4537.128 9.952E-01
  4537.700 9.910E-01
  4538.272 9.801E-01
  4538.844 9.583E-01
  4539.416 9.329E-01
  4539.988 9.120E-01
  4540.560 8.977E-01
  4541.132 8.900E-01
  4541.704 8.887E-01
  4542.276 8.937E-01
  4542.848 9.053E-01
  4543.420 9.237E-01
  4543.992 9.479E-01
  4544.564 9.728E-01
  4545.136 9.882E-01
  4545.708 9.944E-01
  4546.280 9.970E-01
  4546.852 9.983E-01
  4547.424 9.990E-01
  4547.996 9.994E-01
  4548.568 9.995E-01
  4549.140 9.993E-01
  4549.712 9.992E-01
  4550.284 9.994E-01
  4550.856 9.995E-01
  4551.428 9.994E-01
  4552.000 9.993E-01
  4552.572 9.992E-01
  4553.144 9.992E-01
  4553.716 9.993E-01
  4554.288 9.993E-01
  4554.860 9.993E-01
  4555.432 9.990E-01
  4556.004 9.987E-01
  4556.576 9.986E-01
  4557.148 9.986E-01
  4557.720 9.986E-01
  4558.292 9.986E-01
  4558.864 9.986E-01
  4559.436 9.988E-01
  4560.008 9.990E-01
  4560.580 9.994E-01
  4561.152 9.998E-01
  4561.724 9.999E-01
  4562.296 9.999E-01
  4562.868 9.999E-01
  4563.440 9.999E-01
  4564.012 9.999E-01
  4564.584 9.999E-01
  4565.156 9.999E-01
  4565.728 9.998E-01
  4566.300 9.991E-01
  4566.872 9.974E-01
  4567.444 9.960E-01
  4568.016 9.952E-01
  4568.588 9.946E-01
  4569.160 9.944E-01
  4569.732 9.945E-01
  4570.304 9.949E-01
  4570.876 9.957E-01
  4571.448 9.968E-01
  4572.020 9.984E-01
  4572.592 9.998E-01
  4573.164 1.000E+00
  4573.736 1.000E+00
  4574.308 1.000E+00
  4574.880 1.000E+00
  4575.452 1.000E+00
  4576.024 1.000E+00
  4576.596 1.000E+00
  4577.168 1.000E+00
  4577.740 1.000E+00
  4578.312 1.000E+00
  4578.884 1.000E+00
  4579.456 1.000E+00
  4580.028 1.000E+00
  4580.600 1.000E+00
  4581.172 1.000E+00
  4581.744 1.000E+00
  4582.316 1.000E+00
  4582.888 1.000E+00
  4583.460 1.000E+00
  4584.032 1.000E+00
  4584.604 9.998E-01
  4585.176 9.993E-01
  4585.748 9.988E-01
  4586.320 9.985E-01
  4586.892 9.983E-01
  4587.464 9.983E-01
  4588.036 9.983E-01
  4588.608 9.984E-01
  4589.180 9.984E-01
  4589.752 9.984E-01
  4590.324 9.987E-01
  4590.896 9.991E-01
  4591.468 9.991E-01
  4592.040 9.990E-01
  4592.612 9.990E-01
  4593.184 9.991E-01
  4593.756 9.992E-01
  4594.328 9.995E-01
  4594.900 9.998E-01
  4595.472 1.000E+00
  4596.044 1.000E+00
  4596.616 9.999E-01
  4597.188 9.999E-01
  4597.760 9.999E-01
  4598.332 9.999E-01
  4598.904 9.998E-01
  4599.476 9.998E-01
