  3980.000 9.963E-01
  3981.287 9.973E-01
  3982.574 9.977E-01
  3983.861 9.981E-01
  3985.148 9.984E-01
  3986.435 9.987E-01
  3987.722 9.989E-01
  3989.009 9.990E-01
  3990.296 9.990E-01
  3991.583 9.991E-01
  3992.870 9.990E-01
  3994.157 9.988E-01
  3995.444 9.987E-01
  3996.731 9.987E-01
  3998.018 9.985E-01
  3999.305 9.982E-01
  4000.592 9.979E-01
  4001.879 9.979E-01
  4003.166 9.980E-01
  4004.453 9.983E-01
  4005.740 9.985E-01
  4007.027 9.987E-01
  4008.314 9.990E-01
  4009.601 9.995E-01
  4010.888 9.996E-01
  4012.175 9.996E-01
  4013.462 9.994E-01
  4014.749 9.991E-01
  4016.036 9.986E-01
  4017.323 9.976E-01
  4018.610 9.948E-01
  4019.897 9.852E-01
  4021.184 9.678E-01
  4022.471 9.542E-01
  4023.758 9.454E-01
  4025.045 9.412E-01
  4026.332 9.412E-01
  4027.619 9.455E-01
  4028.906 9.541E-01
  4030.193 9.674E-01
  4031.480 9.840E-01
  4032.767 9.950E-01
  4034.054 9.976E-01
  4035.341 9.984E-01
  4036.628 9.989E-01
  4037.915 9.992E-01
  4039.202 9.993E-01
  4040.489 9.994E-01
  4041.776 9.994E-01
  4043.063 9.994E-01
  4044.350 9.994E-01
  4045.637 9.995E-01
  4046.924 9.995E-01
  4048.211 9.996E-01
  4049.498 9.997E-01
  4050.785 9.998E-01
  4052.072 1.000E+00
  4053.359 1.001E+00
  4054.646 1.001E+00
  4055.933 1.002E+00
  4057.220 1.002E+00
  4058.507 1.002E+00
  4059.794 1.002E+00
  4061.081 1.001E+00
  4062.368 9.990E-01
  4063.655 9.932E-01
  4064.942 9.859E-01
  4066.229 9.804E-01
  4067.516 9.770E-01
  4068.803 9.754E-01
  4070.090 9.755E-01
  4071.377 9.774E-01
  4072.664 9.813E-01
  4073.951 9.876E-01
  4075.238 9.940E-01
  4076.525 9.981E-01
  4077.812 9.984E-01
  4079.099 9.984E-01
  4080.386 9.983E-01
  4081.673 9.981E-01
  4082.960 9.957E-01
  4084.247 9.904E-01
  4085.534 9.868E-01
  4086.821 9.845E-01
  4088.108 9.830E-01
  4089.395 9.819E-01
  4090.682 9.809E-01
  4091.969 9.765E-01
  4093.256 9.698E-01
  4094.543 9.561E-01
  4095.830 9.278E-01
  4097.117 8.861E-01
  4098.404 8.508E-01
  4099.691 8.284E-01
  4100.978 8.194E-01
  4102.265 8.236E-01
  4103.552 8.417E-01
  4104.839 8.684E-01
  4106.126 9.051E-01
  4107.413 9.447E-01
  4108.700 9.747E-01
  4109.987 9.871E-01
  4111.274 9.882E-01
  4112.561 9.881E-01
  4113.848 9.878E-01
  4115.135 9.873E-01
  4116.422 9.868E-01
  4117.709 9.871E-01
  4118.996 9.881E-01
  4120.283 9.901E-01
  4121.570 9.932E-01
  4122.857 9.967E-01
  4124.144 9.974E-01
  4125.431 9.981E-01
  4126.718 9.991E-01
  4128.005 9.999E-01
  4129.292 1.000E+00
  4130.579 1.000E+00
  4131.866 1.000E+00
  4133.153 1.000E+00
  4134.440 1.000E+00
  4135.727 1.000E+00
  4137.014 1.000E+00
  4138.301 1.000E+00
  4139.588 1.000E+00
  4140.875 1.001E+00
  4142.162 1.000E+00
  4143.449 1.000E+00
  4144.736 1.000E+00
  4146.023 1.000E+00
  4147.310 1.000E+00
  4148.597 1.000E+00
  4149.884 9.999E-01
  4151.171 9.998E-01
  4152.458 9.998E-01
  4153.745 9.998E-01
  4155.032 9.998E-01
  4156.319 9.998E-01
  4157.606 9.997E-01
  4158.893 9.997E-01
  4160.180 9.996E-01
  4161.467 9.996E-01
  4162.754 9.996E-01
  4164.041 9.996E-01
  4165.328 9.996E-01
  4166.615 9.994E-01
  4167.902 9.993E-01
  4169.189 9.993E-01
  4170.476 9.993E-01
  4171.763 9.992E-01
  4173.050 9.993E-01
  4174.337 9.993E-01
  4175.624 9.994E-01
  4176.911 9.995E-01
  4178.198 9.997E-01
  4179.485 9.996E-01
  4180.772 9.995E-01
  4182.059 9.992E-01
  4183.346 9.989E-01
  4184.633 9.988E-01
  4185.920 9.986E-01
  4187.207 9.985E-01
  4188.494 9.984E-01
  4189.781 9.982E-01
  4191.068 9.976E-01
  4192.355 9.954E-01
  4193.642 9.865E-01
  4194.929 9.700E-01
  4196.216 9.562E-01
  4197.503 9.469E-01
  4198.790 9.418E-01
  4200.077 9.406E-01
  4201.364 9.434E-01
  4202.651 9.503E-01
  4203.938 9.615E-01
  4205.225 9.768E-01
  4206.512 9.909E-01
  4207.799 9.950E-01
  4209.086 9.957E-01
  4210.373 9.959E-01
  4211.660 9.960E-01
  4212.947 9.962E-01
  4214.234 9.967E-01
  4215.521 9.975E-01
  4216.808 9.984E-01
  4218.095 9.996E-01
  4219.382 1.001E+00
  4220.669 1.001E+00
  4221.956 1.001E+00
  4223.243 1.000E+00
  4224.530 1.000E+00
  4225.817 1.000E+00
  4227.104 1.000E+00
  4228.391 1.000E+00
  4229.678 1.000E+00
  4230.965 1.000E+00
  4232.252 1.000E+00
  4233.539 1.000E+00
  4234.826 9.999E-01
  4236.113 9.998E-01
  4237.400 9.997E-01
  4238.687 9.997E-01
  4239.974 9.997E-01
  4241.261 9.998E-01
  4242.548 9.998E-01
  4243.835 9.999E-01
  4245.122 1.000E+00
  4246.409 1.000E+00
  4247.696 1.000E+00
  4248.983 1.001E+00
  4250.270 1.001E+00
  4251.557 1.001E+00
  4252.844 1.001E+00
  4254.131 1.001E+00
  4255.418 1.001E+00
  4256.705 1.000E+00
  4257.992 1.000E+00
  4259.279 9.999E-01
  4260.566 9.997E-01
  4261.853 9.997E-01
  4263.140 9.997E-01
  4264.427 9.997E-01
  4265.714 9.998E-01
  4267.001 9.998E-01
  4268.288 9.999E-01
  4269.575 9.999E-01
  4270.862 9.998E-01
  4272.149 9.997E-01
  4273.436 9.996E-01
  4274.723 9.995E-01
  4276.010 9.995E-01
  4277.297 9.995E-01
  4278.584 9.995E-01
  4279.871 9.996E-01
  4281.158 9.996E-01
  4282.445 9.997E-01
  4283.732 9.997E-01
  4285.019 9.996E-01
  4286.306 9.996E-01
  4287.593 9.995E-01
  4288.880 9.995E-01
  4290.167 9.995E-01
  4291.454 9.996E-01
  4292.741 9.998E-01
  4294.028 9.999E-01
  4295.315 1.000E+00
  4296.602 1.000E+00
  4297.889 1.000E+00
  4299.176 1.000E+00
  4300.463 1.000E+00
  4301.750 9.999E-01
  4303.037 9.997E-01
  4304.324 9.996E-01
  4305.611 9.996E-01
  4306.898 9.995E-01
  4308.185 9.995E-01
  4309.472 9.995E-01
  4310.759 9.995E-01
  4312.046 9.995E-01
  4313.333 9.994E-01
  4314.620 9.994E-01
  4315.907 9.993E-01
  4317.194 9.992E-01
  4318.481 9.991E-01
  4319.768 9.990E-01
  4321.055 9.988E-01
  4322.342 9.987E-01
  4323.629 9.985E-01
  4324.916 9.981E-01
  4326.203 9.975E-01
  4327.490 9.965E-01
  4328.777 9.948E-01
  4330.064 9.919E-01
  4331.351 9.858E-01
  4332.638 9.704E-01
  4333.925 9.425E-01
  4335.212 9.025E-01
  4336.499 8.660E-01
  4337.786 8.400E-01
  4339.073 8.253E-01
  4340.360 8.221E-01
  4341.647 8.299E-01
  4342.934 8.491E-01
  4344.221 8.794E-01
  4345.508 9.176E-01
  4346.795 9.546E-01
  4348.082 9.787E-01
  4349.369 9.885E-01
  4350.656 9.927E-01
  4351.943 9.949E-01
  4353.230 9.961E-01
  4354.517 9.968E-01
  4355.804 9.973E-01
  4357.091 9.978E-01
  4358.378 9.981E-01
  4359.665 9.984E-01
  4360.952 9.987E-01
  4362.239 9.990E-01
  4363.526 9.993E-01
  4364.813 9.995E-01
  4366.100 9.996E-01
  4367.387 9.996E-01
  4368.674 9.997E-01
  4369.961 9.996E-01
  4371.248 9.996E-01
  4372.535 9.995E-01
  4373.822 9.990E-01
  4375.109 9.987E-01
  4376.396 9.984E-01
  4377.683 9.982E-01
  4378.970 9.982E-01
  4380.257 9.982E-01
  4381.544 9.984E-01
  4382.831 9.988E-01
  4384.118 9.991E-01
  4385.405 9.996E-01
  4386.692 1.000E+00
  4387.979 1.001E+00
  4389.266 1.001E+00
  4390.553 1.001E+00
  4391.840 1.001E+00
  4393.127 1.001E+00
  4394.414 1.001E+00
  4395.701 1.001E+00
  4396.988 1.000E+00
  4398.275 9.999E-01
  4399.562 9.996E-01
  4400.849 9.996E-01
  4402.136 9.995E-01
  4403.423 9.997E-01
  4404.710 9.999E-01
  4405.997 1.000E+00
  4407.284 1.000E+00
  4408.571 1.001E+00
  4409.858 1.001E+00
  4411.145 1.001E+00
  4412.432 1.001E+00
  4413.719 1.001E+00
  4415.006 1.001E+00
  4416.293 1.001E+00
  4417.580 1.001E+00
  4418.867 1.001E+00
  4420.154 1.000E+00
  4421.441 1.000E+00
  4422.728 1.000E+00
  4424.015 1.000E+00
  4425.302 1.001E+00
  4426.589 1.001E+00
  4427.876 1.001E+00
  4429.163 1.001E+00
  4430.450 1.001E+00
  4431.737 1.001E+00
  4433.024 1.001E+00
  4434.311 1.000E+00
  4435.598 9.985E-01
  4436.885 9.973E-01
  4438.172 9.965E-01
  4439.459 9.960E-01
  4440.746 9.959E-01
  4442.033 9.961E-01
  4443.320 9.965E-01
  4444.607 9.970E-01
  4445.894 9.978E-01
  4447.181 9.990E-01
  4448.468 1.000E+00
  4449.755 1.000E+00
  4451.042 1.000E+00
  4452.329 1.000E+00
  4453.616 9.999E-01
  4454.903 9.999E-01
  4456.190 1.000E+00
  4457.477 1.000E+00
  4458.764 1.000E+00
  4460.051 1.000E+00
  4461.338 1.000E+00
  4462.625 1.000E+00
  4463.912 9.997E-01
  4465.199 9.946E-01
  4466.486 9.864E-01
  4467.773 9.808E-01
  4469.060 9.771E-01
  4470.347 9.750E-01
  4471.634 9.743E-01
  4472.921 9.751E-01
  4474.208 9.774E-01
  4475.495 9.809E-01
  4476.782 9.866E-01
  4478.069 9.951E-01
  4479.356 9.983E-01
  4480.643 9.986E-01
  4481.930 9.987E-01
  4483.217 9.989E-01
  4484.504 9.991E-01
  4485.791 9.994E-01
  4487.078 9.998E-01
  4488.365 1.000E+00
  4489.652 1.000E+00
  4490.939 1.000E+00
  4492.226 1.000E+00
  4493.513 1.000E+00
  4494.800 1.000E+00
  4496.087 1.000E+00
  4497.374 9.999E-01
  4498.661 9.997E-01
  4499.948 9.995E-01
  4501.235 9.995E-01
  4502.522 9.994E-01
  4503.809 9.994E-01
  4505.096 9.988E-01
  4506.383 9.983E-01
  4507.670 9.980E-01
  4508.957 9.972E-01
  4510.244 9.966E-01
  4511.531 9.961E-01
  4512.818 9.958E-01
  4514.105 9.957E-01
  4515.392 9.959E-01
  4516.679 9.965E-01
  4517.966 9.972E-01
  4519.253 9.976E-01
  4520.540 9.981E-01
  4521.827 9.990E-01
  4523.114 9.991E-01
  4524.401 9.991E-01
  4525.688 9.991E-01
  4526.975 9.991E-01
  4528.262 9.989E-01
  4529.549 9.988E-01
  4530.836 9.987E-01
  4532.123 9.979E-01
  4533.410 9.956E-01
  4534.697 9.875E-01
  4535.984 9.703E-01
  4537.271 9.550E-01
  4538.558 9.441E-01
  4539.845 9.372E-01
  4541.132 9.343E-01
  4542.419 9.350E-01
  4543.706 9.396E-01
  4544.993 9.481E-01
  4546.280 9.606E-01
  4547.567 9.772E-01
  4548.854 9.921E-01
  4550.141 9.970E-01
  4551.428 9.984E-01
  4552.715 9.986E-01
  4554.002 9.987E-01
  4555.289 9.988E-01
  4556.576 9.989E-01
  4557.863 9.990E-01
  4559.150 9.991E-01
  4560.437 9.993E-01
  4561.724 9.994E-01
  4563.011 9.987E-01
  4564.298 9.980E-01
  4565.585 9.975E-01
  4566.872 9.971E-01
  4568.159 9.969E-01
  4569.446 9.969E-01
  4570.733 9.970E-01
  4572.020 9.973E-01
  4573.307 9.978E-01
  4574.594 9.985E-01
  4575.881 9.996E-01
  4577.168 1.000E+00
  4578.455 1.000E+00
  4579.742 1.000E+00
  4581.029 9.999E-01
  4582.316 9.995E-01
  4583.603 9.993E-01
  4584.890 9.991E-01
  4586.177 9.988E-01
  4587.464 9.986E-01
  4588.751 9.985E-01
  4590.038 9.985E-01
  4591.325 9.986E-01
  4592.612 9.988E-01
  4593.899 9.991E-01
  4595.186 9.994E-01
  4596.473 9.995E-01
  4597.760 9.997E-01
  4599.047 9.999E-01
