  3980.000 9.773E-01
  3980.172 9.782E-01
  3980.343 9.788E-01
  3980.515 9.792E-01
  3980.686 9.792E-01
  3980.858 9.785E-01
  3981.030 9.773E-01
  3981.201 9.758E-01
  3981.373 9.743E-01
  3981.544 9.728E-01
  3981.716 9.719E-01
  3981.888 9.719E-01
  3982.059 9.727E-01
  3982.231 9.743E-01
  3982.402 9.763E-01
  3982.574 9.782E-01
  3982.746 9.801E-01
  3982.917 9.819E-01
  3983.089 9.834E-01
  3983.260 9.845E-01
  3983.432 9.853E-01
  3983.604 9.862E-01
  3983.775 9.871E-01
  3983.947 9.879E-01
  3984.118 9.885E-01
  3984.290 9.890E-01
  3984.462 9.896E-01
  3984.633 9.901E-01
  3984.805 9.905E-01
  3984.976 9.908E-01
  3985.148 9.908E-01
  3985.320 9.906E-01
  3985.491 9.902E-01
  3985.663 9.899E-01
  3985.834 9.897E-01
  3986.006 9.896E-01
  3986.178 9.898E-01
  3986.349 9.902E-01
  3986.521 9.908E-01
  3986.692 9.914E-01
  3986.864 9.920E-01
  3987.036 9.923E-01
  3987.207 9.925E-01
  3987.379 9.926E-01
  3987.550 9.927E-01
  3987.722 9.929E-01
  3987.894 9.932E-01
  3988.065 9.935E-01
  3988.237 9.939E-01
  3988.408 9.943E-01
  3988.580 9.945E-01
  3988.752 9.945E-01
  3988.923 9.941E-01
  3989.095 9.936E-01
  3989.266 9.930E-01
  3989.438 9.926E-01
  3989.610 9.924E-01
  3989.781 9.924E-01
  3989.953 9.926E-01
  3990.124 9.929E-01
  3990.296 9.930E-01
  3990.468 9.931E-01
  3990.639 9.930E-01
  3990.811 9.929E-01
  3990.982 9.928E-01
  3991.154 9.928E-01
  3991.326 9.929E-01
  3991.497 9.931E-01
  3991.669 9.933E-01
  3991.840 9.936E-01
  3992.012 9.938E-01
  3992.184 9.940E-01
  3992.355 9.942E-01
  3992.527 9.944E-01
  3992.698 9.946E-01
  3992.870 9.946E-01
  3993.042 9.947E-01
  3993.213 9.947E-01
  3993.385 9.946E-01
  3993.556 9.944E-01
  3993.728 9.943E-01
  3993.900 9.944E-01
  3994.071 9.947E-01
  3994.243 9.950E-01
  3994.414 9.952E-01
  3994.586 9.953E-01
  3994.758 9.953E-01
  3994.929 9.954E-01
  3995.101 9.955E-01
  3995.272 9.954E-01
  3995.444 9.953E-01
  3995.616 9.949E-01
  3995.787 9.944E-01
  3995.959 9.940E-01
  3996.130 9.932E-01
  3996.302 9.916E-01
  3996.474 9.889E-01
  3996.645 9.862E-01
  3996.817 9.842E-01
  3996.988 9.833E-01
  3997.160 9.834E-01
  3997.332 9.842E-01
  3997.503 9.858E-01
  3997.675 9.884E-01
  3997.846 9.914E-01
  3998.018 9.940E-01
  3998.190 9.951E-01
  3998.361 9.953E-01
  3998.533 9.950E-01
  3998.704 9.948E-01
  3998.876 9.948E-01
  3999.048 9.949E-01
  3999.219 9.953E-01
  3999.391 9.958E-01
  3999.562 9.964E-01
  3999.734 9.970E-01
  3999.906 9.974E-01
  4000.077 9.976E-01
  4000.249 9.978E-01
  4000.420 9.979E-01
  4000.592 9.980E-01
  4000.764 9.980E-01
  4000.935 9.976E-01
  4001.107 9.959E-01
  4001.278 9.916E-01
  4001.450 9.842E-01
  4001.622 9.755E-01
  4001.793 9.663E-01
  4001.965 9.579E-01
  4002.136 9.518E-01
  4002.308 9.487E-01
  4002.480 9.487E-01
  4002.651 9.517E-01
  4002.823 9.575E-01
  4002.994 9.645E-01
  4003.166 9.714E-01
  4003.338 9.776E-01
  4003.509 9.820E-01
  4003.681 9.854E-01
  4003.852 9.884E-01
  4004.024 9.913E-01
  4004.196 9.930E-01
  4004.367 9.932E-01
  4004.539 9.918E-01
  4004.710 9.891E-01
  4004.882 9.842E-01
  4005.054 9.772E-01
  4005.225 9.705E-01
  4005.397 9.661E-01
  4005.568 9.646E-01
  4005.740 9.658E-01
  4005.912 9.695E-01
  4006.083 9.751E-01
  4006.255 9.820E-01
  4006.426 9.892E-01
  4006.598 9.945E-01
  4006.770 9.970E-01
  4006.941 9.977E-01
  4007.113 9.975E-01
  4007.284 9.970E-01
  4007.456 9.962E-01
  4007.628 9.955E-01
  4007.799 9.950E-01
  4007.971 9.947E-01
  4008.142 9.941E-01
  4008.314 9.925E-01
  4008.486 9.890E-01
  4008.657 9.842E-01
  4008.829 9.796E-01
  4009.000 9.762E-01
  4009.172 9.743E-01
  4009.344 9.743E-01
  4009.515 9.761E-01
  4009.687 9.799E-01
  4009.858 9.852E-01
  4010.030 9.908E-01
  4010.202 9.950E-01
  4010.373 9.971E-01
  4010.545 9.980E-01
  4010.716 9.983E-01
  4010.888 9.984E-01
  4011.060 9.985E-01
  4011.231 9.982E-01
  4011.403 9.969E-01
  4011.574 9.933E-01
  4011.746 9.870E-01
  4011.918 9.798E-01
  4012.089 9.737E-01
  4012.261 9.697E-01
  4012.432 9.681E-01
  4012.604 9.691E-01
  4012.776 9.725E-01
  4012.947 9.783E-01
  4013.119 9.855E-01
  4013.290 9.920E-01
  4013.462 9.959E-01
  4013.634 9.975E-01
  4013.805 9.978E-01
  4013.977 9.976E-01
  4014.148 9.972E-01
  4014.320 9.966E-01
  4014.492 9.952E-01
  4014.663 9.922E-01
  4014.835 9.870E-01
  4015.006 9.817E-01
  4015.178 9.776E-01
  4015.350 9.753E-01
  4015.521 9.745E-01
  4015.693 9.753E-01
  4015.864 9.777E-01
  4016.036 9.820E-01
  4016.208 9.873E-01
  4016.379 9.920E-01
  4016.551 9.946E-01
  4016.722 9.955E-01
  4016.894 9.959E-01
  4017.066 9.962E-01
  4017.237 9.963E-01
  4017.409 9.963E-01
  4017.580 9.963E-01
  4017.752 9.963E-01
  4017.924 9.964E-01
  4018.095 9.967E-01
  4018.267 9.970E-01
  4018.438 9.973E-01
  4018.610 9.975E-01
  4018.782 9.978E-01
  4018.953 9.981E-01
  4019.125 9.983E-01
  4019.296 9.985E-01
  4019.468 9.986E-01
  4019.640 9.987E-01
  4019.811 9.987E-01
  4019.983 9.988E-01
  4020.154 9.988E-01
  4020.326 9.988E-01
  4020.498 9.987E-01
  4020.669 9.987E-01
  4020.841 9.986E-01
  4021.012 9.984E-01
  4021.184 9.981E-01
  4021.356 9.977E-01
  4021.527 9.971E-01
  4021.699 9.964E-01
  4021.870 9.957E-01
  4022.042 9.952E-01
  4022.214 9.948E-01
  4022.385 9.941E-01
  4022.557 9.925E-01
  4022.728 9.894E-01
  4022.900 9.860E-01
  4023.072 9.830E-01
  4023.243 9.805E-01
  4023.415 9.781E-01
  4023.586 9.755E-01
  4023.758 9.715E-01
  4023.930 9.664E-01
  4024.101 9.623E-01
  4024.273 9.594E-01
  4024.444 9.568E-01
  4024.616 9.551E-01
  4024.788 9.548E-01
  4024.959 9.558E-01
  4025.131 9.565E-01
  4025.302 9.544E-01
  4025.474 9.464E-01
  4025.646 9.333E-01
  4025.817 9.200E-01
  4025.989 9.103E-01
  4026.160 9.056E-01
  4026.332 9.068E-01
  4026.504 9.140E-01
  4026.675 9.269E-01
  4026.847 9.436E-01
  4027.018 9.607E-01
  4027.190 9.742E-01
  4027.362 9.819E-01
  4027.533 9.841E-01
  4027.705 9.827E-01
  4027.876 9.804E-01
  4028.048 9.784E-01
  4028.220 9.773E-01
  4028.391 9.775E-01
  4028.563 9.789E-01
  4028.734 9.818E-01
  4028.906 9.857E-01
  4029.078 9.901E-01
  4029.249 9.935E-01
  4029.421 9.953E-01
  4029.592 9.959E-01
  4029.764 9.957E-01
  4029.936 9.952E-01
  4030.107 9.946E-01
  4030.279 9.942E-01
  4030.450 9.937E-01
  4030.622 9.928E-01
  4030.794 9.913E-01
  4030.965 9.899E-01
  4031.137 9.891E-01
  4031.308 9.889E-01
  4031.480 9.890E-01
  4031.652 9.893E-01
  4031.823 9.895E-01
  4031.995 9.888E-01
  4032.166 9.863E-01
  4032.338 9.821E-01
  4032.510 9.777E-01
  4032.681 9.744E-01
  4032.853 9.730E-01
  4033.024 9.735E-01
  4033.196 9.759E-01
  4033.368 9.799E-01
  4033.539 9.850E-01
  4033.711 9.903E-01
  4033.882 9.939E-01
  4034.054 9.955E-01
  4034.226 9.960E-01
  4034.397 9.960E-01
  4034.569 9.957E-01
  4034.740 9.945E-01
  4034.912 9.922E-01
  4035.084 9.894E-01
  4035.255 9.868E-01
  4035.427 9.852E-01
  4035.598 9.845E-01
  4035.770 9.846E-01
  4035.942 9.855E-01
  4036.113 9.868E-01
  4036.285 9.888E-01
  4036.456 9.910E-01
  4036.628 9.922E-01
  4036.800 9.927E-01
  4036.971 9.926E-01
  4037.143 9.919E-01
  4037.314 9.904E-01
  4037.486 9.888E-01
  4037.658 9.877E-01
  4037.829 9.867E-01
  4038.001 9.863E-01
  4038.172 9.867E-01
  4038.344 9.880E-01
  4038.516 9.902E-01
  4038.687 9.930E-01
  4038.859 9.954E-01
  4039.030 9.966E-01
  4039.202 9.970E-01
  4039.374 9.970E-01
  4039.545 9.969E-01
  4039.717 9.969E-01
  4039.888 9.971E-01
  4040.060 9.974E-01
  4040.232 9.977E-01
  4040.403 9.981E-01
  4040.575 9.983E-01
  4040.746 9.981E-01
  4040.918 9.974E-01
  4041.090 9.967E-01
  4041.261 9.960E-01
  4041.433 9.957E-01
  4041.604 9.956E-01
  4041.776 9.957E-01
  4041.948 9.962E-01
  4042.119 9.969E-01
  4042.291 9.977E-01
  4042.462 9.985E-01
  4042.634 9.989E-01
  4042.806 9.988E-01
  4042.977 9.980E-01
  4043.149 9.961E-01
  4043.320 9.928E-01
  4043.492 9.894E-01
  4043.664 9.868E-01
  4043.835 9.852E-01
  4044.007 9.846E-01
  4044.178 9.852E-01
  4044.350 9.869E-01
  4044.522 9.896E-01
  4044.693 9.929E-01
  4044.865 9.957E-01
  4045.036 9.971E-01
  4045.208 9.976E-01
  4045.380 9.977E-01
  4045.551 9.977E-01
  4045.723 9.977E-01
  4045.894 9.976E-01
  4046.066 9.974E-01
  4046.238 9.970E-01
  4046.409 9.966E-01
  4046.581 9.964E-01
  4046.752 9.963E-01
  4046.924 9.964E-01
  4047.096 9.967E-01
  4047.267 9.971E-01
  4047.439 9.977E-01
  4047.610 9.981E-01
  4047.782 9.976E-01
  4047.954 9.952E-01
  4048.125 9.902E-01
  4048.297 9.839E-01
  4048.468 9.778E-01
  4048.640 9.733E-01
  4048.812 9.711E-01
  4048.983 9.711E-01
  4049.155 9.733E-01
  4049.326 9.778E-01
  4049.498 9.840E-01
  4049.670 9.904E-01
  4049.841 9.949E-01
  4050.013 9.971E-01
  4050.184 9.974E-01
  4050.356 9.964E-01
  4050.528 9.945E-01
  4050.699 9.924E-01
  4050.871 9.902E-01
  4051.042 9.873E-01
  4051.214 9.832E-01
  4051.386 9.789E-01
  4051.557 9.760E-01
  4051.729 9.751E-01
  4051.900 9.759E-01
  4052.072 9.779E-01
  4052.244 9.806E-01
  4052.415 9.842E-01
  4052.587 9.884E-01
  4052.758 9.916E-01
  4052.930 9.916E-01
  4053.102 9.886E-01
  4053.273 9.838E-01
  4053.445 9.788E-01
  4053.616 9.749E-01
  4053.788 9.730E-01
  4053.960 9.732E-01
  4054.131 9.754E-01
  4054.303 9.794E-01
  4054.474 9.845E-01
  4054.646 9.898E-01
  4054.818 9.940E-01
  4054.989 9.967E-01
  4055.161 9.979E-01
  4055.332 9.981E-01
  4055.504 9.978E-01
  4055.676 9.972E-01
  4055.847 9.966E-01
  4056.019 9.961E-01
  4056.190 9.956E-01
  4056.362 9.948E-01
  4056.534 9.936E-01
  4056.705 9.915E-01
  4056.877 9.888E-01
  4057.048 9.865E-01
  4057.220 9.849E-01
  4057.392 9.843E-01
  4057.563 9.847E-01
  4057.735 9.861E-01
  4057.906 9.884E-01
  4058.078 9.914E-01
  4058.250 9.945E-01
  4058.421 9.968E-01
  4058.593 9.979E-01
  4058.764 9.982E-01
  4058.936 9.982E-01
  4059.108 9.981E-01
  4059.279 9.981E-01
  4059.451 9.981E-01
  4059.622 9.982E-01
  4059.794 9.982E-01
  4059.966 9.982E-01
  4060.137 9.982E-01
  4060.309 9.981E-01
  4060.480 9.981E-01
  4060.652 9.979E-01
  4060.824 9.973E-01
  4060.995 9.958E-01
  4061.167 9.934E-01
  4061.338 9.911E-01
  4061.510 9.894E-01
  4061.682 9.884E-01
  4061.853 9.880E-01
  4062.025 9.885E-01
  4062.196 9.896E-01
  4062.368 9.914E-01
  4062.540 9.929E-01
  4062.711 9.925E-01
  4062.883 9.892E-01
  4063.054 9.848E-01
  4063.226 9.811E-01
  4063.398 9.788E-01
  4063.569 9.779E-01
  4063.741 9.782E-01
  4063.912 9.800E-01
  4064.084 9.831E-01
  4064.256 9.869E-01
  4064.427 9.901E-01
  4064.599 9.914E-01
  4064.770 9.916E-01
  4064.942 9.916E-01
  4065.114 9.921E-01
  4065.285 9.928E-01
  4065.457 9.939E-01
  4065.628 9.951E-01
  4065.800 9.961E-01
  4065.972 9.954E-01
  4066.143 9.913E-01
  4066.315 9.828E-01
  4066.486 9.728E-01
  4066.658 9.645E-01
  4066.830 9.592E-01
  4067.001 9.571E-01
  4067.173 9.581E-01
  4067.344 9.623E-01
  4067.516 9.697E-01
  4067.688 9.793E-01
  4067.859 9.886E-01
  4068.031 9.941E-01
  4068.202 9.963E-01
  4068.374 9.969E-01
  4068.546 9.971E-01
  4068.717 9.972E-01
  4068.889 9.971E-01
  4069.060 9.963E-01
  4069.232 9.947E-01
  4069.404 9.928E-01
  4069.575 9.913E-01
  4069.747 9.899E-01
  4069.918 9.885E-01
  4070.090 9.866E-01
  4070.262 9.847E-01
  4070.433 9.834E-01
  4070.605 9.828E-01
  4070.776 9.821E-01
  4070.948 9.801E-01
  4071.120 9.775E-01
  4071.291 9.758E-01
  4071.463 9.758E-01
  4071.634 9.769E-01
  4071.806 9.777E-01
  4071.978 9.783E-01
  4072.149 9.796E-01
  4072.321 9.821E-01
  4072.492 9.854E-01
  4072.664 9.881E-01
  4072.836 9.896E-01
  4073.007 9.906E-01
  4073.179 9.915E-01
  4073.350 9.925E-01
  4073.522 9.933E-01
  4073.694 9.936E-01
  4073.865 9.937E-01
  4074.037 9.937E-01
  4074.208 9.939E-01
  4074.380 9.940E-01
  4074.552 9.931E-01
  4074.723 9.905E-01
  4074.895 9.868E-01
  4075.066 9.832E-01
  4075.238 9.802E-01
  4075.410 9.782E-01
  4075.581 9.773E-01
  4075.753 9.773E-01
  4075.924 9.777E-01
  4076.096 9.780E-01
  4076.268 9.780E-01
  4076.439 9.775E-01
  4076.611 9.761E-01
  4076.782 9.734E-01
  4076.954 9.694E-01
  4077.126 9.659E-01
  4077.297 9.644E-01
  4077.469 9.655E-01
  4077.640 9.683E-01
  4077.812 9.717E-01
  4077.984 9.756E-01
  4078.155 9.806E-01
  4078.327 9.864E-01
  4078.498 9.917E-01
  4078.670 9.947E-01
  4078.842 9.958E-01
  4079.013 9.960E-01
  4079.185 9.960E-01
  4079.356 9.959E-01
  4079.528 9.957E-01
  4079.700 9.956E-01
  4079.871 9.956E-01
  4080.043 9.955E-01
  4080.214 9.955E-01
  4080.386 9.954E-01
  4080.558 9.953E-01
  4080.729 9.952E-01
  4080.901 9.951E-01
  4081.072 9.948E-01
  4081.244 9.942E-01
  4081.416 9.929E-01
  4081.587 9.904E-01
  4081.759 9.876E-01
  4081.930 9.853E-01
  4082.102 9.837E-01
  4082.274 9.830E-01
  4082.445 9.831E-01
  4082.617 9.840E-01
  4082.788 9.857E-01
  4082.960 9.881E-01
  4083.132 9.905E-01
  4083.303 9.919E-01
  4083.475 9.925E-01
  4083.646 9.926E-01
  4083.818 9.925E-01
  4083.990 9.924E-01
  4084.161 9.922E-01
  4084.333 9.919E-01
  4084.504 9.916E-01
  4084.676 9.911E-01
  4084.848 9.905E-01
  4085.019 9.898E-01
  4085.191 9.888E-01
  4085.362 9.875E-01
  4085.534 9.859E-01
  4085.706 9.846E-01
  4085.877 9.838E-01
  4086.049 9.835E-01
  4086.220 9.835E-01
  4086.392 9.834E-01
  4086.564 9.832E-01
  4086.735 9.830E-01
  4086.907 9.828E-01
  4087.078 9.824E-01
  4087.250 9.819E-01
  4087.422 9.816E-01
  4087.593 9.818E-01
  4087.765 9.824E-01
  4087.936 9.831E-01
  4088.108 9.836E-01
  4088.280 9.836E-01
  4088.451 9.833E-01
  4088.623 9.828E-01
  4088.794 9.824E-01
  4088.966 9.821E-01
  4089.138 9.820E-01
  4089.309 9.823E-01
  4089.481 9.827E-01
  4089.652 9.830E-01
  4089.824 9.830E-01
  4089.996 9.826E-01
  4090.167 9.820E-01
  4090.339 9.813E-01
  4090.510 9.806E-01
  4090.682 9.800E-01
  4090.854 9.792E-01
  4091.025 9.785E-01
  4091.197 9.777E-01
  4091.368 9.769E-01
  4091.540 9.760E-01
  4091.712 9.750E-01
  4091.883 9.740E-01
  4092.055 9.728E-01
  4092.226 9.715E-01
  4092.398 9.698E-01
  4092.570 9.677E-01
  4092.741 9.657E-01
  4092.913 9.637E-01
  4093.084 9.618E-01
  4093.256 9.601E-01
  4093.428 9.585E-01
  4093.599 9.571E-01
  4093.771 9.556E-01
  4093.942 9.542E-01
  4094.114 9.526E-01
  4094.286 9.505E-01
  4094.457 9.481E-01
  4094.629 9.454E-01
  4094.800 9.425E-01
  4094.972 9.394E-01
  4095.144 9.361E-01
  4095.315 9.325E-01
  4095.487 9.285E-01
  4095.658 9.243E-01
  4095.830 9.197E-01
  4096.002 9.148E-01
  4096.173 9.094E-01
  4096.345 9.034E-01
  4096.516 8.969E-01
  4096.688 8.897E-01
  4096.860 8.818E-01
  4097.031 8.732E-01
  4097.203 8.642E-01
  4097.374 8.545E-01
  4097.546 8.439E-01
  4097.718 8.322E-01
  4097.889 8.198E-01
  4098.061 8.068E-01
  4098.232 7.930E-01
  4098.404 7.784E-01
  4098.576 7.626E-01
  4098.747 7.457E-01
  4098.919 7.276E-01
  4099.090 7.082E-01
  4099.262 6.871E-01
  4099.434 6.640E-01
  4099.605 6.389E-01
  4099.777 6.121E-01
  4099.948 5.838E-01
  4100.120 5.540E-01
  4100.292 5.229E-01
  4100.463 4.899E-01
  4100.635 4.546E-01
  4100.806 4.165E-01
  4100.978 3.768E-01
  4101.150 3.384E-01
  4101.321 3.054E-01
  4101.493 2.820E-01
  4101.664 2.703E-01
  4101.836 2.716E-01
  4102.008 2.856E-01
  4102.179 3.111E-01
  4102.351 3.454E-01
  4102.522 3.844E-01
  4102.694 4.241E-01
  4102.866 4.617E-01
  4103.037 4.966E-01
  4103.209 5.291E-01
  4103.380 5.600E-01
  4103.552 5.894E-01
  4103.724 6.173E-01
  4103.895 6.437E-01
  4104.067 6.685E-01
  4104.238 6.917E-01
  4104.410 7.132E-01
  4104.582 7.333E-01
  4104.753 7.521E-01
  4104.925 7.695E-01
  4105.096 7.857E-01
  4105.268 8.008E-01
  4105.440 8.147E-01
  4105.611 8.276E-01
  4105.783 8.396E-01
  4105.954 8.505E-01
  4106.126 8.604E-01
  4106.298 8.695E-01
  4106.469 8.779E-01
  4106.641 8.856E-01
  4106.812 8.927E-01
  4106.984 8.992E-01
  4107.156 9.052E-01
  4107.327 9.107E-01
  4107.499 9.159E-01
  4107.670 9.207E-01
  4107.842 9.252E-01
  4108.014 9.294E-01
  4108.185 9.333E-01
  4108.357 9.369E-01
  4108.528 9.403E-01
  4108.700 9.433E-01
  4108.872 9.461E-01
  4109.043 9.487E-01
  4109.215 9.511E-01
  4109.386 9.533E-01
  4109.558 9.554E-01
  4109.730 9.571E-01
  4109.901 9.577E-01
  4110.073 9.561E-01
  4110.244 9.514E-01
  4110.416 9.454E-01
  4110.588 9.405E-01
  4110.759 9.376E-01
  4110.931 9.364E-01
  4111.102 9.366E-01
  4111.274 9.387E-01
  4111.446 9.431E-01
  4111.617 9.498E-01
  4111.789 9.570E-01
  4111.960 9.620E-01
  4112.132 9.647E-01
  4112.304 9.661E-01
  4112.475 9.673E-01
  4112.647 9.687E-01
  4112.818 9.701E-01
  4112.990 9.713E-01
  4113.162 9.728E-01
  4113.333 9.746E-01
  4113.505 9.766E-01
  4113.676 9.788E-01
  4113.848 9.811E-01
  4114.020 9.832E-01
  4114.191 9.845E-01
  4114.363 9.853E-01
  4114.534 9.859E-01
  4114.706 9.863E-01
  4114.878 9.868E-01
  4115.049 9.873E-01
  4115.221 9.877E-01
  4115.392 9.881E-01
  4115.564 9.885E-01
  4115.736 9.888E-01
  4115.907 9.891E-01
  4116.079 9.893E-01
  4116.250 9.894E-01
  4116.422 9.895E-01
  4116.594 9.897E-01
  4116.765 9.899E-01
  4116.937 9.901E-01
  4117.108 9.903E-01
  4117.280 9.904E-01
  4117.452 9.905E-01
  4117.623 9.904E-01
  4117.795 9.900E-01
  4117.966 9.895E-01
  4118.138 9.891E-01
  4118.310 9.888E-01
  4118.481 9.883E-01
  4118.653 9.870E-01
  4118.824 9.847E-01
  4118.996 9.824E-01
  4119.168 9.809E-01
  4119.339 9.802E-01
  4119.511 9.800E-01
  4119.682 9.801E-01
  4119.854 9.796E-01
  4120.026 9.781E-01
  4120.197 9.755E-01
  4120.369 9.724E-01
  4120.540 9.693E-01
  4120.712 9.673E-01
  4120.884 9.669E-01
  4121.055 9.684E-01
  4121.227 9.718E-01
  4121.398 9.768E-01
  4121.570 9.817E-01
  4121.742 9.834E-01
  4121.913 9.796E-01
  4122.085 9.726E-01
  4122.256 9.658E-01
  4122.428 9.612E-01
  4122.600 9.591E-01
  4122.771 9.598E-01
  4122.943 9.632E-01
  4123.114 9.694E-01
  4123.286 9.779E-01
  4123.458 9.866E-01
  4123.629 9.922E-01
  4123.801 9.941E-01
  4123.972 9.931E-01
  4124.144 9.906E-01
  4124.316 9.881E-01
  4124.487 9.862E-01
  4124.659 9.852E-01
  4124.830 9.851E-01
  4125.002 9.857E-01
  4125.174 9.873E-01
  4125.345 9.896E-01
  4125.517 9.922E-01
  4125.688 9.944E-01
  4125.860 9.954E-01
  4126.032 9.957E-01
  4126.203 9.954E-01
  4126.375 9.949E-01
  4126.546 9.943E-01
  4126.718 9.934E-01
  4126.890 9.912E-01
  4127.061 9.850E-01
  4127.233 9.714E-01
  4127.404 9.505E-01
  4127.576 9.292E-01
  4127.748 9.121E-01
  4127.919 8.996E-01
  4128.091 8.912E-01
  4128.262 8.892E-01
  4128.434 8.954E-01
  4128.606 9.100E-01
  4128.777 9.304E-01
  4128.949 9.506E-01
  4129.120 9.647E-01
  4129.292 9.743E-01
  4129.464 9.822E-01
  4129.635 9.881E-01
  4129.807 9.883E-01
  4129.978 9.801E-01
  4130.150 9.619E-01
  4130.322 9.391E-01
  4130.493 9.190E-01
  4130.665 9.054E-01
  4130.836 8.992E-01
  4131.008 9.002E-01
  4131.180 9.082E-01
  4131.351 9.229E-01
  4131.523 9.427E-01
  4131.694 9.630E-01
  4131.866 9.768E-01
  4132.038 9.828E-01
  4132.209 9.843E-01
  4132.381 9.845E-01
  4132.552 9.852E-01
  4132.724 9.868E-01
  4132.896 9.891E-01
  4133.067 9.915E-01
  4133.239 9.938E-01
  4133.410 9.954E-01
  4133.582 9.964E-01
  4133.754 9.970E-01
  4133.925 9.973E-01
  4134.097 9.973E-01
  4134.268 9.972E-01
  4134.440 9.972E-01
  4134.612 9.972E-01
  4134.783 9.973E-01
  4134.955 9.973E-01
  4135.126 9.973E-01
  4135.298 9.973E-01
  4135.470 9.974E-01
  4135.641 9.974E-01
  4135.813 9.974E-01
  4135.984 9.972E-01
  4136.156 9.968E-01
  4136.328 9.963E-01
  4136.499 9.959E-01
  4136.671 9.957E-01
  4136.842 9.956E-01
  4137.014 9.955E-01
  4137.186 9.954E-01
  4137.357 9.949E-01
  4137.529 9.937E-01
  4137.700 9.921E-01
  4137.872 9.905E-01
  4138.044 9.892E-01
  4138.215 9.886E-01
  4138.387 9.887E-01
  4138.558 9.895E-01
  4138.730 9.910E-01
  4138.902 9.927E-01
  4139.073 9.944E-01
  4139.245 9.955E-01
  4139.416 9.959E-01
  4139.588 9.959E-01
  4139.760 9.958E-01
  4139.931 9.958E-01
  4140.103 9.961E-01
  4140.274 9.967E-01
  4140.446 9.974E-01
  4140.618 9.980E-01
  4140.789 9.984E-01
  4140.961 9.986E-01
  4141.132 9.987E-01
  4141.304 9.985E-01
  4141.476 9.980E-01
  4141.647 9.972E-01
  4141.819 9.965E-01
  4141.990 9.959E-01
  4142.162 9.955E-01
  4142.334 9.953E-01
  4142.505 9.949E-01
  4142.677 9.936E-01
  4142.848 9.904E-01
  4143.020 9.847E-01
  4143.192 9.773E-01
  4143.363 9.706E-01
  4143.535 9.660E-01
  4143.706 9.639E-01
  4143.878 9.645E-01
  4144.050 9.674E-01
  4144.221 9.722E-01
  4144.393 9.782E-01
  4144.564 9.843E-01
  4144.736 9.885E-01
  4144.908 9.893E-01
  4145.079 9.874E-01
  4145.251 9.848E-01
  4145.422 9.829E-01
  4145.594 9.822E-01
  4145.766 9.827E-01
  4145.937 9.839E-01
  4146.109 9.852E-01
  4146.280 9.869E-01
  4146.452 9.889E-01
  4146.624 9.910E-01
  4146.795 9.923E-01
  4146.967 9.929E-01
  4147.138 9.933E-01
  4147.310 9.938E-01
  4147.482 9.946E-01
  4147.653 9.956E-01
  4147.825 9.968E-01
  4147.996 9.977E-01
  4148.168 9.983E-01
  4148.340 9.984E-01
  4148.511 9.980E-01
  4148.683 9.975E-01
  4148.854 9.971E-01
  4149.026 9.967E-01
  4149.198 9.964E-01
  4149.369 9.960E-01
  4149.541 9.955E-01
  4149.712 9.949E-01
  4149.884 9.941E-01
  4150.056 9.928E-01
  4150.227 9.907E-01
  4150.399 9.884E-01
  4150.570 9.867E-01
  4150.742 9.860E-01
  4150.914 9.862E-01
  4151.085 9.872E-01
  4151.257 9.889E-01
  4151.428 9.911E-01
  4151.600 9.936E-01
  4151.772 9.960E-01
  4151.943 9.976E-01
  4152.115 9.980E-01
  4152.286 9.972E-01
  4152.458 9.959E-01
  4152.630 9.947E-01
  4152.801 9.937E-01
  4152.973 9.932E-01
  4153.144 9.930E-01
  4153.316 9.931E-01
  4153.488 9.938E-01
  4153.659 9.948E-01
  4153.831 9.960E-01
  4154.002 9.968E-01
  4154.174 9.971E-01
  4154.346 9.972E-01
  4154.517 9.973E-01
  4154.689 9.974E-01
  4154.860 9.976E-01
  4155.032 9.977E-01
  4155.204 9.979E-01
  4155.375 9.981E-01
  4155.547 9.982E-01
  4155.718 9.982E-01
  4155.890 9.981E-01
  4156.062 9.980E-01
  4156.233 9.980E-01
  4156.405 9.980E-01
  4156.576 9.982E-01
  4156.748 9.983E-01
  4156.920 9.984E-01
  4157.091 9.984E-01
  4157.263 9.983E-01
  4157.434 9.982E-01
  4157.606 9.981E-01
  4157.778 9.978E-01
  4157.949 9.975E-01
  4158.121 9.973E-01
  4158.292 9.972E-01
  4158.464 9.973E-01
  4158.636 9.975E-01
  4158.807 9.978E-01
  4158.979 9.982E-01
  4159.150 9.986E-01
  4159.322 9.989E-01
  4159.494 9.989E-01
  4159.665 9.987E-01
  4159.837 9.979E-01
  4160.008 9.966E-01
  4160.180 9.954E-01
  4160.352 9.942E-01
  4160.523 9.933E-01
  4160.695 9.926E-01
  4160.866 9.921E-01
  4161.038 9.921E-01
  4161.210 9.927E-01
  4161.381 9.937E-01
  4161.553 9.947E-01
  4161.724 9.951E-01
  4161.896 9.948E-01
  4162.068 9.939E-01
  4162.239 9.932E-01
  4162.411 9.924E-01
  4162.582 9.911E-01
  4162.754 9.878E-01
  4162.926 9.820E-01
  4163.097 9.754E-01
  4163.269 9.703E-01
  4163.440 9.676E-01
  4163.612 9.669E-01
  4163.784 9.678E-01
  4163.955 9.704E-01
  4164.127 9.751E-01
  4164.298 9.817E-01
  4164.470 9.888E-01
  4164.642 9.938E-01
  4164.813 9.962E-01
  4164.985 9.971E-01
  4165.156 9.975E-01
  4165.328 9.979E-01
  4165.500 9.983E-01
  4165.671 9.988E-01
  4165.843 9.992E-01
  4166.014 9.994E-01
  4166.186 9.994E-01
  4166.358 9.992E-01
  4166.529 9.988E-01
  4166.701 9.983E-01
  4166.872 9.978E-01
  4167.044 9.975E-01
  4167.216 9.973E-01
  4167.387 9.972E-01
  4167.559 9.971E-01
  4167.730 9.970E-01
  4167.902 9.966E-01
  4168.074 9.959E-01
  4168.245 9.946E-01
  4168.417 9.930E-01
  4168.588 9.918E-01
  4168.760 9.911E-01
  4168.932 9.910E-01
  4169.103 9.915E-01
  4169.275 9.924E-01
  4169.446 9.936E-01
  4169.618 9.949E-01
  4169.790 9.958E-01
  4169.961 9.960E-01
  4170.133 9.957E-01
  4170.304 9.952E-01
  4170.476 9.948E-01
  4170.648 9.945E-01
  4170.819 9.937E-01
  4170.991 9.912E-01
  4171.162 9.860E-01
  4171.334 9.793E-01
  4171.506 9.728E-01
  4171.677 9.669E-01
  4171.849 9.616E-01
  4172.020 9.582E-01
  4172.192 9.574E-01
  4172.364 9.581E-01
  4172.535 9.577E-01
  4172.707 9.527E-01
  4172.878 9.442E-01
  4173.050 9.355E-01
  4173.222 9.297E-01
  4173.393 9.273E-01
  4173.565 9.275E-01
  4173.736 9.313E-01
  4173.908 9.399E-01
  4174.080 9.534E-01
  4174.251 9.689E-01
  4174.423 9.813E-01
  4174.594 9.884E-01
  4174.766 9.922E-01
  4174.938 9.948E-01
  4175.109 9.968E-01
  4175.281 9.980E-01
  4175.452 9.985E-01
  4175.624 9.986E-01
  4175.796 9.985E-01
  4175.967 9.983E-01
  4176.139 9.983E-01
  4176.310 9.982E-01
  4176.482 9.979E-01
  4176.654 9.960E-01
  4176.825 9.911E-01
  4176.997 9.821E-01
  4177.168 9.724E-01
  4177.340 9.644E-01
  4177.512 9.588E-01
  4177.683 9.549E-01
  4177.855 9.510E-01
  4178.026 9.452E-01
  4178.198 9.365E-01
  4178.370 9.291E-01
  4178.541 9.241E-01
  4178.713 9.190E-01
  4178.884 9.153E-01
  4179.056 9.157E-01
  4179.228 9.220E-01
  4179.399 9.341E-01
  4179.571 9.505E-01
  4179.742 9.675E-01
  4179.914 9.799E-01
  4180.086 9.877E-01
  4180.257 9.926E-01
  4180.429 9.952E-01
  4180.600 9.960E-01
  4180.772 9.959E-01
  4180.944 9.954E-01
  4181.115 9.949E-01
  4181.287 9.947E-01
  4181.458 9.948E-01
  4181.630 9.951E-01
  4181.802 9.954E-01
  4181.973 9.954E-01
  4182.145 9.953E-01
  4182.316 9.951E-01
  4182.488 9.945E-01
  4182.660 9.935E-01
  4182.831 9.924E-01
  4183.003 9.916E-01
  4183.174 9.912E-01
  4183.346 9.911E-01
  4183.518 9.909E-01
  4183.689 9.906E-01
  4183.861 9.907E-01
  4184.032 9.912E-01
  4184.204 9.919E-01
  4184.376 9.926E-01
  4184.547 9.931E-01
  4184.719 9.939E-01
  4184.890 9.951E-01
  4185.062 9.964E-01
  4185.234 9.975E-01
  4185.405 9.983E-01
  4185.577 9.986E-01
  4185.748 9.988E-01
  4185.920 9.987E-01
  4186.092 9.983E-01
  4186.263 9.974E-01
  4186.435 9.962E-01
  4186.606 9.949E-01
  4186.778 9.933E-01
  4186.950 9.909E-01
  4187.121 9.872E-01
  4187.293 9.837E-01
  4187.464 9.815E-01
  4187.636 9.807E-01
  4187.808 9.813E-01
  4187.979 9.829E-01
  4188.151 9.851E-01
  4188.322 9.880E-01
  4188.494 9.916E-01
  4188.666 9.950E-01
  4188.837 9.967E-01
  4189.009 9.969E-01
  4189.180 9.965E-01
  4189.352 9.961E-01
  4189.524 9.956E-01
  4189.695 9.950E-01
  4189.867 9.943E-01
  4190.038 9.934E-01
  4190.210 9.926E-01
  4190.382 9.922E-01
  4190.553 9.922E-01
  4190.725 9.922E-01
  4190.896 9.924E-01
  4191.068 9.928E-01
  4191.240 9.932E-01
  4191.411 9.934E-01
  4191.583 9.935E-01
  4191.754 9.936E-01
  4191.926 9.938E-01
  4192.098 9.942E-01
  4192.269 9.948E-01
  4192.441 9.955E-01
  4192.612 9.963E-01
  4192.784 9.969E-01
  4192.956 9.974E-01
  4193.127 9.975E-01
  4193.299 9.975E-01
  4193.470 9.974E-01
  4193.642 9.975E-01
  4193.814 9.977E-01
  4193.985 9.981E-01
  4194.157 9.987E-01
  4194.328 9.991E-01
  4194.500 9.992E-01
  4194.672 9.989E-01
  4194.843 9.983E-01
  4195.015 9.979E-01
  4195.186 9.975E-01
  4195.358 9.973E-01
  4195.530 9.972E-01
  4195.701 9.973E-01
  4195.873 9.976E-01
  4196.044 9.980E-01
  4196.216 9.986E-01
  4196.388 9.989E-01
  4196.559 9.992E-01
  4196.731 9.993E-01
  4196.902 9.994E-01
  4197.074 9.994E-01
  4197.246 9.990E-01
  4197.417 9.982E-01
  4197.589 9.970E-01
  4197.760 9.959E-01
  4197.932 9.948E-01
  4198.104 9.938E-01
  4198.275 9.926E-01
  4198.447 9.913E-01
  4198.618 9.901E-01
  4198.790 9.893E-01
  4198.962 9.889E-01
  4199.133 9.891E-01
  4199.305 9.894E-01
  4199.476 9.899E-01
  4199.648 9.905E-01
  4199.820 9.907E-01
  4199.991 9.902E-01
  4200.163 9.891E-01
  4200.334 9.879E-01
  4200.506 9.869E-01
  4200.678 9.865E-01
  4200.849 9.867E-01
  4201.021 9.876E-01
  4201.192 9.888E-01
  4201.364 9.900E-01
  4201.536 9.908E-01
  4201.707 9.906E-01
  4201.879 9.896E-01
  4202.050 9.882E-01
  4202.222 9.872E-01
  4202.394 9.869E-01
  4202.565 9.876E-01
  4202.737 9.890E-01
  4202.908 9.909E-01
  4203.080 9.928E-01
  4203.252 9.946E-01
  4203.423 9.959E-01
  4203.595 9.966E-01
  4203.766 9.969E-01
  4203.938 9.968E-01
  4204.110 9.960E-01
  4204.281 9.942E-01
  4204.453 9.914E-01
  4204.624 9.881E-01
  4204.796 9.850E-01
  4204.968 9.825E-01
  4205.139 9.812E-01
  4205.311 9.810E-01
  4205.482 9.819E-01
  4205.654 9.837E-01
  4205.826 9.865E-01
  4205.997 9.896E-01
  4206.169 9.922E-01
  4206.340 9.938E-01
  4206.512 9.942E-01
  4206.684 9.938E-01
  4206.855 9.932E-01
  4207.027 9.929E-01
  4207.198 9.930E-01
  4207.370 9.932E-01
  4207.542 9.935E-01
  4207.713 9.941E-01
  4207.885 9.950E-01
  4208.056 9.961E-01
  4208.228 9.970E-01
  4208.400 9.975E-01
  4208.571 9.976E-01
  4208.743 9.976E-01
  4208.914 9.971E-01
  4209.086 9.963E-01
  4209.258 9.954E-01
  4209.429 9.946E-01
  4209.601 9.941E-01
  4209.772 9.938E-01
  4209.944 9.938E-01
  4210.116 9.942E-01
  4210.287 9.949E-01
  4210.459 9.960E-01
  4210.630 9.972E-01
  4210.802 9.980E-01
  4210.974 9.985E-01
  4211.145 9.985E-01
  4211.317 9.984E-01
  4211.488 9.983E-01
  4211.660 9.982E-01
  4211.832 9.981E-01
  4212.003 9.982E-01
  4212.175 9.983E-01
  4212.346 9.986E-01
  4212.518 9.988E-01
  4212.690 9.987E-01
  4212.861 9.983E-01
  4213.033 9.978E-01
  4213.204 9.973E-01
  4213.376 9.971E-01
  4213.548 9.970E-01
  4213.719 9.972E-01
  4213.891 9.975E-01
  4214.062 9.980E-01
  4214.234 9.985E-01
  4214.406 9.987E-01
  4214.577 9.980E-01
  4214.749 9.957E-01
  4214.920 9.919E-01
  4215.092 9.875E-01
  4215.264 9.838E-01
  4215.435 9.814E-01
  4215.607 9.804E-01
  4215.778 9.808E-01
  4215.950 9.823E-01
  4216.122 9.848E-01
  4216.293 9.875E-01
  4216.465 9.901E-01
  4216.636 9.917E-01
  4216.808 9.920E-01
  4216.980 9.919E-01
  4217.151 9.919E-01
  4217.323 9.922E-01
  4217.494 9.932E-01
  4217.666 9.946E-01
  4217.838 9.963E-01
  4218.009 9.976E-01
  4218.181 9.984E-01
  4218.352 9.987E-01
  4218.524 9.987E-01
  4218.696 9.985E-01
  4218.867 9.982E-01
  4219.039 9.980E-01
  4219.210 9.979E-01
  4219.382 9.978E-01
  4219.554 9.977E-01
  4219.725 9.979E-01
  4219.897 9.981E-01
  4220.068 9.984E-01
  4220.240 9.988E-01
  4220.412 9.989E-01
  4220.583 9.988E-01
  4220.755 9.986E-01
  4220.926 9.983E-01
  4221.098 9.979E-01
  4221.270 9.973E-01
  4221.441 9.966E-01
  4221.613 9.961E-01
  4221.784 9.957E-01
  4221.956 9.956E-01
  4222.128 9.958E-01
  4222.299 9.961E-01
  4222.471 9.965E-01
  4222.642 9.969E-01
  4222.814 9.975E-01
  4222.986 9.980E-01
  4223.157 9.982E-01
  4223.329 9.982E-01
  4223.500 9.980E-01
  4223.672 9.977E-01
  4223.844 9.971E-01
  4224.015 9.962E-01
  4224.187 9.950E-01
  4224.358 9.938E-01
  4224.530 9.927E-01
  4224.702 9.920E-01
  4224.873 9.918E-01
  4225.045 9.920E-01
  4225.216 9.926E-01
  4225.388 9.936E-01
  4225.560 9.948E-01
  4225.731 9.960E-01
  4225.903 9.969E-01
  4226.074 9.975E-01
  4226.246 9.976E-01
  4226.418 9.972E-01
  4226.589 9.960E-01
  4226.761 9.943E-01
  4226.932 9.929E-01
  4227.104 9.919E-01
  4227.276 9.914E-01
  4227.447 9.915E-01
  4227.619 9.922E-01
  4227.790 9.933E-01
  4227.962 9.949E-01
  4228.134 9.967E-01
  4228.305 9.983E-01
  4228.477 9.990E-01
  4228.648 9.992E-01
  4228.820 9.990E-01
  4228.992 9.988E-01
  4229.163 9.985E-01
  4229.335 9.983E-01
  4229.506 9.981E-01
  4229.678 9.980E-01
  4229.850 9.980E-01
  4230.021 9.980E-01
  4230.193 9.979E-01
  4230.364 9.977E-01
  4230.536 9.976E-01
  4230.708 9.975E-01
  4230.879 9.974E-01
  4231.051 9.973E-01
  4231.222 9.971E-01
  4231.394 9.969E-01
  4231.566 9.968E-01
  4231.737 9.966E-01
  4231.909 9.953E-01
  4232.080 9.902E-01
  4232.252 9.772E-01
  4232.424 9.549E-01
  4232.595 9.302E-01
  4232.767 9.098E-01
  4232.938 8.968E-01
  4233.110 8.913E-01
  4233.282 8.933E-01
  4233.453 9.029E-01
  4233.625 9.201E-01
  4233.796 9.435E-01
  4233.968 9.679E-01
  4234.140 9.853E-01
  4234.311 9.936E-01
  4234.483 9.964E-01
  4234.654 9.969E-01
  4234.826 9.969E-01
  4234.998 9.967E-01
  4235.169 9.962E-01
  4235.341 9.955E-01
  4235.512 9.947E-01
  4235.684 9.940E-01
  4235.856 9.934E-01
  4236.027 9.932E-01
  4236.199 9.933E-01
  4236.370 9.939E-01
  4236.542 9.947E-01
  4236.714 9.956E-01
  4236.885 9.965E-01
  4237.057 9.971E-01
  4237.228 9.977E-01
  4237.400 9.980E-01
  4237.572 9.981E-01
  4237.743 9.979E-01
  4237.915 9.972E-01
  4238.086 9.960E-01
  4238.258 9.947E-01
  4238.430 9.937E-01
  4238.601 9.931E-01
  4238.773 9.929E-01
  4238.944 9.930E-01
  4239.116 9.935E-01
  4239.288 9.944E-01
  4239.459 9.957E-01
  4239.631 9.969E-01
  4239.802 9.978E-01
  4239.974 9.981E-01
  4240.146 9.983E-01
  4240.317 9.984E-01
  4240.489 9.985E-01
  4240.660 9.987E-01
  4240.832 9.988E-01
  4241.004 9.988E-01
  4241.175 9.982E-01
  4241.347 9.956E-01
  4241.518 9.898E-01
  4241.690 9.813E-01
  4241.862 9.729E-01
  4242.033 9.666E-01
  4242.205 9.629E-01
  4242.376 9.619E-01
  4242.548 9.635E-01
  4242.720 9.678E-01
  4242.891 9.748E-01
  4243.063 9.835E-01
  4243.234 9.916E-01
  4243.406 9.962E-01
  4243.578 9.979E-01
  4243.749 9.980E-01
  4243.921 9.971E-01
  4244.092 9.955E-01
  4244.264 9.939E-01
  4244.436 9.926E-01
  4244.607 9.918E-01
  4244.779 9.917E-01
  4244.950 9.920E-01
  4245.122 9.929E-01
  4245.294 9.940E-01
  4245.465 9.952E-01
  4245.637 9.958E-01
  4245.808 9.946E-01
  4245.980 9.909E-01
  4246.152 9.854E-01
  4246.323 9.803E-01
  4246.495 9.767E-01
  4246.666 9.747E-01
  4246.838 9.744E-01
  4247.010 9.759E-01
  4247.181 9.791E-01
  4247.353 9.838E-01
  4247.524 9.895E-01
  4247.696 9.945E-01
  4247.868 9.973E-01
  4248.039 9.985E-01
  4248.211 9.989E-01
  4248.382 9.991E-01
  4248.554 9.991E-01
  4248.726 9.990E-01
  4248.897 9.989E-01
  4249.069 9.988E-01
  4249.240 9.984E-01
  4249.412 9.976E-01
  4249.584 9.962E-01
  4249.755 9.943E-01
  4249.927 9.922E-01
  4250.098 9.901E-01
  4250.270 9.886E-01
  4250.442 9.879E-01
  4250.613 9.880E-01
  4250.785 9.886E-01
  4250.956 9.897E-01
  4251.128 9.909E-01
  4251.300 9.923E-01
  4251.471 9.935E-01
  4251.643 9.937E-01
  4251.814 9.924E-01
  4251.986 9.896E-01
  4252.158 9.866E-01
  4252.329 9.843E-01
  4252.501 9.830E-01
  4252.672 9.827E-01
  4252.844 9.831E-01
  4253.016 9.845E-01
  4253.187 9.869E-01
  4253.359 9.899E-01
  4253.530 9.923E-01
  4253.702 9.927E-01
  4253.874 9.913E-01
  4254.045 9.894E-01
  4254.217 9.879E-01
  4254.388 9.871E-01
  4254.560 9.871E-01
  4254.732 9.879E-01
  4254.903 9.896E-01
  4255.075 9.921E-01
  4255.246 9.947E-01
  4255.418 9.967E-01
  4255.590 9.975E-01
  4255.761 9.975E-01
  4255.933 9.973E-01
  4256.104 9.971E-01
  4256.276 9.970E-01
  4256.448 9.970E-01
  4256.619 9.971E-01
  4256.791 9.970E-01
  4256.962 9.965E-01
  4257.134 9.943E-01
  4257.306 9.891E-01
  4257.477 9.811E-01
  4257.649 9.725E-01
  4257.820 9.656E-01
  4257.992 9.612E-01
  4258.164 9.594E-01
  4258.335 9.597E-01
  4258.507 9.622E-01
  4258.678 9.674E-01
  4258.850 9.750E-01
  4259.022 9.830E-01
  4259.193 9.887E-01
  4259.365 9.915E-01
  4259.536 9.924E-01
  4259.708 9.921E-01
  4259.880 9.914E-01
  4260.051 9.907E-01
  4260.223 9.902E-01
  4260.394 9.897E-01
  4260.566 9.896E-01
  4260.738 9.893E-01
  4260.909 9.880E-01
  4261.081 9.847E-01
  4261.252 9.799E-01
  4261.424 9.753E-01
  4261.596 9.718E-01
  4261.767 9.699E-01
  4261.939 9.697E-01
  4262.110 9.715E-01
  4262.282 9.754E-01
  4262.454 9.813E-01
  4262.625 9.883E-01
  4262.797 9.943E-01
  4262.968 9.968E-01
  4263.140 9.966E-01
  4263.312 9.953E-01
  4263.483 9.940E-01
  4263.655 9.931E-01
  4263.826 9.927E-01
  4263.998 9.928E-01
  4264.170 9.933E-01
  4264.341 9.943E-01
  4264.513 9.957E-01
  4264.684 9.972E-01
  4264.856 9.984E-01
  4265.028 9.989E-01
  4265.199 9.989E-01
  4265.371 9.988E-01
  4265.542 9.985E-01
  4265.714 9.983E-01
  4265.886 9.979E-01
  4266.057 9.969E-01
  4266.229 9.949E-01
  4266.400 9.919E-01
  4266.572 9.883E-01
  4266.744 9.851E-01
  4266.915 9.827E-01
  4267.087 9.812E-01
  4267.258 9.807E-01
  4267.430 9.816E-01
  4267.602 9.838E-01
  4267.773 9.870E-01
  4267.945 9.905E-01
  4268.116 9.932E-01
  4268.288 9.943E-01
  4268.460 9.939E-01
  4268.631 9.924E-01
  4268.803 9.907E-01
  4268.974 9.892E-01
  4269.146 9.883E-01
  4269.318 9.881E-01
  4269.489 9.886E-01
  4269.661 9.899E-01
  4269.832 9.918E-01
  4270.004 9.940E-01
  4270.176 9.960E-01
  4270.347 9.968E-01
  4270.519 9.965E-01
  4270.690 9.955E-01
  4270.862 9.935E-01
  4271.034 9.902E-01
  4271.205 9.868E-01
  4271.377 9.842E-01
  4271.548 9.828E-01
  4271.720 9.826E-01
  4271.892 9.836E-01
  4272.063 9.852E-01
  4272.235 9.867E-01
  4272.406 9.864E-01
  4272.578 9.832E-01
  4272.750 9.778E-01
  4272.921 9.723E-01
  4273.093 9.682E-01
  4273.264 9.661E-01
  4273.436 9.662E-01
  4273.608 9.687E-01
  4273.779 9.735E-01
  4273.951 9.802E-01
  4274.122 9.879E-01
  4274.294 9.938E-01
  4274.466 9.961E-01
  4274.637 9.947E-01
  4274.809 9.906E-01
  4274.980 9.858E-01
  4275.152 9.819E-01
  4275.324 9.796E-01
  4275.495 9.787E-01
  4275.667 9.792E-01
  4275.838 9.810E-01
  4276.010 9.841E-01
  4276.182 9.885E-01
  4276.353 9.932E-01
  4276.525 9.968E-01
  4276.696 9.984E-01
  4276.868 9.986E-01
  4277.040 9.981E-01
  4277.211 9.965E-01
  4277.383 9.933E-01
  4277.554 9.890E-01
  4277.726 9.849E-01
  4277.898 9.818E-01
  4278.069 9.798E-01
  4278.241 9.788E-01
  4278.412 9.787E-01
  4278.584 9.798E-01
  4278.756 9.824E-01
  4278.927 9.862E-01
  4279.099 9.900E-01
  4279.270 9.925E-01
  4279.442 9.940E-01
  4279.614 9.950E-01
  4279.785 9.960E-01
  4279.957 9.970E-01
  4280.128 9.976E-01
  4280.300 9.977E-01
  4280.472 9.975E-01
  4280.643 9.973E-01
  4280.815 9.972E-01
  4280.986 9.973E-01
  4281.158 9.975E-01
  4281.330 9.975E-01
  4281.501 9.973E-01
  4281.673 9.967E-01
  4281.844 9.959E-01
  4282.016 9.950E-01
  4282.188 9.943E-01
  4282.359 9.939E-01
  4282.531 9.939E-01
  4282.702 9.942E-01
  4282.874 9.947E-01
  4283.046 9.950E-01
  4283.217 9.945E-01
  4283.389 9.925E-01
  4283.560 9.892E-01
  4283.732 9.859E-01
  4283.904 9.834E-01
  4284.075 9.821E-01
  4284.247 9.820E-01
  4284.418 9.829E-01
  4284.590 9.849E-01
  4284.762 9.878E-01
  4284.933 9.913E-01
  4285.105 9.942E-01
  4285.276 9.953E-01
  4285.448 9.948E-01
  4285.620 9.935E-01
  4285.791 9.923E-01
  4285.963 9.917E-01
  4286.134 9.916E-01
  4286.306 9.919E-01
  4286.478 9.925E-01
  4286.649 9.933E-01
  4286.821 9.943E-01
  4286.992 9.949E-01
  4287.164 9.944E-01
  4287.336 9.930E-01
  4287.507 9.916E-01
  4287.679 9.904E-01
  4287.850 9.898E-01
  4288.022 9.897E-01
  4288.194 9.903E-01
  4288.365 9.916E-01
  4288.537 9.934E-01
  4288.708 9.954E-01
  4288.880 9.966E-01
  4289.052 9.962E-01
  4289.223 9.932E-01
  4289.395 9.867E-01
  4289.566 9.785E-01
  4289.738 9.712E-01
  4289.910 9.660E-01
  4290.081 9.634E-01
  4290.253 9.633E-01
  4290.424 9.656E-01
  4290.596 9.704E-01
  4290.768 9.775E-01
  4290.939 9.858E-01
  4291.111 9.929E-01
  4291.282 9.965E-01
  4291.454 9.973E-01
  4291.626 9.969E-01
  4291.797 9.963E-01
  4291.969 9.959E-01
  4292.140 9.957E-01
  4292.312 9.957E-01
  4292.484 9.960E-01
  4292.655 9.964E-01
  4292.827 9.968E-01
  4292.998 9.964E-01
  4293.170 9.936E-01
  4293.342 9.871E-01
  4293.513 9.787E-01
  4293.685 9.709E-01
  4293.856 9.651E-01
  4294.028 9.619E-01
  4294.200 9.613E-01
  4294.371 9.633E-01
  4294.543 9.679E-01
  4294.714 9.751E-01
  4294.886 9.838E-01
  4295.058 9.914E-01
  4295.229 9.957E-01
  4295.401 9.965E-01
  4295.572 9.934E-01
  4295.744 9.859E-01
  4295.916 9.756E-01
  4296.087 9.661E-01
  4296.259 9.593E-01
  4296.430 9.556E-01
  4296.602 9.550E-01
  4296.774 9.574E-01
  4296.945 9.629E-01
  4297.117 9.715E-01
  4297.288 9.819E-01
  4297.460 9.913E-01
  4297.632 9.965E-01
  4297.803 9.984E-01
  4297.975 9.987E-01
  4298.146 9.987E-01
  4298.318 9.983E-01
  4298.490 9.977E-01
  4298.661 9.969E-01
  4298.833 9.958E-01
  4299.004 9.930E-01
  4299.176 9.866E-01
  4299.348 9.760E-01
  4299.519 9.649E-01
  4299.691 9.564E-01
  4299.862 9.513E-01
  4300.034 9.497E-01
  4300.206 9.510E-01
  4300.377 9.554E-01
  4300.549 9.631E-01
  4300.720 9.732E-01
  4300.892 9.829E-01
  4301.064 9.873E-01
  4301.235 9.855E-01
  4301.407 9.812E-01
  4301.578 9.774E-01
  4301.750 9.749E-01
  4301.922 9.734E-01
  4302.093 9.713E-01
  4302.265 9.664E-01
  4302.436 9.582E-01
  4302.608 9.508E-01
  4302.780 9.461E-01
  4302.951 9.433E-01
  4303.123 9.424E-01
  4303.294 9.441E-01
  4303.466 9.494E-01
  4303.638 9.586E-01
  4303.809 9.710E-01
  4303.981 9.838E-01
  4304.152 9.926E-01
  4304.324 9.967E-01
  4304.496 9.979E-01
  4304.667 9.981E-01
  4304.839 9.980E-01
  4305.010 9.978E-01
  4305.182 9.976E-01
  4305.354 9.975E-01
  4305.525 9.974E-01
  4305.697 9.974E-01
  4305.868 9.972E-01
  4306.040 9.965E-01
  4306.212 9.953E-01
  4306.383 9.939E-01
  4306.555 9.927E-01
  4306.726 9.911E-01
  4306.898 9.880E-01
  4307.070 9.824E-01
  4307.241 9.751E-01
  4307.413 9.688E-01
  4307.584 9.647E-01
  4307.756 9.631E-01
  4307.928 9.634E-01
  4308.099 9.655E-01
  4308.271 9.695E-01
  4308.442 9.758E-01
  4308.614 9.835E-01
  4308.786 9.908E-01
  4308.957 9.949E-01
  4309.129 9.965E-01
  4309.300 9.970E-01
  4309.472 9.970E-01
  4309.644 9.970E-01
  4309.815 9.970E-01
  4309.987 9.971E-01
  4310.158 9.972E-01
  4310.330 9.973E-01
  4310.502 9.975E-01
  4310.673 9.976E-01
  4310.845 9.976E-01
  4311.016 9.976E-01
  4311.188 9.976E-01
  4311.360 9.976E-01
  4311.531 9.974E-01
  4311.703 9.966E-01
  4311.874 9.939E-01
  4312.046 9.886E-01
  4312.218 9.815E-01
  4312.389 9.749E-01
  4312.561 9.701E-01
  4312.732 9.674E-01
  4312.904 9.665E-01
  4313.076 9.669E-01
  4313.247 9.675E-01
  4313.419 9.673E-01
  4313.590 9.662E-01
  4313.762 9.648E-01
  4313.934 9.617E-01
  4314.105 9.564E-01
  4314.277 9.496E-01
  4314.448 9.445E-01
  4314.620 9.432E-01
  4314.792 9.463E-01
  4314.963 9.530E-01
  4315.135 9.609E-01
  4315.306 9.678E-01
  4315.478 9.743E-01
  4315.650 9.811E-01
  4315.821 9.877E-01
  4315.993 9.919E-01
  4316.164 9.933E-01
  4316.336 9.931E-01
  4316.508 9.926E-01
  4316.679 9.921E-01
  4316.851 9.919E-01
  4317.022 9.920E-01
  4317.194 9.921E-01
  4317.366 9.923E-01
  4317.537 9.925E-01
  4317.709 9.926E-01
  4317.880 9.923E-01
  4318.052 9.919E-01
  4318.224 9.915E-01
  4318.395 9.911E-01
  4318.567 9.907E-01
  4318.738 9.900E-01
  4318.910 9.891E-01
  4319.082 9.883E-01
  4319.253 9.877E-01
  4319.425 9.874E-01
  4319.596 9.873E-01
  4319.768 9.871E-01
  4319.940 9.864E-01
  4320.111 9.852E-01
  4320.283 9.836E-01
  4320.454 9.819E-01
  4320.626 9.802E-01
  4320.798 9.789E-01
  4320.969 9.783E-01
  4321.141 9.787E-01
  4321.312 9.802E-01
  4321.484 9.827E-01
  4321.656 9.858E-01
  4321.827 9.886E-01
  4321.999 9.906E-01
  4322.170 9.919E-01
  4322.342 9.925E-01
  4322.514 9.926E-01
  4322.685 9.926E-01
  4322.857 9.925E-01
  4323.028 9.923E-01
  4323.200 9.921E-01
  4323.372 9.918E-01
  4323.543 9.914E-01
  4323.715 9.909E-01
  4323.886 9.904E-01
  4324.058 9.896E-01
  4324.230 9.883E-01
  4324.401 9.861E-01
  4324.573 9.825E-01
  4324.744 9.770E-01
  4324.916 9.702E-01
  4325.088 9.629E-01
  4325.259 9.570E-01
  4325.431 9.534E-01
  4325.602 9.521E-01
  4325.774 9.529E-01
  4325.946 9.553E-01
  4326.117 9.595E-01
  4326.289 9.652E-01
  4326.460 9.710E-01
  4326.632 9.757E-01
  4326.804 9.786E-01
  4326.975 9.800E-01
  4327.147 9.810E-01
  4327.318 9.820E-01
  4327.490 9.829E-01
  4327.662 9.834E-01
  4327.833 9.833E-01
  4328.005 9.830E-01
  4328.176 9.824E-01
  4328.348 9.817E-01
  4328.520 9.808E-01
  4328.691 9.799E-01
  4328.863 9.789E-01
  4329.034 9.780E-01
  4329.206 9.770E-01
  4329.378 9.757E-01
  4329.549 9.741E-01
  4329.721 9.721E-01
  4329.892 9.698E-01
  4330.064 9.675E-01
  4330.236 9.655E-01
  4330.407 9.638E-01
  4330.579 9.626E-01
  4330.750 9.617E-01
  4330.922 9.611E-01
  4331.094 9.607E-01
  4331.265 9.602E-01
  4331.437 9.596E-01
  4331.608 9.588E-01
  4331.780 9.575E-01
  4331.952 9.557E-01
  4332.123 9.536E-01
  4332.295 9.515E-01
  4332.466 9.494E-01
  4332.638 9.475E-01
  4332.810 9.456E-01
  4332.981 9.433E-01
  4333.153 9.407E-01
  4333.324 9.380E-01
  4333.496 9.353E-01
  4333.668 9.325E-01
  4333.839 9.295E-01
  4334.011 9.260E-01
  4334.182 9.221E-01
  4334.354 9.179E-01
  4334.526 9.135E-01
  4334.697 9.086E-01
  4334.869 9.033E-01
  4335.040 8.975E-01
  4335.212 8.912E-01
  4335.384 8.844E-01
  4335.555 8.771E-01
  4335.727 8.692E-01
  4335.898 8.606E-01
  4336.070 8.513E-01
  4336.242 8.412E-01
  4336.413 8.303E-01
  4336.585 8.184E-01
  4336.756 8.053E-01
  4336.928 7.903E-01
  4337.100 7.728E-01
  4337.271 7.532E-01
  4337.443 7.327E-01
  4337.614 7.119E-01
  4337.786 6.909E-01
  4337.958 6.695E-01
  4338.129 6.479E-01
  4338.301 6.261E-01
  4338.472 6.043E-01
  4338.644 5.823E-01
  4338.816 5.590E-01
  4338.987 5.328E-01
  4339.159 5.036E-01
  4339.330 4.709E-01
  4339.502 4.348E-01
  4339.674 3.965E-01
  4339.845 3.587E-01
  4340.017 3.256E-01
  4340.188 3.011E-01
  4340.360 2.877E-01
  4340.532 2.864E-01
  4340.703 2.974E-01
  4340.875 3.198E-01
  4341.046 3.515E-01
  4341.218 3.888E-01
  4341.390 4.278E-01
  4341.561 4.651E-01
  4341.733 4.993E-01
  4341.904 5.303E-01
  4342.076 5.592E-01
  4342.248 5.864E-01
  4342.419 6.120E-01
  4342.591 6.359E-01
  4342.762 6.584E-01
  4342.934 6.796E-01
  4343.106 6.994E-01
  4343.277 7.175E-01
  4343.449 7.342E-01
  4343.620 7.498E-01
  4343.792 7.649E-01
  4343.964 7.797E-01
  4344.135 7.940E-01
  4344.307 8.077E-01
  4344.478 8.206E-01
  4344.650 8.331E-01
  4344.822 8.449E-01
  4344.993 8.560E-01
  4345.165 8.659E-01
  4345.336 8.746E-01
  4345.508 8.823E-01
  4345.680 8.891E-01
  4345.851 8.954E-01
  4346.023 9.013E-01
  4346.194 9.068E-01
  4346.366 9.120E-01
  4346.538 9.168E-01
  4346.709 9.213E-01
  4346.881 9.255E-01
  4347.052 9.292E-01
  4347.224 9.324E-01
  4347.396 9.352E-01
  4347.567 9.376E-01
  4347.739 9.399E-01
  4347.910 9.422E-01
  4348.082 9.445E-01
  4348.254 9.469E-01
  4348.425 9.494E-01
  4348.597 9.519E-01
  4348.768 9.546E-01
  4348.940 9.571E-01
  4349.112 9.594E-01
  4349.283 9.614E-01
  4349.455 9.631E-01
  4349.626 9.647E-01
  4349.798 9.660E-01
  4349.970 9.670E-01
  4350.141 9.677E-01
  4350.313 9.683E-01
  4350.484 9.683E-01
  4350.656 9.657E-01
  4350.828 9.577E-01
  4350.999 9.426E-01
  4351.171 9.254E-01
  4351.342 9.113E-01
  4351.514 9.024E-01
  4351.686 8.986E-01
  4351.857 8.995E-01
  4352.029 9.054E-01
  4352.200 9.168E-01
  4352.372 9.332E-01
  4352.544 9.521E-01
  4352.715 9.678E-01
  4352.887 9.764E-01
  4353.058 9.801E-01
  4353.230 9.816E-01
  4353.402 9.819E-01
  4353.573 9.809E-01
  4353.745 9.792E-01
  4353.916 9.776E-01
  4354.088 9.765E-01
  4354.260 9.761E-01
  4354.431 9.764E-01
  4354.603 9.774E-01
  4354.774 9.792E-01
  4354.946 9.816E-01
  4355.118 9.844E-01
  4355.289 9.870E-01
  4355.461 9.886E-01
  4355.632 9.893E-01
  4355.804 9.895E-01
  4355.976 9.895E-01
  4356.147 9.895E-01
  4356.319 9.894E-01
  4356.490 9.887E-01
  4356.662 9.867E-01
  4356.834 9.831E-01
  4357.005 9.793E-01
  4357.177 9.763E-01
  4357.348 9.745E-01
  4357.520 9.739E-01
  4357.692 9.743E-01
  4357.863 9.759E-01
  4358.035 9.786E-01
  4358.206 9.824E-01
  4358.378 9.866E-01
  4358.550 9.899E-01
  4358.721 9.916E-01
  4358.893 9.922E-01
  4359.064 9.921E-01
  4359.236 9.917E-01
  4359.408 9.914E-01
  4359.579 9.913E-01
  4359.751 9.913E-01
  4359.922 9.914E-01
  4360.094 9.915E-01
  4360.266 9.912E-01
  4360.437 9.901E-01
  4360.609 9.885E-01
  4360.780 9.868E-01
  4360.952 9.851E-01
  4361.124 9.830E-01
  4361.295 9.802E-01
  4361.467 9.778E-01
  4361.638 9.764E-01
  4361.810 9.765E-01
  4361.982 9.779E-01
  4362.153 9.799E-01
  4362.325 9.816E-01
  4362.496 9.833E-01
  4362.668 9.855E-01
  4362.840 9.883E-01
  4363.011 9.908E-01
  4363.183 9.923E-01
  4363.354 9.932E-01
  4363.526 9.938E-01
  4363.698 9.945E-01
  4363.869 9.953E-01
  4364.041 9.958E-01
  4364.212 9.960E-01
  4364.384 9.960E-01
  4364.556 9.958E-01
  4364.727 9.955E-01
  4364.899 9.952E-01
  4365.070 9.950E-01
  4365.242 9.948E-01
  4365.414 9.946E-01
  4365.585 9.946E-01
  4365.757 9.947E-01
  4365.928 9.949E-01
  4366.100 9.950E-01
  4366.272 9.951E-01
  4366.443 9.951E-01
  4366.615 9.948E-01
  4366.786 9.937E-01
  4366.958 9.918E-01
  4367.130 9.895E-01
  4367.301 9.871E-01
  4367.473 9.848E-01
  4367.644 9.830E-01
  4367.816 9.820E-01
  4367.988 9.821E-01
  4368.159 9.830E-01
  4368.331 9.841E-01
  4368.502 9.841E-01
  4368.674 9.817E-01
  4368.846 9.783E-01
  4369.017 9.756E-01
  4369.189 9.739E-01
  4369.360 9.731E-01
  4369.532 9.734E-01
  4369.704 9.752E-01
  4369.875 9.785E-01
  4370.047 9.833E-01
  4370.218 9.887E-01
  4370.390 9.930E-01
  4370.562 9.950E-01
  4370.733 9.954E-01
  4370.905 9.953E-01
  4371.076 9.950E-01
  4371.248 9.947E-01
  4371.420 9.941E-01
  4371.591 9.933E-01
  4371.763 9.928E-01
  4371.934 9.925E-01
  4372.106 9.926E-01
  4372.278 9.929E-01
  4372.449 9.932E-01
  4372.621 9.937E-01
  4372.792 9.945E-01
  4372.964 9.954E-01
  4373.136 9.964E-01
  4373.307 9.969E-01
  4373.479 9.969E-01
  4373.650 9.962E-01
  4373.822 9.951E-01
  4373.994 9.936E-01
  4374.165 9.919E-01
  4374.337 9.905E-01
  4374.508 9.894E-01
  4374.680 9.888E-01
  4374.852 9.889E-01
  4375.023 9.896E-01
  4375.195 9.909E-01
  4375.366 9.926E-01
  4375.538 9.943E-01
  4375.710 9.957E-01
  4375.881 9.966E-01
  4376.053 9.967E-01
  4376.224 9.960E-01
  4376.396 9.950E-01
  4376.568 9.939E-01
  4376.739 9.929E-01
  4376.911 9.923E-01
  4377.082 9.920E-01
  4377.254 9.921E-01
  4377.426 9.927E-01
  4377.597 9.938E-01
  4377.769 9.951E-01
  4377.940 9.963E-01
  4378.112 9.973E-01
  4378.284 9.979E-01
  4378.455 9.983E-01
  4378.627 9.984E-01
  4378.798 9.981E-01
  4378.970 9.976E-01
  4379.142 9.971E-01
  4379.313 9.967E-01
  4379.485 9.964E-01
  4379.656 9.962E-01
  4379.828 9.961E-01
  4380.000 9.961E-01
  4380.171 9.963E-01
  4380.343 9.967E-01
  4380.514 9.971E-01
  4380.686 9.975E-01
  4380.858 9.977E-01
  4381.029 9.979E-01
  4381.201 9.981E-01
  4381.372 9.983E-01
  4381.544 9.984E-01
  4381.716 9.983E-01
  4381.887 9.979E-01
  4382.059 9.975E-01
  4382.230 9.971E-01
  4382.402 9.962E-01
  4382.574 9.940E-01
  4382.745 9.897E-01
  4382.917 9.839E-01
  4383.088 9.782E-01
  4383.260 9.726E-01
  4383.432 9.663E-01
  4383.603 9.588E-01
  4383.775 9.513E-01
  4383.946 9.451E-01
  4384.118 9.418E-01
  4384.290 9.408E-01
  4384.461 9.390E-01
  4384.633 9.331E-01
  4384.804 9.270E-01
  4384.976 9.247E-01
  4385.148 9.268E-01
  4385.319 9.318E-01
  4385.491 9.383E-01
  4385.662 9.455E-01
  4385.834 9.536E-01
  4386.006 9.631E-01
  4386.177 9.735E-01
  4386.349 9.818E-01
  4386.520 9.854E-01
  4386.692 9.854E-01
  4386.864 9.833E-01
  4387.035 9.791E-01
  4387.207 9.735E-01
  4387.378 9.677E-01
  4387.550 9.633E-01
  4387.722 9.607E-01
  4387.893 9.597E-01
  4388.065 9.605E-01
  4388.236 9.633E-01
  4388.408 9.684E-01
  4388.580 9.752E-01
  4388.751 9.827E-01
  4388.923 9.891E-01
  4389.094 9.933E-01
  4389.266 9.953E-01
  4389.438 9.953E-01
  4389.609 9.928E-01
  4389.781 9.872E-01
  4389.952 9.802E-01
  4390.124 9.740E-01
  4390.296 9.694E-01
  4390.467 9.668E-01
  4390.639 9.663E-01
  4390.810 9.679E-01
  4390.982 9.716E-01
  4391.154 9.774E-01
  4391.325 9.845E-01
  4391.497 9.911E-01
  4391.668 9.951E-01
  4391.840 9.970E-01
  4392.012 9.978E-01
  4392.183 9.982E-01
  4392.355 9.984E-01
  4392.526 9.985E-01
  4392.698 9.985E-01
  4392.870 9.983E-01
  4393.041 9.976E-01
  4393.213 9.962E-01
  4393.384 9.945E-01
  4393.556 9.930E-01
  4393.728 9.917E-01
  4393.899 9.898E-01
  4394.071 9.855E-01
  4394.242 9.776E-01
  4394.414 9.678E-01
  4394.586 9.595E-01
  4394.757 9.540E-01
  4394.929 9.507E-01
  4395.100 9.490E-01
  4395.272 9.497E-01
  4395.444 9.537E-01
  4395.615 9.613E-01
  4395.787 9.716E-01
  4395.958 9.818E-01
  4396.130 9.884E-01
  4396.302 9.920E-01
  4396.473 9.945E-01
  4396.645 9.967E-01
  4396.816 9.982E-01
  4396.988 9.989E-01
  4397.160 9.990E-01
  4397.331 9.988E-01
  4397.503 9.985E-01
  4397.674 9.982E-01
  4397.846 9.979E-01
  4398.018 9.978E-01
  4398.189 9.978E-01
  4398.361 9.978E-01
  4398.532 9.976E-01
  4398.704 9.965E-01
  4398.876 9.936E-01
  4399.047 9.891E-01
  4399.219 9.845E-01
  4399.390 9.806E-01
  4399.562 9.779E-01
  4399.734 9.763E-01
  4399.905 9.761E-01
  4400.077 9.775E-01
  4400.248 9.806E-01
  4400.420 9.851E-01
  4400.592 9.900E-01
  4400.763 9.936E-01
  4400.935 9.957E-01
  4401.106 9.969E-01
  4401.278 9.977E-01
  4401.450 9.983E-01
  4401.621 9.985E-01
  4401.793 9.983E-01
  4401.964 9.974E-01
  4402.136 9.957E-01
  4402.308 9.935E-01
  4402.479 9.916E-01
  4402.651 9.902E-01
  4402.822 9.895E-01
  4402.994 9.893E-01
  4403.166 9.898E-01
  4403.337 9.910E-01
  4403.509 9.926E-01
  4403.680 9.939E-01
  4403.852 9.937E-01
  4404.024 9.915E-01
  4404.195 9.885E-01
  4404.367 9.858E-01
  4404.538 9.841E-01
  4404.710 9.832E-01
  4404.882 9.832E-01
  4405.053 9.843E-01
  4405.225 9.864E-01
  4405.396 9.894E-01
  4405.568 9.926E-01
  4405.740 9.948E-01
  4405.911 9.957E-01
  4406.083 9.958E-01
  4406.254 9.957E-01
  4406.426 9.957E-01
  4406.598 9.957E-01
  4406.769 9.956E-01
  4406.941 9.953E-01
  4407.112 9.950E-01
  4407.284 9.948E-01
  4407.456 9.947E-01
  4407.627 9.945E-01
  4407.799 9.943E-01
  4407.970 9.942E-01
  4408.142 9.943E-01
  4408.314 9.944E-01
  4408.485 9.944E-01
  4408.657 9.941E-01
  4408.828 9.934E-01
  4409.000 9.927E-01
  4409.172 9.924E-01
  4409.343 9.924E-01
  4409.515 9.926E-01
  4409.686 9.931E-01
  4409.858 9.937E-01
  4410.030 9.943E-01
  4410.201 9.944E-01
  4410.373 9.939E-01
  4410.544 9.931E-01
  4410.716 9.921E-01
  4410.888 9.914E-01
  4411.059 9.910E-01
  4411.231 9.910E-01
  4411.402 9.915E-01
  4411.574 9.926E-01
  4411.746 9.942E-01
  4411.917 9.959E-01
  4412.089 9.972E-01
  4412.260 9.979E-01
  4412.432 9.982E-01
  4412.604 9.979E-01
  4412.775 9.968E-01
  4412.947 9.949E-01
  4413.118 9.929E-01
  4413.290 9.912E-01
  4413.462 9.901E-01
  4413.633 9.896E-01
  4413.805 9.897E-01
  4413.976 9.903E-01
  4414.148 9.912E-01
  4414.320 9.921E-01
  4414.491 9.929E-01
  4414.663 9.931E-01
  4414.834 9.927E-01
  4415.006 9.922E-01
  4415.178 9.919E-01
  4415.349 9.920E-01
  4415.521 9.924E-01
  4415.692 9.919E-01
  4415.864 9.887E-01
  4416.036 9.808E-01
  4416.207 9.697E-01
  4416.379 9.591E-01
  4416.550 9.510E-01
  4416.722 9.450E-01
  4416.894 9.404E-01
  4417.065 9.377E-01
  4417.237 9.385E-01
  4417.408 9.439E-01
  4417.580 9.529E-01
  4417.752 9.628E-01
  4417.923 9.697E-01
  4418.095 9.738E-01
  4418.266 9.774E-01
  4418.438 9.817E-01
  4418.610 9.860E-01
  4418.781 9.885E-01
  4418.953 9.892E-01
  4419.124 9.895E-01
  4419.296 9.899E-01
  4419.468 9.905E-01
  4419.639 9.913E-01
  4419.811 9.924E-01
  4419.982 9.934E-01
  4420.154 9.947E-01
  4420.326 9.962E-01
  4420.497 9.976E-01
  4420.669 9.984E-01
  4420.840 9.986E-01
  4421.012 9.984E-01
  4421.184 9.978E-01
  4421.355 9.973E-01
  4421.527 9.968E-01
  4421.698 9.965E-01
  4421.870 9.963E-01
  4422.042 9.962E-01
  4422.213 9.963E-01
  4422.385 9.966E-01
  4422.556 9.970E-01
  4422.728 9.975E-01
  4422.900 9.979E-01
  4423.071 9.982E-01
  4423.243 9.983E-01
  4423.414 9.984E-01
  4423.586 9.984E-01
  4423.758 9.985E-01
  4423.929 9.986E-01
  4424.101 9.987E-01
  4424.272 9.988E-01
  4424.444 9.988E-01
  4424.616 9.989E-01
  4424.787 9.990E-01
  4424.959 9.990E-01
  4425.130 9.991E-01
  4425.302 9.991E-01
  4425.474 9.991E-01
  4425.645 9.991E-01
  4425.817 9.991E-01
  4425.988 9.990E-01
  4426.160 9.990E-01
  4426.332 9.990E-01
  4426.503 9.991E-01
  4426.675 9.990E-01
  4426.846 9.988E-01
  4427.018 9.978E-01
  4427.190 9.960E-01
  4427.361 9.937E-01
  4427.533 9.918E-01
  4427.704 9.904E-01
  4427.876 9.898E-01
  4428.048 9.898E-01
  4428.219 9.904E-01
  4428.391 9.916E-01
  4428.562 9.935E-01
  4428.734 9.958E-01
  4428.906 9.979E-01
  4429.077 9.991E-01
  4429.249 9.995E-01
  4429.420 9.995E-01
  4429.592 9.993E-01
  4429.764 9.989E-01
  4429.935 9.985E-01
  4430.107 9.978E-01
  4430.278 9.968E-01
  4430.450 9.958E-01
  4430.622 9.948E-01
  4430.793 9.938E-01
  4430.965 9.930E-01
  4431.136 9.924E-01
  4431.308 9.923E-01
  4431.480 9.925E-01
  4431.651 9.930E-01
  4431.823 9.938E-01
  4431.994 9.948E-01
  4432.166 9.957E-01
  4432.338 9.967E-01
  4432.509 9.975E-01
  4432.681 9.980E-01
  4432.852 9.977E-01
  4433.024 9.963E-01
  4433.196 9.933E-01
  4433.367 9.896E-01
  4433.539 9.864E-01
  4433.710 9.842E-01
  4433.882 9.831E-01
  4434.054 9.830E-01
  4434.225 9.839E-01
  4434.397 9.856E-01
  4434.568 9.883E-01
  4434.740 9.916E-01
  4434.912 9.948E-01
  4435.083 9.965E-01
  4435.255 9.970E-01
  4435.426 9.967E-01
  4435.598 9.960E-01
  4435.770 9.950E-01
  4435.941 9.940E-01
  4436.113 9.934E-01
  4436.284 9.929E-01
  4436.456 9.925E-01
  4436.628 9.918E-01
  4436.799 9.909E-01
  4436.971 9.901E-01
  4437.142 9.899E-01
  4437.314 9.902E-01
  4437.486 9.909E-01
  4437.657 9.915E-01
  4437.829 9.923E-01
  4438.000 9.934E-01
  4438.172 9.949E-01
  4438.344 9.965E-01
  4438.515 9.978E-01
  4438.687 9.986E-01
  4438.858 9.989E-01
  4439.030 9.989E-01
  4439.202 9.989E-01
  4439.373 9.989E-01
  4439.545 9.989E-01
  4439.716 9.988E-01
  4439.888 9.987E-01
  4440.060 9.985E-01
  4440.231 9.984E-01
  4440.403 9.982E-01
  4440.574 9.981E-01
  4440.746 9.980E-01
  4440.918 9.977E-01
  4441.089 9.973E-01
  4441.261 9.970E-01
  4441.432 9.968E-01
  4441.604 9.966E-01
  4441.776 9.966E-01
  4441.947 9.966E-01
  4442.119 9.967E-01
  4442.290 9.969E-01
  4442.462 9.971E-01
  4442.634 9.964E-01
  4442.805 9.934E-01
  4442.977 9.866E-01
  4443.148 9.775E-01
  4443.320 9.690E-01
  4443.492 9.624E-01
  4443.663 9.579E-01
  4443.835 9.552E-01
  4444.006 9.552E-01
  4444.178 9.581E-01
  4444.350 9.642E-01
  4444.521 9.727E-01
  4444.693 9.818E-01
  4444.864 9.881E-01
  4445.036 9.916E-01
  4445.208 9.934E-01
  4445.379 9.942E-01
  4445.551 9.939E-01
  4445.722 9.930E-01
  4445.894 9.920E-01
  4446.066 9.915E-01
  4446.237 9.914E-01
  4446.409 9.916E-01
  4446.580 9.921E-01
  4446.752 9.931E-01
  4446.924 9.944E-01
  4447.095 9.958E-01
  4447.267 9.968E-01
  4447.438 9.972E-01
  4447.610 9.972E-01
  4447.782 9.970E-01
  4447.953 9.968E-01
  4448.125 9.969E-01
  4448.296 9.970E-01
  4448.468 9.971E-01
  4448.640 9.969E-01
  4448.811 9.961E-01
  4448.983 9.951E-01
  4449.154 9.943E-01
  4449.326 9.933E-01
  4449.498 9.916E-01
  4449.669 9.886E-01
  4449.841 9.853E-01
  4450.012 9.827E-01
  4450.184 9.813E-01
  4450.356 9.808E-01
  4450.527 9.801E-01
  4450.699 9.781E-01
  4450.870 9.759E-01
  4451.042 9.749E-01
  4451.214 9.757E-01
  4451.385 9.774E-01
  4451.557 9.789E-01
  4451.728 9.804E-01
  4451.900 9.827E-01
  4452.072 9.860E-01
  4452.243 9.902E-01
  4452.415 9.942E-01
  4452.586 9.964E-01
  4452.758 9.971E-01
  4452.930 9.972E-01
  4453.101 9.971E-01
  4453.273 9.971E-01
  4453.444 9.972E-01
  4453.616 9.975E-01
  4453.788 9.979E-01
  4453.959 9.982E-01
  4454.131 9.981E-01
  4454.302 9.966E-01
  4454.474 9.934E-01
  4454.646 9.898E-01
  4454.817 9.868E-01
  4454.989 9.847E-01
  4455.160 9.836E-01
  4455.332 9.835E-01
  4455.504 9.843E-01
  4455.675 9.860E-01
  4455.847 9.886E-01
  4456.018 9.917E-01
  4456.190 9.944E-01
  4456.362 9.959E-01
  4456.533 9.965E-01
  4456.705 9.968E-01
  4456.876 9.971E-01
  4457.048 9.975E-01
  4457.220 9.979E-01
  4457.391 9.984E-01
  4457.563 9.988E-01
  4457.734 9.991E-01
  4457.906 9.992E-01
  4458.078 9.992E-01
  4458.249 9.991E-01
  4458.421 9.990E-01
  4458.592 9.989E-01
  4458.764 9.988E-01
  4458.936 9.986E-01
  4459.107 9.985E-01
  4459.279 9.984E-01
  4459.450 9.984E-01
  4459.622 9.985E-01
  4459.794 9.986E-01
  4459.965 9.988E-01
  4460.137 9.988E-01
  4460.308 9.985E-01
  4460.480 9.975E-01
  4460.652 9.952E-01
  4460.823 9.913E-01
  4460.995 9.867E-01
  4461.166 9.826E-01
  4461.338 9.798E-01
  4461.510 9.784E-01
  4461.681 9.784E-01
  4461.853 9.798E-01
  4462.024 9.825E-01
  4462.196 9.864E-01
  4462.368 9.910E-01
  4462.539 9.950E-01
  4462.711 9.974E-01
  4462.882 9.983E-01
  4463.054 9.984E-01
  4463.226 9.981E-01
  4463.397 9.976E-01
  4463.569 9.964E-01
  4463.740 9.948E-01
  4463.912 9.932E-01
  4464.084 9.922E-01
  4464.255 9.916E-01
  4464.427 9.916E-01
  4464.598 9.918E-01
  4464.770 9.921E-01
  4464.942 9.926E-01
  4465.113 9.935E-01
  4465.285 9.946E-01
  4465.456 9.954E-01
  4465.628 9.957E-01
  4465.800 9.956E-01
  4465.971 9.955E-01
  4466.143 9.956E-01
  4466.314 9.960E-01
  4466.486 9.966E-01
  4466.658 9.971E-01
  4466.829 9.974E-01
  4467.001 9.974E-01
  4467.172 9.969E-01
  4467.344 9.951E-01
  4467.516 9.904E-01
  4467.687 9.816E-01
  4467.859 9.716E-01
  4468.030 9.631E-01
  4468.202 9.571E-01
  4468.374 9.536E-01
  4468.545 9.526E-01
  4468.717 9.542E-01
  4468.888 9.583E-01
  4469.060 9.651E-01
  4469.232 9.735E-01
  4469.403 9.811E-01
  4469.575 9.848E-01
  4469.746 9.855E-01
  4469.918 9.847E-01
  4470.090 9.828E-01
  4470.261 9.795E-01
  4470.433 9.734E-01
  4470.604 9.634E-01
  4470.776 9.502E-01
  4470.948 9.368E-01
  4471.119 9.259E-01
  4471.291 9.189E-01
  4471.462 9.164E-01
  4471.634 9.182E-01
  4471.806 9.237E-01
  4471.977 9.316E-01
  4472.149 9.406E-01
  4472.320 9.501E-01
  4472.492 9.582E-01
  4472.664 9.636E-01
  4472.835 9.670E-01
  4473.007 9.695E-01
  4473.178 9.723E-01
  4473.350 9.756E-01
  4473.522 9.799E-01
  4473.693 9.849E-01
  4473.865 9.894E-01
  4474.036 9.919E-01
  4474.208 9.928E-01
  4474.380 9.932E-01
  4474.551 9.937E-01
  4474.723 9.943E-01
  4474.894 9.951E-01
  4475.066 9.958E-01
  4475.238 9.963E-01
  4475.409 9.965E-01
  4475.581 9.965E-01
  4475.752 9.966E-01
  4475.924 9.967E-01
  4476.096 9.970E-01
  4476.267 9.973E-01
  4476.439 9.977E-01
  4476.610 9.982E-01
  4476.782 9.986E-01
  4476.954 9.990E-01
  4477.125 9.992E-01
  4477.297 9.993E-01
  4477.468 9.992E-01
  4477.640 9.990E-01
  4477.812 9.985E-01
  4477.983 9.980E-01
  4478.155 9.975E-01
  4478.326 9.971E-01
  4478.498 9.968E-01
  4478.670 9.967E-01
  4478.841 9.967E-01
  4479.013 9.968E-01
  4479.184 9.971E-01
  4479.356 9.974E-01
  4479.528 9.974E-01
  4479.699 9.966E-01
  4479.871 9.934E-01
  4480.042 9.848E-01
  4480.214 9.656E-01
  4480.386 9.323E-01
  4480.557 8.907E-01
  4480.729 8.518E-01
  4480.900 8.231E-01
  4481.072 8.069E-01
  4481.244 8.034E-01
  4481.415 8.124E-01
  4481.587 8.336E-01
  4481.758 8.664E-01
  4481.930 9.071E-01
  4482.102 9.472E-01
  4482.273 9.763E-01
  4482.445 9.912E-01
  4482.616 9.967E-01
  4482.788 9.981E-01
  4482.960 9.985E-01
  4483.131 9.986E-01
  4483.303 9.987E-01
  4483.474 9.987E-01
  4483.646 9.988E-01
  4483.818 9.988E-01
  4483.989 9.990E-01
  4484.161 9.991E-01
  4484.332 9.993E-01
  4484.504 9.995E-01
  4484.676 9.995E-01
  4484.847 9.996E-01
  4485.019 9.996E-01
  4485.190 9.996E-01
  4485.362 9.995E-01
  4485.534 9.994E-01
  4485.705 9.993E-01
  4485.877 9.992E-01
  4486.048 9.991E-01
  4486.220 9.990E-01
  4486.392 9.988E-01
  4486.563 9.986E-01
  4486.735 9.982E-01
  4486.906 9.977E-01
  4487.078 9.972E-01
  4487.250 9.966E-01
  4487.421 9.952E-01
  4487.593 9.932E-01
  4487.764 9.911E-01
  4487.936 9.892E-01
  4488.108 9.868E-01
  4488.279 9.821E-01
  4488.451 9.742E-01
  4488.622 9.660E-01
  4488.794 9.599E-01
  4488.966 9.569E-01
  4489.137 9.567E-01
  4489.309 9.586E-01
  4489.480 9.621E-01
  4489.652 9.675E-01
  4489.824 9.753E-01
  4489.995 9.843E-01
  4490.167 9.917E-01
  4490.338 9.929E-01
  4490.510 9.873E-01
  4490.682 9.766E-01
  4490.853 9.659E-01
  4491.025 9.577E-01
  4491.196 9.528E-01
  4491.368 9.509E-01
  4491.540 9.520E-01
  4491.711 9.563E-01
  4491.883 9.636E-01
  4492.054 9.738E-01
  4492.226 9.850E-01
  4492.398 9.934E-01
  4492.569 9.970E-01
  4492.741 9.970E-01
  4492.912 9.956E-01
  4493.084 9.942E-01
  4493.256 9.931E-01
  4493.427 9.924E-01
  4493.599 9.921E-01
  4493.770 9.923E-01
  4493.942 9.929E-01
  4494.114 9.940E-01
  4494.285 9.956E-01
  4494.457 9.972E-01
  4494.628 9.981E-01
  4494.800 9.984E-01
  4494.972 9.985E-01
  4495.143 9.985E-01
  4495.315 9.986E-01
  4495.486 9.987E-01
  4495.658 9.988E-01
  4495.830 9.989E-01
  4496.001 9.990E-01
  4496.173 9.992E-01
  4496.344 9.993E-01
  4496.516 9.993E-01
  4496.688 9.991E-01
  4496.859 9.988E-01
  4497.031 9.985E-01
  4497.202 9.982E-01
  4497.374 9.979E-01
  4497.546 9.979E-01
  4497.717 9.979E-01
  4497.889 9.981E-01
  4498.060 9.982E-01
  4498.232 9.984E-01
  4498.404 9.984E-01
  4498.575 9.983E-01
  4498.747 9.978E-01
  4498.918 9.969E-01
  4499.090 9.959E-01
  4499.262 9.951E-01
  4499.433 9.945E-01
  4499.605 9.943E-01
  4499.776 9.943E-01
  4499.948 9.943E-01
  4500.120 9.935E-01
  4500.291 9.906E-01
  4500.463 9.843E-01
  4500.634 9.765E-01
  4500.806 9.693E-01
  4500.978 9.642E-01
  4501.149 9.615E-01
  4501.321 9.611E-01
  4501.492 9.630E-01
  4501.664 9.673E-01
  4501.836 9.741E-01
  4502.007 9.828E-01
  4502.179 9.913E-01
  4502.350 9.966E-01
  4502.522 9.988E-01
  4502.694 9.994E-01
  4502.865 9.995E-01
  4503.037 9.995E-01
  4503.208 9.994E-01
  4503.380 9.993E-01
  4503.552 9.991E-01
  4503.723 9.989E-01
  4503.895 9.988E-01
  4504.066 9.987E-01
  4504.238 9.987E-01
  4504.410 9.987E-01
  4504.581 9.987E-01
  4504.753 9.988E-01
  4504.924 9.990E-01
  4505.096 9.993E-01
  4505.268 9.995E-01
  4505.439 9.997E-01
  4505.611 9.997E-01
  4505.782 9.997E-01
  4505.954 9.996E-01
  4506.126 9.992E-01
  4506.297 9.985E-01
  4506.469 9.975E-01
  4506.640 9.967E-01
  4506.812 9.960E-01
  4506.984 9.949E-01
  4507.155 9.919E-01
  4507.327 9.846E-01
  4507.498 9.721E-01
  4507.670 9.588E-01
  4507.842 9.482E-01
  4508.013 9.415E-01
  4508.185 9.383E-01
  4508.356 9.384E-01
  4508.528 9.419E-01
  4508.700 9.493E-01
  4508.871 9.607E-01
  4509.043 9.745E-01
  4509.214 9.870E-01
  4509.386 9.941E-01
  4509.558 9.967E-01
  4509.729 9.973E-01
  4509.901 9.974E-01
  4510.072 9.974E-01
  4510.244 9.975E-01
  4510.416 9.975E-01
  4510.587 9.975E-01
  4510.759 9.974E-01
  4510.930 9.972E-01
  4511.102 9.969E-01
  4511.274 9.964E-01
  4511.445 9.959E-01
  4511.617 9.953E-01
  4511.788 9.947E-01
  4511.960 9.941E-01
  4512.132 9.938E-01
  4512.303 9.939E-01
  4512.475 9.944E-01
  4512.646 9.953E-01
  4512.818 9.963E-01
  4512.990 9.972E-01
  4513.161 9.980E-01
  4513.333 9.987E-01
  4513.504 9.992E-01
  4513.676 9.994E-01
  4513.848 9.995E-01
  4514.019 9.989E-01
  4514.191 9.966E-01
  4514.362 9.901E-01
  4514.534 9.780E-01
  4514.706 9.636E-01
  4514.877 9.508E-01
  4515.049 9.416E-01
  4515.220 9.363E-01
  4515.392 9.351E-01
  4515.564 9.378E-01
  4515.735 9.446E-01
  4515.907 9.556E-01
  4516.078 9.697E-01
  4516.250 9.836E-01
  4516.422 9.926E-01
  4516.593 9.969E-01
  4516.765 9.984E-01
  4516.936 9.989E-01
  4517.108 9.991E-01
  4517.280 9.992E-01
  4517.451 9.992E-01
  4517.623 9.992E-01
  4517.794 9.991E-01
  4517.966 9.989E-01
  4518.138 9.986E-01
  4518.309 9.983E-01
  4518.481 9.981E-01
  4518.652 9.979E-01
  4518.824 9.977E-01
  4518.996 9.968E-01
  4519.167 9.937E-01
  4519.339 9.865E-01
  4519.510 9.755E-01
  4519.682 9.647E-01
  4519.854 9.564E-01
  4520.025 9.513E-01
  4520.197 9.494E-01
  4520.368 9.504E-01
  4520.540 9.545E-01
  4520.712 9.619E-01
  4520.883 9.722E-01
  4521.055 9.837E-01
  4521.226 9.926E-01
  4521.398 9.959E-01
  4521.570 9.924E-01
  4521.741 9.812E-01
  4521.913 9.637E-01
  4522.084 9.460E-01
  4522.256 9.323E-01
  4522.428 9.237E-01
  4522.599 9.201E-01
  4522.771 9.214E-01
  4522.942 9.277E-01
  4523.114 9.391E-01
  4523.286 9.552E-01
  4523.457 9.732E-01
  4523.629 9.877E-01
  4523.800 9.947E-01
  4523.972 9.962E-01
  4524.144 9.953E-01
  4524.315 9.936E-01
  4524.487 9.921E-01
  4524.658 9.910E-01
  4524.830 9.905E-01
  4525.002 9.907E-01
  4525.173 9.914E-01
  4525.345 9.925E-01
  4525.516 9.938E-01
  4525.688 9.950E-01
  4525.860 9.959E-01
  4526.031 9.964E-01
  4526.203 9.966E-01
  4526.374 9.967E-01
  4526.546 9.967E-01
  4526.718 9.969E-01
  4526.889 9.973E-01
  4527.061 9.979E-01
  4527.232 9.985E-01
  4527.404 9.990E-01
  4527.576 9.989E-01
  4527.747 9.981E-01
  4527.919 9.970E-01
  4528.090 9.959E-01
  4528.262 9.949E-01
  4528.434 9.937E-01
  4528.605 9.922E-01
  4528.777 9.904E-01
  4528.948 9.888E-01
  4529.120 9.881E-01
  4529.292 9.882E-01
  4529.463 9.890E-01
  4529.635 9.899E-01
  4529.806 9.909E-01
  4529.978 9.923E-01
  4530.150 9.942E-01
  4530.321 9.961E-01
  4530.493 9.978E-01
  4530.664 9.987E-01
  4530.836 9.990E-01
  4531.008 9.989E-01
  4531.179 9.987E-01
  4531.351 9.983E-01
  4531.522 9.979E-01
  4531.694 9.975E-01
  4531.866 9.972E-01
  4532.037 9.971E-01
  4532.209 9.971E-01
  4532.380 9.971E-01
  4532.552 9.971E-01
  4532.724 9.966E-01
  4532.895 9.939E-01
  4533.067 9.867E-01
  4533.238 9.739E-01
  4533.410 9.581E-01
  4533.582 9.437E-01
  4533.753 9.331E-01
  4533.925 9.273E-01
  4534.096 9.261E-01
  4534.268 9.294E-01
  4534.440 9.374E-01
  4534.611 9.499E-01
  4534.783 9.655E-01
  4534.954 9.807E-01
  4535.126 9.917E-01
  4535.298 9.972E-01
  4535.469 9.992E-01
  4535.641 9.997E-01
  4535.812 9.998E-01
  4535.984 9.998E-01
  4536.156 9.999E-01
  4536.327 9.999E-01
  4536.499 9.999E-01
  4536.670 9.999E-01
  4536.842 9.999E-01
  4537.014 9.999E-01
  4537.185 9.999E-01
  4537.357 9.999E-01
  4537.528 9.998E-01
  4537.700 9.998E-01
  4537.872 9.997E-01
  4538.043 9.995E-01
  4538.215 9.993E-01
  4538.386 9.991E-01
  4538.558 9.987E-01
  4538.730 9.979E-01
  4538.901 9.967E-01
  4539.073 9.955E-01
  4539.244 9.947E-01
  4539.416 9.942E-01
  4539.588 9.941E-01
  4539.759 9.943E-01
  4539.931 9.947E-01
  4540.102 9.953E-01
  4540.274 9.956E-01
  4540.446 9.944E-01
  4540.617 9.898E-01
  4540.789 9.816E-01
  4540.960 9.731E-01
  4541.132 9.663E-01
  4541.304 9.621E-01
  4541.475 9.604E-01
  4541.647 9.611E-01
  4541.818 9.642E-01
  4541.990 9.698E-01
  4542.162 9.776E-01
  4542.333 9.865E-01
  4542.505 9.941E-01
  4542.676 9.981E-01
  4542.848 9.995E-01
  4543.020 9.997E-01
  4543.191 9.995E-01
  4543.363 9.993E-01
  4543.534 9.991E-01
  4543.706 9.989E-01
  4543.878 9.987E-01
  4544.049 9.985E-01
  4544.221 9.983E-01
  4544.392 9.980E-01
  4544.564 9.977E-01
  4544.736 9.976E-01
  4544.907 9.976E-01
  4545.079 9.977E-01
  4545.250 9.977E-01
  4545.422 9.979E-01
  4545.594 9.981E-01
  4545.765 9.983E-01
  4545.937 9.986E-01
  4546.108 9.989E-01
  4546.280 9.990E-01
  4546.452 9.989E-01
  4546.623 9.988E-01
  4546.795 9.987E-01
  4546.966 9.987E-01
  4547.138 9.988E-01
  4547.310 9.989E-01
  4547.481 9.991E-01
  4547.653 9.992E-01
  4547.824 9.992E-01
  4547.996 9.984E-01
  4548.168 9.952E-01
  4548.339 9.864E-01
  4548.511 9.685E-01
  4548.682 9.397E-01
  4548.854 9.054E-01
  4549.026 8.747E-01
  4549.197 8.529E-01
  4549.369 8.412E-01
  4549.540 8.398E-01
  4549.712 8.483E-01
  4549.884 8.667E-01
  4550.055 8.942E-01
  4550.227 9.271E-01
  4550.398 9.593E-01
  4550.570 9.825E-01
  4550.742 9.940E-01
  4550.913 9.981E-01
  4551.085 9.992E-01
  4551.256 9.994E-01
  4551.428 9.992E-01
  4551.600 9.988E-01
  4551.771 9.980E-01
  4551.943 9.971E-01
  4552.114 9.963E-01
  4552.286 9.955E-01
  4552.458 9.945E-01
  4552.629 9.936E-01
  4552.801 9.931E-01
  4552.972 9.930E-01
  4553.144 9.932E-01
  4553.316 9.937E-01
  4553.487 9.942E-01
  4553.659 9.946E-01
  4553.830 9.944E-01
  4554.002 9.929E-01
  4554.174 9.892E-01
  4554.345 9.839E-01
  4554.517 9.788E-01
  4554.688 9.740E-01
  4554.860 9.679E-01
  4555.032 9.579E-01
  4555.203 9.444E-01
  4555.375 9.325E-01
  4555.546 9.254E-01
  4555.718 9.238E-01
  4555.890 9.265E-01
  4556.061 9.316E-01
  4556.233 9.385E-01
  4556.404 9.484E-01
  4556.576 9.617E-01
  4556.748 9.769E-01
  4556.919 9.896E-01
  4557.091 9.964E-01
  4557.262 9.988E-01
  4557.434 9.982E-01
  4557.606 9.940E-01
  4557.777 9.846E-01
  4557.949 9.710E-01
  4558.120 9.578E-01
  4558.292 9.476E-01
  4558.464 9.413E-01
  4558.635 9.387E-01
  4558.807 9.397E-01
  4558.978 9.445E-01
  4559.150 9.532E-01
  4559.322 9.655E-01
  4559.493 9.793E-01
  4559.665 9.906E-01
  4559.836 9.967E-01
  4560.008 9.990E-01
  4560.180 9.998E-01
  4560.351 1.000E+00
  4560.523 1.000E+00
  4560.694 1.000E+00
  4560.866 1.000E+00
  4561.038 1.000E+00
  4561.209 1.000E+00
  4561.381 1.000E+00
  4561.552 1.000E+00
  4561.724 1.000E+00
  4561.896 1.000E+00
  4562.067 1.000E+00
  4562.239 1.000E+00
  4562.410 9.997E-01
  4562.582 9.983E-01
  4562.754 9.946E-01
  4562.925 9.874E-01
  4563.097 9.788E-01
  4563.268 9.712E-01
  4563.440 9.657E-01
  4563.612 9.624E-01
  4563.783 9.612E-01
  4563.955 9.622E-01
  4564.126 9.655E-01
  4564.298 9.713E-01
  4564.470 9.790E-01
  4564.641 9.867E-01
  4564.813 9.909E-01
  4564.984 9.910E-01
  4565.156 9.895E-01
  4565.328 9.881E-01
  4565.499 9.874E-01
  4565.671 9.873E-01
  4565.842 9.877E-01
  4566.014 9.887E-01
  4566.186 9.905E-01
  4566.357 9.930E-01
  4566.529 9.959E-01
  4566.700 9.984E-01
  4566.872 9.997E-01
  4567.044 1.000E+00
  4567.215 9.997E-01
  4567.387 9.994E-01
  4567.558 9.991E-01
  4567.730 9.989E-01
  4567.902 9.987E-01
  4568.073 9.987E-01
  4568.245 9.987E-01
  4568.416 9.987E-01
  4568.588 9.989E-01
  4568.760 9.992E-01
  4568.931 9.994E-01
  4569.103 9.995E-01
  4569.274 9.997E-01
  4569.446 9.998E-01
  4569.618 9.999E-01
  4569.789 1.000E+00
  4569.961 1.000E+00
  4570.132 1.000E+00
  4570.304 1.000E+00
  4570.476 1.000E+00
  4570.647 1.000E+00
  4570.819 9.984E-01
  4570.990 9.940E-01
  4571.162 9.857E-01
  4571.334 9.760E-01
  4571.505 9.676E-01
  4571.677 9.617E-01
  4571.848 9.585E-01
  4572.020 9.576E-01
  4572.192 9.592E-01
  4572.363 9.635E-01
  4572.535 9.706E-01
  4572.706 9.799E-01
  4572.878 9.893E-01
  4573.050 9.955E-01
  4573.221 9.984E-01
  4573.393 9.994E-01
  4573.564 9.999E-01
  4573.736 1.000E+00
  4573.908 1.000E+00
  4574.079 1.000E+00
  4574.251 1.000E+00
  4574.422 1.000E+00
  4574.594 1.000E+00
  4574.766 1.000E+00
  4574.937 1.000E+00
  4575.109 9.991E-01
  4575.280 9.961E-01
  4575.452 9.896E-01
  4575.624 9.806E-01
  4575.795 9.722E-01
  4575.967 9.658E-01
  4576.138 9.620E-01
  4576.310 9.606E-01
  4576.482 9.615E-01
  4576.653 9.648E-01
  4576.825 9.707E-01
  4576.996 9.787E-01
  4577.168 9.876E-01
  4577.340 9.947E-01
  4577.511 9.982E-01
  4577.683 9.994E-01
  4577.854 9.998E-01
  4578.026 9.999E-01
  4578.198 1.000E+00
  4578.369 1.000E+00
  4578.541 9.997E-01
  4578.712 9.987E-01
  4578.884 9.970E-01
  4579.056 9.941E-01
  4579.227 9.895E-01
  4579.399 9.843E-01
  4579.570 9.799E-01
  4579.742 9.770E-01
  4579.914 9.758E-01
  4580.085 9.762E-01
  4580.257 9.781E-01
  4580.428 9.812E-01
  4580.600 9.854E-01
  4580.772 9.902E-01
  4580.943 9.951E-01
  4581.115 9.985E-01
  4581.286 1.000E+00
  4581.458 1.000E+00
  4581.630 9.992E-01
  4581.801 9.957E-01
  4581.973 9.890E-01
  4582.144 9.808E-01
  4582.316 9.733E-01
  4582.488 9.670E-01
  4582.659 9.597E-01
  4582.831 9.480E-01
  4583.002 9.299E-01
  4583.174 9.108E-01
  4583.346 8.968E-01
  4583.517 8.905E-01
  4583.689 8.909E-01
  4583.860 8.952E-01
  4584.032 9.024E-01
  4584.204 9.142E-01
  4584.375 9.316E-01
  4584.547 9.536E-01
  4584.718 9.756E-01
  4584.890 9.906E-01
  4585.062 9.977E-01
  4585.233 1.000E+00
  4585.405 1.001E+00
  4585.576 1.001E+00
  4585.748 1.001E+00
  4585.920 1.001E+00
  4586.091 1.001E+00
  4586.263 1.001E+00
  4586.434 1.001E+00
  4586.606 1.001E+00
  4586.778 1.000E+00
  4586.949 9.995E-01
  4587.121 9.969E-01
  4587.292 9.908E-01
  4587.464 9.804E-01
  4587.636 9.695E-01
  4587.807 9.607E-01
  4587.979 9.551E-01
  4588.150 9.524E-01
  4588.322 9.525E-01
  4588.494 9.554E-01
  4588.665 9.611E-01
  4588.837 9.694E-01
  4589.008 9.788E-01
  4589.180 9.866E-01
  4589.352 9.901E-01
  4589.523 9.905E-01
  4589.695 9.897E-01
  4589.866 9.889E-01
  4590.038 9.886E-01
  4590.210 9.890E-01
  4590.381 9.900E-01
  4590.553 9.919E-01
  4590.724 9.941E-01
  4590.896 9.953E-01
  4591.068 9.937E-01
  4591.239 9.885E-01
  4591.411 9.821E-01
  4591.582 9.766E-01
  4591.754 9.727E-01
  4591.926 9.707E-01
  4592.097 9.704E-01
  4592.269 9.717E-01
  4592.440 9.748E-01
  4592.612 9.798E-01
  4592.784 9.861E-01
  4592.955 9.924E-01
  4593.127 9.964E-01
  4593.298 9.980E-01
  4593.470 9.983E-01
  4593.642 9.983E-01
  4593.813 9.984E-01
  4593.985 9.986E-01
  4594.156 9.990E-01
  4594.328 9.996E-01
  4594.500 1.000E+00
  4594.671 9.999E-01
  4594.843 9.986E-01
  4595.014 9.958E-01
  4595.186 9.916E-01
  4595.358 9.869E-01
  4595.529 9.829E-01
  4595.701 9.801E-01
  4595.872 9.789E-01
  4596.044 9.790E-01
  4596.216 9.806E-01
  4596.387 9.835E-01
  4596.559 9.875E-01
  4596.730 9.921E-01
  4596.902 9.964E-01
  4597.074 9.995E-01
  4597.245 1.001E+00
  4597.417 1.001E+00
  4597.588 9.999E-01
  4597.760 9.982E-01
  4597.932 9.965E-01
  4598.103 9.951E-01
  4598.275 9.942E-01
  4598.446 9.938E-01
  4598.618 9.939E-01
  4598.790 9.944E-01
  4598.961 9.955E-01
  4599.133 9.970E-01
  4599.304 9.988E-01
  4599.476 1.000E+00
  4599.648 1.001E+00
  4599.819 1.002E+00
  4599.991 1.002E+00
