  3980.000 9.119E-01
  3981.430 9.323E-01
  3982.860 9.416E-01
  3984.290 9.505E-01
  3985.720 9.592E-01
  3987.150 9.668E-01
  3988.580 9.730E-01
  3990.010 9.773E-01
  3991.440 9.799E-01
  3992.870 9.819E-01
  3994.300 9.835E-01
  3995.730 9.844E-01
  3997.160 9.835E-01
  3998.590 9.828E-01
  4000.020 9.810E-01
  4001.450 9.802E-01
  4002.880 9.801E-01
  4004.310 9.805E-01
  4005.740 9.812E-01
  4007.170 9.813E-01
  4008.600 9.832E-01
  4010.030 9.846E-01
  4011.460 9.856E-01
  4012.890 9.872E-01
  4014.320 9.880E-01
  4015.750 9.893E-01
  4017.180 9.900E-01
  4018.610 9.891E-01
  4020.040 9.852E-01
  4021.470 9.802E-01
  4022.900 9.760E-01
  4024.330 9.731E-01
  4025.760 9.715E-01
  4027.190 9.709E-01
  4028.620 9.725E-01
  4030.050 9.759E-01
  4031.480 9.808E-01
  4032.910 9.858E-01
  4034.340 9.881E-01
  4035.770 9.894E-01
  4037.200 9.905E-01
  4038.630 9.912E-01
  4040.060 9.923E-01
  4041.490 9.928E-01
  4042.920 9.927E-01
  4044.350 9.924E-01
  4045.780 9.912E-01
  4047.210 9.898E-01
  4048.640 9.881E-01
  4050.070 9.872E-01
  4051.500 9.866E-01
  4052.930 9.863E-01
  4054.360 9.869E-01
  4055.790 9.881E-01
  4057.220 9.880E-01
  4058.650 9.878E-01
  4060.080 9.876E-01
  4061.510 9.859E-01
  4062.940 9.845E-01
  4064.370 9.835E-01
  4065.800 9.813E-01
  4067.230 9.798E-01
  4068.660 9.796E-01
  4070.090 9.795E-01
  4071.520 9.779E-01
  4072.950 9.766E-01
  4074.380 9.763E-01
  4075.810 9.753E-01
  4077.240 9.747E-01
  4078.670 9.747E-01
  4080.100 9.728E-01
  4081.530 9.705E-01
  4082.960 9.679E-01
  4084.390 9.640E-01
  4085.820 9.566E-01
  4087.250 9.461E-01
  4088.680 9.315E-01
  4090.110 9.106E-01
  4091.540 8.804E-01
  4092.970 8.375E-01
  4094.400 7.785E-01
  4095.830 7.025E-01
  4097.260 6.241E-01
  4098.690 5.577E-01
  4100.120 5.132E-01
  4101.550 4.953E-01
  4102.980 5.061E-01
  4104.410 5.441E-01
  4105.840 6.044E-01
  4107.270 6.795E-01
  4108.700 7.572E-01
  4110.130 8.203E-01
  4111.560 8.674E-01
  4112.990 9.006E-01
  4114.420 9.236E-01
  4115.850 9.396E-01
  4117.280 9.505E-01
  4118.710 9.587E-01
  4120.140 9.642E-01
  4121.570 9.662E-01
  4123.000 9.650E-01
  4124.430 9.629E-01
  4125.860 9.602E-01
  4127.290 9.595E-01
  4128.720 9.604E-01
  4130.150 9.628E-01
  4131.580 9.656E-01
  4133.010 9.699E-01
  4134.440 9.764E-01
  4135.870 9.834E-01
  4137.300 9.874E-01
  4138.730 9.896E-01
  4140.160 9.891E-01
  4141.590 9.885E-01
  4143.020 9.882E-01
  4144.450 9.882E-01
  4145.880 9.884E-01
  4147.310 9.888E-01
  4148.740 9.897E-01
  4150.170 9.914E-01
  4151.600 9.930E-01
  4153.030 9.938E-01
  4154.460 9.942E-01
  4155.890 9.943E-01
  4157.320 9.936E-01
  4158.750 9.925E-01
  4160.180 9.919E-01
  4161.610 9.916E-01
  4163.040 9.913E-01
  4164.470 9.913E-01
  4165.900 9.899E-01
  4167.330 9.864E-01
  4168.760 9.838E-01
  4170.190 9.828E-01
  4171.620 9.806E-01
  4173.050 9.754E-01
  4174.480 9.724E-01
  4175.910 9.715E-01
  4177.340 9.725E-01
  4178.770 9.757E-01
  4180.200 9.799E-01
  4181.630 9.822E-01
  4183.060 9.843E-01
  4184.490 9.879E-01
  4185.920 9.920E-01
  4187.350 9.927E-01
  4188.780 9.932E-01
  4190.210 9.937E-01
  4191.640 9.942E-01
  4193.070 9.941E-01
  4194.500 9.940E-01
  4195.930 9.932E-01
  4197.360 9.925E-01
  4198.790 9.916E-01
  4200.220 9.907E-01
  4201.650 9.901E-01
  4203.080 9.901E-01
  4204.510 9.906E-01
  4205.940 9.918E-01
  4207.370 9.930E-01
  4208.800 9.938E-01
  4210.230 9.936E-01
  4211.660 9.936E-01
  4213.090 9.937E-01
  4214.520 9.937E-01
  4215.950 9.936E-01
  4217.380 9.938E-01
  4218.810 9.937E-01
  4220.240 9.939E-01
  4221.670 9.939E-01
  4223.100 9.945E-01
  4224.530 9.946E-01
  4225.960 9.942E-01
  4227.390 9.892E-01
  4228.820 9.861E-01
  4230.250 9.839E-01
  4231.680 9.830E-01
  4233.110 9.827E-01
  4234.540 9.835E-01
  4235.970 9.834E-01
  4237.400 9.843E-01
  4238.830 9.866E-01
  4240.260 9.905E-01
  4241.690 9.897E-01
  4243.120 9.893E-01
  4244.550 9.884E-01
  4245.980 9.879E-01
  4247.410 9.877E-01
  4248.840 9.880E-01
  4250.270 9.889E-01
  4251.700 9.886E-01
  4253.130 9.886E-01
  4254.560 9.884E-01
  4255.990 9.869E-01
  4257.420 9.865E-01
  4258.850 9.867E-01
  4260.280 9.873E-01
  4261.710 9.879E-01
  4263.140 9.884E-01
  4264.570 9.895E-01
  4266.000 9.898E-01
  4267.430 9.890E-01
  4268.860 9.883E-01
  4270.290 9.872E-01
  4271.720 9.862E-01
  4273.150 9.856E-01
  4274.580 9.861E-01
  4276.010 9.868E-01
  4277.440 9.879E-01
  4278.870 9.897E-01
  4280.300 9.909E-01
  4281.730 9.912E-01
  4283.160 9.911E-01
  4284.590 9.894E-01
  4286.020 9.886E-01
  4287.450 9.869E-01
  4288.880 9.852E-01
  4290.310 9.830E-01
  4291.740 9.819E-01
  4293.170 9.802E-01
  4294.600 9.782E-01
  4296.030 9.762E-01
  4297.460 9.743E-01
  4298.890 9.727E-01
  4300.320 9.727E-01
  4301.750 9.727E-01
  4303.180 9.730E-01
  4304.610 9.744E-01
  4306.040 9.755E-01
  4307.470 9.768E-01
  4308.900 9.753E-01
  4310.330 9.751E-01
  4311.760 9.733E-01
  4313.190 9.720E-01
  4314.620 9.710E-01
  4316.050 9.700E-01
  4317.480 9.685E-01
  4318.910 9.662E-01
  4320.340 9.638E-01
  4321.770 9.605E-01
  4323.200 9.543E-01
  4324.630 9.454E-01
  4326.060 9.337E-01
  4327.490 9.181E-01
  4328.920 8.961E-01
  4330.350 8.648E-01
  4331.780 8.216E-01
  4333.210 7.646E-01
  4334.640 6.931E-01
  4336.070 6.240E-01
  4337.500 5.676E-01
  4338.930 5.305E-01
  4340.360 5.170E-01
  4341.790 5.277E-01
  4343.220 5.619E-01
  4344.650 6.153E-01
  4346.080 6.803E-01
  4347.510 7.502E-01
  4348.940 8.101E-01
  4350.370 8.554E-01
  4351.800 8.886E-01
  4353.230 9.126E-01
  4354.660 9.303E-01
  4356.090 9.434E-01
  4357.520 9.543E-01
  4358.950 9.643E-01
  4360.380 9.703E-01
  4361.810 9.740E-01
  4363.240 9.761E-01
  4364.670 9.783E-01
  4366.100 9.801E-01
  4367.530 9.817E-01
  4368.960 9.829E-01
  4370.390 9.839E-01
  4371.820 9.849E-01
  4373.250 9.863E-01
  4374.680 9.881E-01
  4376.110 9.899E-01
  4377.540 9.884E-01
  4378.970 9.845E-01
  4380.400 9.812E-01
  4381.830 9.781E-01
  4383.260 9.759E-01
  4384.690 9.733E-01
  4386.120 9.725E-01
  4387.550 9.729E-01
  4388.980 9.724E-01
  4390.410 9.747E-01
  4391.840 9.789E-01
  4393.270 9.811E-01
  4394.700 9.823E-01
  4396.130 9.835E-01
  4397.560 9.846E-01
  4398.990 9.850E-01
  4400.420 9.859E-01
  4401.850 9.877E-01
  4403.280 9.893E-01
  4404.710 9.893E-01
  4406.140 9.900E-01
  4407.570 9.910E-01
  4409.000 9.909E-01
  4410.430 9.892E-01
  4411.860 9.871E-01
  4413.290 9.855E-01
  4414.720 9.846E-01
  4416.150 9.843E-01
  4417.580 9.848E-01
  4419.010 9.859E-01
  4420.440 9.876E-01
  4421.870 9.896E-01
  4423.300 9.924E-01
  4424.730 9.954E-01
  4426.160 9.964E-01
  4427.590 9.958E-01
  4429.020 9.953E-01
  4430.450 9.948E-01
  4431.880 9.943E-01
  4433.310 9.942E-01
  4434.740 9.944E-01
  4436.170 9.945E-01
  4437.600 9.926E-01
  4439.030 9.913E-01
  4440.460 9.906E-01
  4441.890 9.905E-01
  4443.320 9.898E-01
  4444.750 9.888E-01
  4446.180 9.881E-01
  4447.610 9.882E-01
  4449.040 9.886E-01
  4450.470 9.900E-01
  4451.900 9.918E-01
  4453.330 9.923E-01
  4454.760 9.925E-01
  4456.190 9.929E-01
  4457.620 9.937E-01
  4459.050 9.943E-01
  4460.480 9.940E-01
  4461.910 9.921E-01
  4463.340 9.899E-01
  4464.770 9.857E-01
  4466.200 9.812E-01
  4467.630 9.782E-01
  4469.060 9.769E-01
  4470.490 9.765E-01
  4471.920 9.774E-01
  4473.350 9.787E-01
  4474.780 9.731E-01
  4476.210 9.708E-01
  4477.640 9.699E-01
  4479.070 9.713E-01
  4480.500 9.718E-01
  4481.930 9.711E-01
  4483.360 9.708E-01
  4484.790 9.710E-01
  4486.220 9.735E-01
  4487.650 9.787E-01
  4489.080 9.867E-01
  4490.510 9.870E-01
  4491.940 9.874E-01
  4493.370 9.883E-01
  4494.800 9.883E-01
  4496.230 9.897E-01
  4497.660 9.912E-01
  4499.090 9.929E-01
  4500.520 9.928E-01
  4501.950 9.904E-01
  4503.380 9.890E-01
  4504.810 9.883E-01
  4506.240 9.884E-01
  4507.670 9.893E-01
  4509.100 9.884E-01
  4510.530 9.871E-01
  4511.960 9.866E-01
  4513.390 9.856E-01
  4514.820 9.854E-01
  4516.250 9.835E-01
  4517.680 9.811E-01
  4519.110 9.799E-01
  4520.540 9.800E-01
  4521.970 9.813E-01
  4523.400 9.833E-01
  4524.830 9.844E-01
  4526.260 9.862E-01
  4527.690 9.863E-01
  4529.120 9.868E-01
  4530.550 9.886E-01
  4531.980 9.883E-01
  4533.410 9.881E-01
  4534.840 9.872E-01
  4536.270 9.872E-01
  4537.700 9.878E-01
  4539.130 9.889E-01
  4540.560 9.910E-01
  4541.990 9.925E-01
  4543.420 9.857E-01
  4544.850 9.815E-01
  4546.280 9.791E-01
  4547.710 9.775E-01
  4549.140 9.752E-01
  4550.570 9.727E-01
  4552.000 9.700E-01
  4553.430 9.694E-01
  4554.860 9.713E-01
  4556.290 9.755E-01
  4557.720 9.794E-01
  4559.150 9.793E-01
  4560.580 9.806E-01
  4562.010 9.833E-01
  4563.440 9.875E-01
  4564.870 9.887E-01
  4566.300 9.902E-01
  4567.730 9.900E-01
  4569.160 9.895E-01
  4570.590 9.894E-01
  4572.020 9.902E-01
  4573.450 9.896E-01
  4574.880 9.891E-01
  4576.310 9.868E-01
  4577.740 9.829E-01
  4579.170 9.816E-01
  4580.600 9.810E-01
  4582.030 9.785E-01
  4583.460 9.776E-01
  4584.890 9.773E-01
  4586.320 9.773E-01
  4587.750 9.791E-01
  4589.180 9.811E-01
  4590.610 9.853E-01
  4592.040 9.889E-01
  4593.470 9.901E-01
  4594.900 9.921E-01
  4596.330 9.950E-01
  4597.760 9.966E-01
  4599.190 9.981E-01
