  3980.000 9.655E-01
  3980.572 9.683E-01
  3981.144 9.701E-01
  3981.716 9.721E-01
  3982.288 9.744E-01
  3982.860 9.768E-01
  3983.432 9.792E-01
  3984.004 9.814E-01
  3984.576 9.835E-01
  3985.148 9.853E-01
  3985.720 9.867E-01
  3986.292 9.879E-01
  3986.864 9.889E-01
  3987.436 9.896E-01
  3988.008 9.903E-01
  3988.580 9.909E-01
  3989.152 9.913E-01
  3989.724 9.916E-01
  3990.296 9.918E-01
  3990.868 9.920E-01
  3991.440 9.921E-01
  3992.012 9.924E-01
  3992.584 9.927E-01
  3993.156 9.930E-01
  3993.728 9.933E-01
  3994.300 9.934E-01
  3994.872 9.933E-01
  3995.444 9.931E-01
  3996.016 9.932E-01
  3996.588 9.932E-01
  3997.160 9.934E-01
  3997.732 9.937E-01
  3998.304 9.942E-01
  3998.876 9.948E-01
  3999.448 9.947E-01
  4000.020 9.921E-01
  4000.592 9.888E-01
  4001.164 9.858E-01
  4001.736 9.839E-01
  4002.308 9.829E-01
  4002.880 9.823E-01
  4003.452 9.817E-01
  4004.024 9.827E-01
  4004.596 9.856E-01
  4005.168 9.890E-01
  4005.740 9.905E-01
  4006.312 9.910E-01
  4006.884 9.889E-01
  4007.456 9.868E-01
  4008.028 9.862E-01
  4008.600 9.862E-01
  4009.172 9.860E-01
  4009.744 9.860E-01
  4010.316 9.857E-01
  4010.888 9.867E-01
  4011.460 9.890E-01
  4012.032 9.923E-01
  4012.604 9.927E-01
  4013.176 9.911E-01
  4013.748 9.899E-01
  4014.320 9.894E-01
  4014.892 9.900E-01
  4015.464 9.908E-01
  4016.036 9.911E-01
  4016.608 9.917E-01
  4017.180 9.929E-01
  4017.752 9.947E-01
  4018.324 9.968E-01
  4018.896 9.974E-01
  4019.468 9.975E-01
  4020.040 9.972E-01
  4020.612 9.967E-01
  4021.184 9.953E-01
  4021.756 9.928E-01
  4022.328 9.880E-01
  4022.900 9.826E-01
  4023.472 9.742E-01
  4024.044 9.594E-01
  4024.616 9.465E-01
  4025.188 9.383E-01
  4025.760 9.347E-01
  4026.332 9.354E-01
  4026.904 9.405E-01
  4027.476 9.492E-01
  4028.048 9.601E-01
  4028.620 9.738E-01
  4029.192 9.854E-01
  4029.764 9.897E-01
  4030.336 9.905E-01
  4030.908 9.901E-01
  4031.480 9.897E-01
  4032.052 9.892E-01
  4032.624 9.892E-01
  4033.196 9.893E-01
  4033.768 9.898E-01
  4034.340 9.909E-01
  4034.912 9.922E-01
  4035.484 9.936E-01
  4036.056 9.940E-01
  4036.628 9.939E-01
  4037.200 9.939E-01
  4037.772 9.943E-01
  4038.344 9.951E-01
  4038.916 9.956E-01
  4039.488 9.959E-01
  4040.060 9.965E-01
  4040.632 9.973E-01
  4041.204 9.975E-01
  4041.776 9.965E-01
  4042.348 9.957E-01
  4042.920 9.951E-01
  4043.492 9.949E-01
  4044.064 9.950E-01
  4044.636 9.951E-01
  4045.208 9.953E-01
  4045.780 9.957E-01
  4046.352 9.953E-01
  4046.924 9.942E-01
  4047.496 9.930E-01
  4048.068 9.921E-01
  4048.640 9.915E-01
  4049.212 9.910E-01
  4049.784 9.901E-01
  4050.356 9.899E-01
  4050.928 9.905E-01
  4051.500 9.914E-01
  4052.072 9.914E-01
  4052.644 9.911E-01
  4053.216 9.914E-01
  4053.788 9.923E-01
  4054.360 9.933E-01
  4054.932 9.937E-01
  4055.504 9.933E-01
  4056.076 9.934E-01
  4056.648 9.940E-01
  4057.220 9.941E-01
  4057.792 9.941E-01
  4058.364 9.944E-01
  4058.936 9.949E-01
  4059.508 9.952E-01
  4060.080 9.957E-01
  4060.652 9.956E-01
  4061.224 9.946E-01
  4061.796 9.936E-01
  4062.368 9.930E-01
  4062.940 9.926E-01
  4063.512 9.927E-01
  4064.084 9.927E-01
  4064.656 9.904E-01
  4065.228 9.877E-01
  4065.800 9.862E-01
  4066.372 9.859E-01
  4066.944 9.856E-01
  4067.516 9.856E-01
  4068.088 9.861E-01
  4068.660 9.867E-01
  4069.232 9.883E-01
  4069.804 9.910E-01
  4070.376 9.904E-01
  4070.948 9.898E-01
  4071.520 9.895E-01
  4072.092 9.899E-01
  4072.664 9.905E-01
  4073.236 9.897E-01
  4073.808 9.891E-01
  4074.380 9.879E-01
  4074.952 9.863E-01
  4075.524 9.845E-01
  4076.096 9.834E-01
  4076.668 9.833E-01
  4077.240 9.841E-01
  4077.812 9.858E-01
  4078.384 9.882E-01
  4078.956 9.899E-01
  4079.528 9.915E-01
  4080.100 9.917E-01
  4080.672 9.915E-01
  4081.244 9.907E-01
  4081.816 9.900E-01
  4082.388 9.893E-01
  4082.960 9.887E-01
  4083.532 9.879E-01
  4084.104 9.872E-01
  4084.676 9.865E-01
  4085.248 9.856E-01
  4085.820 9.844E-01
  4086.392 9.829E-01
  4086.964 9.814E-01
  4087.536 9.801E-01
  4088.108 9.787E-01
  4088.680 9.771E-01
  4089.252 9.753E-01
  4089.824 9.731E-01
  4090.396 9.702E-01
  4090.968 9.664E-01
  4091.540 9.619E-01
  4092.112 9.565E-01
  4092.684 9.500E-01
  4093.256 9.422E-01
  4093.828 9.328E-01
  4094.400 9.213E-01
  4094.972 9.071E-01
  4095.544 8.895E-01
  4096.116 8.676E-01
  4096.688 8.404E-01
  4097.260 8.070E-01
  4097.832 7.662E-01
  4098.404 7.171E-01
  4098.976 6.579E-01
  4099.548 5.911E-01
  4100.120 5.295E-01
  4100.692 4.815E-01
  4101.264 4.524E-01
  4101.836 4.451E-01
  4102.408 4.605E-01
  4102.980 4.971E-01
  4103.552 5.511E-01
  4104.124 6.162E-01
  4104.696 6.818E-01
  4105.268 7.373E-01
  4105.840 7.833E-01
  4106.412 8.212E-01
  4106.984 8.521E-01
  4107.556 8.770E-01
  4108.128 8.967E-01
  4108.700 9.108E-01
  4109.272 9.218E-01
  4109.844 9.307E-01
  4110.416 9.381E-01
  4110.988 9.443E-01
  4111.560 9.501E-01
  4112.132 9.556E-01
  4112.704 9.610E-01
  4113.276 9.666E-01
  4113.848 9.723E-01
  4114.420 9.761E-01
  4114.992 9.792E-01
  4115.564 9.815E-01
  4116.136 9.833E-01
  4116.708 9.845E-01
  4117.280 9.847E-01
  4117.852 9.844E-01
  4118.424 9.816E-01
  4118.996 9.786E-01
  4119.568 9.764E-01
  4120.140 9.737E-01
  4120.712 9.715E-01
  4121.284 9.710E-01
  4121.856 9.721E-01
  4122.428 9.742E-01
  4123.000 9.775E-01
  4123.572 9.822E-01
  4124.144 9.853E-01
  4124.716 9.874E-01
  4125.288 9.879E-01
  4125.860 9.793E-01
  4126.432 9.704E-01
  4127.004 9.645E-01
  4127.576 9.613E-01
  4128.148 9.568E-01
  4128.720 9.469E-01
  4129.292 9.422E-01
  4129.864 9.429E-01
  4130.436 9.487E-01
  4131.008 9.580E-01
  4131.580 9.631E-01
  4132.152 9.674E-01
  4132.724 9.739E-01
  4133.296 9.835E-01
  4133.868 9.933E-01
  4134.440 9.956E-01
  4135.012 9.963E-01
  4135.584 9.965E-01
  4136.156 9.961E-01
  4136.728 9.957E-01
  4137.300 9.953E-01
  4137.872 9.951E-01
  4138.444 9.952E-01
  4139.016 9.954E-01
  4139.588 9.956E-01
  4140.160 9.957E-01
  4140.732 9.955E-01
  4141.304 9.923E-01
  4141.876 9.885E-01
  4142.448 9.855E-01
  4143.020 9.832E-01
  4143.592 9.813E-01
  4144.164 9.806E-01
  4144.736 9.810E-01
  4145.308 9.828E-01
  4145.880 9.860E-01
  4146.452 9.906E-01
  4147.024 9.932E-01
  4147.596 9.944E-01
  4148.168 9.953E-01
  4148.740 9.955E-01
  4149.312 9.954E-01
  4149.884 9.955E-01
  4150.456 9.950E-01
  4151.028 9.944E-01
  4151.600 9.941E-01
  4152.172 9.943E-01
  4152.744 9.948E-01
  4153.316 9.955E-01
  4153.888 9.963E-01
  4154.460 9.967E-01
  4155.032 9.972E-01
  4155.604 9.979E-01
  4156.176 9.984E-01
  4156.748 9.985E-01
  4157.320 9.986E-01
  4157.892 9.985E-01
  4158.464 9.982E-01
  4159.036 9.979E-01
  4159.608 9.976E-01
  4160.180 9.968E-01
  4160.752 9.957E-01
  4161.324 9.936E-01
  4161.896 9.919E-01
  4162.468 9.908E-01
  4163.040 9.905E-01
  4163.612 9.908E-01
  4164.184 9.914E-01
  4164.756 9.924E-01
  4165.328 9.940E-01
  4165.900 9.956E-01
  4166.472 9.965E-01
  4167.044 9.959E-01
  4167.616 9.953E-01
  4168.188 9.948E-01
  4168.760 9.943E-01
  4169.332 9.931E-01
  4169.904 9.914E-01
  4170.476 9.893E-01
  4171.048 9.839E-01
  4171.620 9.793E-01
  4172.192 9.759E-01
  4172.764 9.740E-01
  4173.336 9.739E-01
  4173.908 9.757E-01
  4174.480 9.789E-01
  4175.052 9.818E-01
  4175.624 9.834E-01
  4176.196 9.839E-01
  4176.768 9.787E-01
  4177.340 9.732E-01
  4177.912 9.696E-01
  4178.484 9.681E-01
  4179.056 9.687E-01
  4179.628 9.715E-01
  4180.200 9.767E-01
  4180.772 9.832E-01
  4181.344 9.893E-01
  4181.916 9.948E-01
  4182.488 9.962E-01
  4183.060 9.963E-01
  4183.632 9.964E-01
  4184.204 9.966E-01
  4184.776 9.964E-01
  4185.348 9.954E-01
  4185.920 9.947E-01
  4186.492 9.942E-01
  4187.064 9.938E-01
  4187.636 9.934E-01
  4188.208 9.929E-01
  4188.780 9.928E-01
  4189.352 9.931E-01
  4189.924 9.938E-01
  4190.496 9.948E-01
  4191.068 9.953E-01
  4191.640 9.956E-01
  4192.212 9.961E-01
  4192.784 9.968E-01
  4193.356 9.974E-01
  4193.928 9.979E-01
  4194.500 9.983E-01
  4195.072 9.986E-01
  4195.644 9.985E-01
  4196.216 9.983E-01
  4196.788 9.976E-01
  4197.360 9.968E-01
  4197.932 9.958E-01
  4198.504 9.942E-01
  4199.076 9.930E-01
  4199.648 9.922E-01
  4200.220 9.915E-01
  4200.792 9.914E-01
  4201.364 9.919E-01
  4201.936 9.926E-01
  4202.508 9.933E-01
  4203.080 9.937E-01
  4203.652 9.943E-01
  4204.224 9.944E-01
  4204.796 9.945E-01
  4205.368 9.947E-01
  4205.940 9.949E-01
  4206.512 9.951E-01
  4207.084 9.955E-01
  4207.656 9.961E-01
  4208.228 9.969E-01
  4208.800 9.973E-01
  4209.372 9.976E-01
  4209.944 9.979E-01
  4210.516 9.982E-01
  4211.088 9.982E-01
  4211.660 9.983E-01
  4212.232 9.984E-01
  4212.804 9.984E-01
  4213.376 9.977E-01
  4213.948 9.970E-01
  4214.520 9.964E-01
  4215.092 9.958E-01
  4215.664 9.955E-01
  4216.236 9.955E-01
  4216.808 9.957E-01
  4217.380 9.960E-01
  4217.952 9.967E-01
  4218.524 9.977E-01
  4219.096 9.981E-01
  4219.668 9.983E-01
  4220.240 9.985E-01
  4220.812 9.984E-01
  4221.384 9.983E-01
  4221.956 9.981E-01
  4222.528 9.978E-01
  4223.100 9.975E-01
  4223.672 9.974E-01
  4224.244 9.974E-01
  4224.816 9.973E-01
  4225.388 9.972E-01
  4225.960 9.972E-01
  4226.532 9.973E-01
  4227.104 9.976E-01
  4227.676 9.979E-01
  4228.248 9.980E-01
  4228.820 9.980E-01
  4229.392 9.980E-01
  4229.964 9.971E-01
  4230.536 9.906E-01
  4231.108 9.818E-01
  4231.680 9.754E-01
  4232.252 9.714E-01
  4232.824 9.695E-01
  4233.396 9.693E-01
  4233.968 9.710E-01
  4234.540 9.746E-01
  4235.112 9.805E-01
  4235.684 9.889E-01
  4236.256 9.962E-01
  4236.828 9.973E-01
  4237.400 9.972E-01
  4237.972 9.973E-01
  4238.544 9.975E-01
  4239.116 9.975E-01
  4239.688 9.961E-01
  4240.260 9.938E-01
  4240.832 9.922E-01
  4241.404 9.913E-01
  4241.976 9.908E-01
  4242.548 9.902E-01
  4243.120 9.903E-01
  4243.692 9.908E-01
  4244.264 9.914E-01
  4244.836 9.928E-01
  4245.408 9.947E-01
  4245.980 9.949E-01
  4246.552 9.950E-01
  4247.124 9.955E-01
  4247.696 9.960E-01
  4248.268 9.958E-01
  4248.840 9.960E-01
  4249.412 9.962E-01
  4249.984 9.960E-01
  4250.556 9.951E-01
  4251.128 9.943E-01
  4251.700 9.938E-01
  4252.272 9.932E-01
  4252.844 9.932E-01
  4253.416 9.937E-01
  4253.988 9.941E-01
  4254.560 9.947E-01
  4255.132 9.949E-01
  4255.704 9.934E-01
  4256.276 9.915E-01
  4256.848 9.898E-01
  4257.420 9.891E-01
  4257.992 9.882E-01
  4258.564 9.878E-01
  4259.136 9.875E-01
  4259.708 9.870E-01
  4260.280 9.879E-01
  4260.852 9.899E-01
  4261.424 9.911E-01
  4261.996 9.916E-01
  4262.568 9.920E-01
  4263.140 9.928E-01
  4263.712 9.939E-01
  4264.284 9.945E-01
  4264.856 9.938E-01
  4265.428 9.920E-01
  4266.000 9.906E-01
  4266.572 9.898E-01
  4267.144 9.890E-01
  4267.716 9.888E-01
  4268.288 9.892E-01
  4268.860 9.902E-01
  4269.432 9.915E-01
  4270.004 9.936E-01
  4270.576 9.936E-01
  4271.148 9.915E-01
  4271.720 9.901E-01
  4272.292 9.895E-01
  4272.864 9.886E-01
  4273.436 9.878E-01
  4274.008 9.879E-01
  4274.580 9.889E-01
  4275.152 9.901E-01
  4275.724 9.910E-01
  4276.296 9.925E-01
  4276.868 9.922E-01
  4277.440 9.920E-01
  4278.012 9.926E-01
  4278.584 9.935E-01
  4279.156 9.939E-01
  4279.728 9.943E-01
  4280.300 9.949E-01
  4280.872 9.960E-01
  4281.444 9.965E-01
  4282.016 9.960E-01
  4282.588 9.953E-01
  4283.160 9.948E-01
  4283.732 9.941E-01
  4284.304 9.937E-01
  4284.876 9.937E-01
  4285.448 9.939E-01
  4286.020 9.941E-01
  4286.592 9.948E-01
  4287.164 9.954E-01
  4287.736 9.942E-01
  4288.308 9.932E-01
  4288.880 9.928E-01
  4289.452 9.926E-01
  4290.024 9.924E-01
  4290.596 9.927E-01
  4291.168 9.929E-01
  4291.740 9.916E-01
  4292.312 9.909E-01
  4292.884 9.913E-01
  4293.456 9.911E-01
  4294.028 9.878E-01
  4294.600 9.848E-01
  4295.172 9.833E-01
  4295.744 9.828E-01
  4296.316 9.837E-01
  4296.888 9.853E-01
  4297.460 9.849E-01
  4298.032 9.837E-01
  4298.604 9.840E-01
  4299.176 9.854E-01
  4299.748 9.863E-01
  4300.320 9.843E-01
  4300.892 9.794E-01
  4301.464 9.767E-01
  4302.036 9.763E-01
  4302.608 9.778E-01
  4303.180 9.803E-01
  4303.752 9.817E-01
  4304.324 9.836E-01
  4304.896 9.864E-01
  4305.468 9.884E-01
  4306.040 9.918E-01
  4306.612 9.918E-01
  4307.184 9.911E-01
  4307.756 9.908E-01
  4308.328 9.909E-01
  4308.900 9.914E-01
  4309.472 9.924E-01
  4310.044 9.932E-01
  4310.616 9.933E-01
  4311.188 9.927E-01
  4311.760 9.897E-01
  4312.332 9.862E-01
  4312.904 9.832E-01
  4313.476 9.813E-01
  4314.048 9.804E-01
  4314.620 9.805E-01
  4315.192 9.817E-01
  4315.764 9.838E-01
  4316.336 9.855E-01
  4316.908 9.875E-01
  4317.480 9.893E-01
  4318.052 9.900E-01
  4318.624 9.891E-01
  4319.196 9.881E-01
  4319.768 9.875E-01
  4320.340 9.872E-01
  4320.912 9.870E-01
  4321.484 9.871E-01
  4322.056 9.870E-01
  4322.628 9.863E-01
  4323.200 9.838E-01
  4323.772 9.816E-01
  4324.344 9.793E-01
  4324.916 9.772E-01
  4325.488 9.753E-01
  4326.060 9.738E-01
  4326.632 9.724E-01
  4327.204 9.713E-01
  4327.776 9.704E-01
  4328.348 9.694E-01
  4328.920 9.671E-01
  4329.492 9.633E-01
  4330.064 9.586E-01
  4330.636 9.529E-01
  4331.208 9.464E-01
  4331.780 9.389E-01
  4332.352 9.299E-01
  4332.924 9.192E-01
  4333.496 9.060E-01
  4334.068 8.898E-01
  4334.640 8.698E-01
  4335.212 8.448E-01
  4335.784 8.141E-01
  4336.356 7.769E-01
  4336.928 7.325E-01
  4337.500 6.790E-01
  4338.072 6.171E-01
  4338.644 5.585E-01
  4339.216 5.111E-01
  4339.788 4.799E-01
  4340.360 4.672E-01
  4340.932 4.739E-01
  4341.504 4.991E-01
  4342.076 5.410E-01
  4342.648 5.961E-01
  4343.220 6.579E-01
  4343.792 7.149E-01
  4344.364 7.620E-01
  4344.936 8.013E-01
  4345.508 8.339E-01
  4346.080 8.608E-01
  4346.652 8.829E-01
  4347.224 9.009E-01
  4347.796 9.154E-01
  4348.368 9.269E-01
  4348.940 9.337E-01
  4349.512 9.354E-01
  4350.084 9.373E-01
  4350.656 9.399E-01
  4351.228 9.429E-01
  4351.800 9.458E-01
  4352.372 9.493E-01
  4352.944 9.538E-01
  4353.516 9.596E-01
  4354.088 9.669E-01
  4354.660 9.756E-01
  4355.232 9.780E-01
  4355.804 9.789E-01
  4356.376 9.800E-01
  4356.948 9.814E-01
  4357.520 9.829E-01
  4358.092 9.838E-01
  4358.664 9.843E-01
  4359.236 9.846E-01
  4359.808 9.848E-01
  4360.380 9.857E-01
  4360.952 9.863E-01
  4361.524 9.866E-01
  4362.096 9.872E-01
  4362.668 9.880E-01
  4363.240 9.891E-01
  4363.812 9.904E-01
  4364.384 9.920E-01
  4364.956 9.931E-01
  4365.528 9.930E-01
  4366.100 9.926E-01
  4366.672 9.914E-01
  4367.244 9.898E-01
  4367.816 9.888E-01
  4368.388 9.884E-01
  4368.960 9.882E-01
  4369.532 9.884E-01
  4370.104 9.890E-01
  4370.676 9.902E-01
  4371.248 9.916E-01
  4371.820 9.929E-01
  4372.392 9.945E-01
  4372.964 9.949E-01
  4373.536 9.951E-01
  4374.108 9.953E-01
  4374.680 9.951E-01
  4375.252 9.950E-01
  4375.824 9.949E-01
  4376.396 9.950E-01
  4376.968 9.951E-01
  4377.540 9.954E-01
  4378.112 9.956E-01
  4378.684 9.959E-01
  4379.256 9.964E-01
  4379.828 9.969E-01
  4380.400 9.970E-01
  4380.972 9.958E-01
  4381.544 9.932E-01
  4382.116 9.887E-01
  4382.688 9.824E-01
  4383.260 9.761E-01
  4383.832 9.717E-01
  4384.404 9.686E-01
  4384.976 9.657E-01
  4385.548 9.612E-01
  4386.120 9.591E-01
  4386.692 9.605E-01
  4387.264 9.640E-01
  4387.836 9.670E-01
  4388.408 9.699E-01
  4388.980 9.709E-01
  4389.552 9.731E-01
  4390.124 9.773E-01
  4390.696 9.831E-01
  4391.268 9.876E-01
  4391.840 9.893E-01
  4392.412 9.887E-01
  4392.984 9.884E-01
  4393.556 9.891E-01
  4394.128 9.883E-01
  4394.700 9.876E-01
  4395.272 9.876E-01
  4395.844 9.882E-01
  4396.416 9.894E-01
  4396.988 9.910E-01
  4397.560 9.929E-01
  4398.132 9.954E-01
  4398.704 9.960E-01
  4399.276 9.959E-01
  4399.848 9.958E-01
  4400.420 9.951E-01
  4400.992 9.948E-01
  4401.564 9.948E-01
  4402.136 9.946E-01
  4402.708 9.948E-01
  4403.280 9.945E-01
  4403.852 9.941E-01
  4404.424 9.939E-01
  4404.996 9.939E-01
  4405.568 9.941E-01
  4406.140 9.945E-01
  4406.712 9.946E-01
  4407.284 9.948E-01
  4407.856 9.953E-01
  4408.428 9.953E-01
  4409.000 9.953E-01
  4409.572 9.955E-01
  4410.144 9.958E-01
  4410.716 9.962E-01
  4411.288 9.961E-01
  4411.860 9.961E-01
  4412.432 9.962E-01
  4413.004 9.961E-01
  4413.576 9.957E-01
  4414.148 9.927E-01
  4414.720 9.887E-01
  4415.292 9.850E-01
  4415.864 9.826E-01
  4416.436 9.813E-01
  4417.008 9.803E-01
  4417.580 9.803E-01
  4418.152 9.815E-01
  4418.724 9.839E-01
  4419.296 9.878E-01
  4419.868 9.931E-01
  4420.440 9.951E-01
  4421.012 9.963E-01
  4421.584 9.971E-01
  4422.156 9.980E-01
  4422.728 9.988E-01
  4423.300 9.989E-01
  4423.872 9.990E-01
  4424.444 9.990E-01
  4425.016 9.989E-01
  4425.588 9.980E-01
  4426.160 9.974E-01
  4426.732 9.970E-01
  4427.304 9.968E-01
  4427.876 9.966E-01
  4428.448 9.963E-01
  4429.020 9.959E-01
  4429.592 9.957E-01
  4430.164 9.958E-01
  4430.736 9.961E-01
  4431.308 9.954E-01
  4431.880 9.943E-01
  4432.452 9.935E-01
  4433.024 9.932E-01
  4433.596 9.932E-01
  4434.168 9.930E-01
  4434.740 9.925E-01
  4435.312 9.916E-01
  4435.884 9.914E-01
  4436.456 9.919E-01
  4437.028 9.932E-01
  4437.600 9.936E-01
  4438.172 9.941E-01
  4438.744 9.949E-01
  4439.316 9.959E-01
  4439.888 9.971E-01
  4440.460 9.980E-01
  4441.032 9.971E-01
  4441.604 9.950E-01
  4442.176 9.930E-01
  4442.748 9.916E-01
  4443.320 9.906E-01
  4443.892 9.898E-01
  4444.464 9.896E-01
  4445.036 9.899E-01
  4445.608 9.909E-01
  4446.180 9.925E-01
  4446.752 9.948E-01
  4447.324 9.956E-01
  4447.896 9.954E-01
  4448.468 9.949E-01
  4449.040 9.934E-01
  4449.612 9.922E-01
  4450.184 9.915E-01
  4450.756 9.911E-01
  4451.328 9.912E-01
  4451.900 9.916E-01
  4452.472 9.919E-01
  4453.044 9.921E-01
  4453.616 9.928E-01
  4454.188 9.936E-01
  4454.760 9.945E-01
  4455.332 9.947E-01
  4455.904 9.949E-01
  4456.476 9.954E-01
  4457.048 9.960E-01
  4457.620 9.969E-01
  4458.192 9.982E-01
  4458.764 9.979E-01
  4459.336 9.966E-01
  4459.908 9.956E-01
  4460.480 9.949E-01
  4461.052 9.943E-01
  4461.624 9.939E-01
  4462.196 9.937E-01
  4462.768 9.938E-01
  4463.340 9.941E-01
  4463.912 9.948E-01
  4464.484 9.959E-01
  4465.056 9.960E-01
  4465.628 9.942E-01
  4466.200 9.914E-01
  4466.772 9.887E-01
  4467.344 9.858E-01
  4467.916 9.823E-01
  4468.488 9.761E-01
  4469.060 9.649E-01
  4469.632 9.551E-01
  4470.204 9.478E-01
  4470.776 9.440E-01
  4471.348 9.440E-01
  4471.920 9.459E-01
  4472.492 9.499E-01
  4473.064 9.566E-01
  4473.636 9.658E-01
  4474.208 9.774E-01
  4474.780 9.876E-01
  4475.352 9.925E-01
  4475.924 9.955E-01
  4476.496 9.966E-01
  4477.068 9.973E-01
  4477.640 9.970E-01
  4478.212 9.908E-01
  4478.784 9.723E-01
  4479.356 9.574E-01
  4479.928 9.475E-01
  4480.500 9.415E-01
  4481.072 9.390E-01
  4481.644 9.402E-01
  4482.216 9.447E-01
  4482.788 9.528E-01
  4483.360 9.653E-01
  4483.932 9.823E-01
  4484.504 9.965E-01
  4485.076 9.988E-01
  4485.648 9.984E-01
  4486.220 9.972E-01
  4486.792 9.934E-01
  4487.364 9.906E-01
  4487.936 9.886E-01
  4488.508 9.855E-01
  4489.080 9.814E-01
  4489.652 9.789E-01
  4490.224 9.780E-01
  4490.796 9.783E-01
  4491.368 9.800E-01
  4491.940 9.829E-01
  4492.512 9.862E-01
  4493.084 9.883E-01
  4493.656 9.910E-01
  4494.228 9.949E-01
  4494.800 9.974E-01
  4495.372 9.980E-01
  4495.944 9.983E-01
  4496.516 9.987E-01
  4497.088 9.985E-01
  4497.660 9.982E-01
  4498.232 9.975E-01
  4498.804 9.953E-01
  4499.376 9.936E-01
  4499.948 9.926E-01
  4500.520 9.921E-01
  4501.092 9.921E-01
  4501.664 9.924E-01
  4502.236 9.931E-01
  4502.808 9.943E-01
  4503.380 9.957E-01
  4503.952 9.974E-01
  4504.524 9.989E-01
  4505.096 9.981E-01
  4505.668 9.931E-01
  4506.240 9.887E-01
  4506.812 9.855E-01
  4507.384 9.835E-01
  4507.956 9.824E-01
  4508.528 9.823E-01
  4509.100 9.830E-01
  4509.672 9.846E-01
  4510.244 9.874E-01
  4510.816 9.915E-01
  4511.388 9.966E-01
  4511.960 9.971E-01
  4512.532 9.939E-01
  4513.104 9.892E-01
  4513.676 9.859E-01
  4514.248 9.838E-01
  4514.820 9.828E-01
  4515.392 9.827E-01
  4515.964 9.833E-01
  4516.536 9.848E-01
  4517.108 9.865E-01
  4517.680 9.861E-01
  4518.252 9.877E-01
  4518.824 9.881E-01
  4519.396 9.860E-01
  4519.968 9.797E-01
  4520.540 9.740E-01
  4521.112 9.708E-01
  4521.684 9.696E-01
  4522.256 9.701E-01
  4522.828 9.727E-01
  4523.400 9.772E-01
  4523.972 9.795E-01
  4524.544 9.827E-01
  4525.116 9.879E-01
  4525.688 9.948E-01
  4526.260 9.963E-01
  4526.832 9.963E-01
  4527.404 9.965E-01
  4527.976 9.969E-01
  4528.548 9.970E-01
  4529.120 9.971E-01
  4529.692 9.972E-01
  4530.264 9.972E-01
  4530.836 9.967E-01
  4531.408 9.929E-01
  4531.980 9.892E-01
  4532.552 9.867E-01
  4533.124 9.850E-01
  4533.696 9.841E-01
  4534.268 9.841E-01
  4534.840 9.850E-01
  4535.412 9.868E-01
  4535.984 9.894E-01
  4536.556 9.932E-01
  4537.128 9.976E-01
  4537.700 9.990E-01
  4538.272 9.985E-01
  4538.844 9.956E-01
  4539.416 9.928E-01
  4539.988 9.908E-01
  4540.560 9.897E-01
  4541.132 9.891E-01
  4541.704 9.892E-01
  4542.276 9.898E-01
  4542.848 9.910E-01
  4543.420 9.926E-01
  4543.992 9.951E-01
  4544.564 9.983E-01
  4545.136 9.990E-01
  4545.708 9.989E-01
  4546.280 9.961E-01
  4546.852 9.844E-01
  4547.424 9.735E-01
  4547.996 9.660E-01
  4548.568 9.611E-01
  4549.140 9.586E-01
  4549.712 9.581E-01
  4550.284 9.597E-01
  4550.856 9.635E-01
  4551.428 9.702E-01
  4552.000 9.800E-01
  4552.572 9.902E-01
  4553.144 9.884E-01
  4553.716 9.831E-01
  4554.288 9.793E-01
  4554.860 9.773E-01
  4555.432 9.760E-01
  4556.004 9.723E-01
  4556.576 9.698E-01
  4557.148 9.696E-01
  4557.720 9.719E-01
  4558.292 9.763E-01
  4558.864 9.817E-01
  4559.436 9.852E-01
  4560.008 9.872E-01
  4560.580 9.893E-01
  4561.152 9.912E-01
  4561.724 9.944E-01
  4562.296 9.943E-01
  4562.868 9.931E-01
  4563.440 9.921E-01
  4564.012 9.915E-01
  4564.584 9.915E-01
  4565.156 9.919E-01
  4565.728 9.928E-01
  4566.300 9.945E-01
  4566.872 9.967E-01
  4567.444 9.975E-01
  4568.016 9.980E-01
  4568.588 9.984E-01
  4569.160 9.971E-01
  4569.732 9.949E-01
  4570.304 9.933E-01
  4570.876 9.924E-01
  4571.448 9.919E-01
  4572.020 9.916E-01
  4572.592 9.919E-01
  4573.164 9.920E-01
  4573.736 9.899E-01
  4574.308 9.890E-01
  4574.880 9.895E-01
  4575.452 9.899E-01
  4576.024 9.896E-01
  4576.596 9.893E-01
  4577.168 9.887E-01
  4577.740 9.884E-01
  4578.312 9.891E-01
  4578.884 9.910E-01
  4579.456 9.937E-01
  4580.028 9.920E-01
  4580.600 9.883E-01
  4581.172 9.791E-01
  4581.744 9.715E-01
  4582.316 9.671E-01
  4582.888 9.653E-01
  4583.460 9.650E-01
  4584.032 9.658E-01
  4584.604 9.684E-01
  4585.176 9.722E-01
  4585.748 9.752E-01
  4586.320 9.804E-01
  4586.892 9.871E-01
  4587.464 9.875E-01
  4588.036 9.866E-01
  4588.608 9.861E-01
  4589.180 9.853E-01
  4589.752 9.848E-01
  4590.324 9.858E-01
  4590.896 9.881E-01
  4591.468 9.912E-01
  4592.040 9.919E-01
  4592.612 9.924E-01
  4593.184 9.922E-01
  4593.756 9.918E-01
  4594.328 9.922E-01
  4594.900 9.934E-01
  4595.472 9.944E-01
  4596.044 9.940E-01
  4596.616 9.939E-01
  4597.188 9.942E-01
  4597.760 9.949E-01
  4598.332 9.961E-01
  4598.904 9.977E-01
  4599.476 9.988E-01
