  3980.000 9.972E-01
  3981.001 9.976E-01
  3982.002 9.979E-01
  3983.003 9.982E-01
  3984.004 9.984E-01
  3985.005 9.986E-01
  3986.006 9.988E-01
  3987.007 9.990E-01
  3988.008 9.991E-01
  3989.009 9.992E-01
  3990.010 9.993E-01
  3991.011 9.994E-01
  3992.012 9.994E-01
  3993.013 9.995E-01
  3994.014 9.995E-01
  3995.015 9.992E-01
  3996.016 9.990E-01
  3997.017 9.988E-01
  3998.018 9.987E-01
  3999.019 9.985E-01
  4000.020 9.981E-01
  4001.021 9.974E-01
  4002.022 9.969E-01
  4003.023 9.968E-01
  4004.024 9.968E-01
  4005.025 9.967E-01
  4006.026 9.967E-01
  4007.027 9.970E-01
  4008.028 9.977E-01
  4009.029 9.984E-01
  4010.030 9.990E-01
  4011.031 9.991E-01
  4012.032 9.991E-01
  4013.033 9.993E-01
  4014.034 9.994E-01
  4015.035 9.993E-01
  4016.036 9.992E-01
  4017.037 9.989E-01
  4018.038 9.985E-01
  4019.039 9.975E-01
  4020.040 9.948E-01
  4021.041 9.863E-01
  4022.042 9.644E-01
  4023.043 9.435E-01
  4024.044 9.293E-01
  4025.045 9.215E-01
  4026.046 9.197E-01
  4027.047 9.236E-01
  4028.048 9.334E-01
  4029.049 9.491E-01
  4030.050 9.700E-01
  4031.051 9.905E-01
  4032.052 9.957E-01
  4033.053 9.968E-01
  4034.054 9.973E-01
  4035.055 9.977E-01
  4036.056 9.981E-01
  4037.057 9.986E-01
  4038.058 9.991E-01
  4039.059 9.993E-01
  4040.060 9.993E-01
  4041.061 9.989E-01
  4042.062 9.987E-01
  4043.063 9.985E-01
  4044.064 9.985E-01
  4045.065 9.985E-01
  4046.066 9.987E-01
  4047.067 9.989E-01
  4048.068 9.991E-01
  4049.069 9.995E-01
  4050.070 1.000E+00
  4051.071 1.000E+00
  4052.072 9.998E-01
  4053.073 9.995E-01
  4054.074 9.992E-01
  4055.075 9.990E-01
  4056.076 9.991E-01
  4057.077 9.998E-01
  4058.078 1.000E+00
  4059.079 1.001E+00
  4060.080 1.001E+00
  4061.081 1.002E+00
  4062.082 1.002E+00
  4063.083 1.001E+00
  4064.084 9.962E-01
  4065.085 9.882E-01
  4066.086 9.785E-01
  4067.087 9.714E-01
  4068.088 9.666E-01
  4069.089 9.645E-01
  4070.090 9.647E-01
  4071.091 9.675E-01
  4072.092 9.718E-01
  4073.093 9.794E-01
  4074.094 9.865E-01
  4075.095 9.920E-01
  4076.096 9.932E-01
  4077.097 9.938E-01
  4078.098 9.942E-01
  4079.099 9.950E-01
  4080.100 9.961E-01
  4081.101 9.972E-01
  4082.102 9.972E-01
  4083.103 9.971E-01
  4084.104 9.943E-01
  4085.105 9.811E-01
  4086.106 9.724E-01
  4087.107 9.666E-01
  4088.108 9.633E-01
  4089.109 9.622E-01
  4090.110 9.634E-01
  4091.111 9.664E-01
  4092.112 9.713E-01
  4093.113 9.714E-01
  4094.114 9.693E-01
  4095.115 9.558E-01
  4096.116 9.344E-01
  4097.117 9.007E-01
  4098.118 8.572E-01
  4099.119 8.179E-01
  4100.120 7.931E-01
  4101.121 7.853E-01
  4102.122 7.955E-01
  4103.123 8.126E-01
  4104.124 8.412E-01
  4105.125 8.807E-01
  4106.126 9.251E-01
  4107.127 9.615E-01
  4108.128 9.820E-01
  4109.129 9.900E-01
  4110.130 9.933E-01
  4111.131 9.941E-01
  4112.132 9.848E-01
  4113.133 9.780E-01
  4114.134 9.736E-01
  4115.135 9.709E-01
  4116.136 9.685E-01
  4117.137 9.649E-01
  4118.138 9.644E-01
  4119.139 9.673E-01
  4120.140 9.739E-01
  4121.141 9.839E-01
  4122.142 9.858E-01
  4123.143 9.877E-01
  4124.144 9.908E-01
  4125.145 9.950E-01
  4126.146 9.990E-01
  4127.147 9.997E-01
  4128.148 9.998E-01
  4129.149 9.997E-01
  4130.150 9.998E-01
  4131.151 9.998E-01
  4132.152 9.999E-01
  4133.153 9.999E-01
  4134.154 1.000E+00
  4135.155 1.000E+00
  4136.156 1.000E+00
  4137.157 1.000E+00
  4138.158 1.000E+00
  4139.159 9.998E-01
  4140.160 9.995E-01
  4141.161 9.992E-01
  4142.162 9.990E-01
  4143.163 9.989E-01
  4144.164 9.989E-01
  4145.165 9.990E-01
  4146.166 9.990E-01
  4147.167 9.992E-01
  4148.168 9.994E-01
  4149.169 9.994E-01
  4150.170 9.992E-01
  4151.171 9.991E-01
  4152.172 9.988E-01
  4153.173 9.985E-01
  4154.174 9.984E-01
  4155.175 9.984E-01
  4156.176 9.984E-01
  4157.177 9.987E-01
  4158.178 9.989E-01
  4159.179 9.986E-01
  4160.180 9.985E-01
  4161.181 9.986E-01
  4162.182 9.987E-01
  4163.183 9.987E-01
  4164.184 9.987E-01
  4165.185 9.987E-01
  4166.186 9.988E-01
  4167.187 9.989E-01
  4168.188 9.990E-01
  4169.189 9.989E-01
  4170.190 9.988E-01
  4171.191 9.987E-01
  4172.192 9.987E-01
  4173.193 9.988E-01
  4174.194 9.991E-01
  4175.195 9.992E-01
  4176.196 9.995E-01
  4177.197 9.997E-01
  4178.198 9.997E-01
  4179.199 9.997E-01
  4180.200 9.994E-01
  4181.201 9.991E-01
  4182.202 9.982E-01
  4183.203 9.968E-01
  4184.204 9.959E-01
  4185.205 9.952E-01
  4186.206 9.946E-01
  4187.207 9.945E-01
  4188.208 9.947E-01
  4189.209 9.953E-01
  4190.210 9.960E-01
  4191.211 9.968E-01
  4192.212 9.973E-01
  4193.213 9.963E-01
  4194.214 9.931E-01
  4195.215 9.830E-01
  4196.216 9.686E-01
  4197.217 9.571E-01
  4198.218 9.495E-01
  4199.219 9.457E-01
  4200.220 9.457E-01
  4201.221 9.493E-01
  4202.222 9.565E-01
  4203.223 9.675E-01
  4204.224 9.818E-01
  4205.225 9.932E-01
  4206.226 9.972E-01
  4207.227 9.984E-01
  4208.228 9.972E-01
  4209.229 9.961E-01
  4210.230 9.953E-01
  4211.231 9.949E-01
  4212.232 9.947E-01
  4213.233 9.950E-01
  4214.234 9.955E-01
  4215.235 9.967E-01
  4216.236 9.984E-01
  4217.237 1.001E+00
  4218.238 1.001E+00
  4219.239 1.002E+00
  4220.240 1.002E+00
  4221.241 1.002E+00
  4222.242 1.001E+00
  4223.243 1.001E+00
  4224.244 1.001E+00
  4225.245 1.000E+00
  4226.246 1.000E+00
  4227.247 1.000E+00
  4228.248 1.000E+00
  4229.249 1.001E+00
  4230.250 1.001E+00
  4231.251 1.001E+00
  4232.252 1.001E+00
  4233.253 1.001E+00
  4234.254 1.001E+00
  4235.255 1.000E+00
  4236.256 1.000E+00
  4237.257 1.000E+00
  4238.258 9.999E-01
  4239.259 9.998E-01
  4240.260 9.999E-01
  4241.261 1.000E+00
  4242.262 1.000E+00
  4243.263 9.999E-01
  4244.264 9.997E-01
  4245.265 9.995E-01
  4246.266 9.996E-01
  4247.267 9.997E-01
  4248.268 9.999E-01
  4249.269 1.001E+00
  4250.270 1.003E+00
  4251.271 1.004E+00
  4252.272 1.005E+00
  4253.273 1.005E+00
  4254.274 1.005E+00
  4255.275 1.005E+00
  4256.276 1.004E+00
  4257.277 1.003E+00
  4258.278 1.002E+00
  4259.279 9.999E-01
  4260.280 9.998E-01
  4261.281 9.998E-01
  4262.282 9.998E-01
  4263.283 9.997E-01
  4264.284 9.996E-01
  4265.285 9.996E-01
  4266.286 9.996E-01
  4267.287 9.996E-01
  4268.288 9.997E-01
  4269.289 9.997E-01
  4270.290 9.997E-01
  4271.291 9.999E-01
  4272.292 1.000E+00
  4273.293 1.000E+00
  4274.294 1.000E+00
  4275.295 1.000E+00
  4276.296 1.000E+00
  4277.297 1.000E+00
  4278.298 1.000E+00
  4279.299 1.000E+00
  4280.300 1.000E+00
  4281.301 1.000E+00
  4282.302 1.000E+00
  4283.303 1.000E+00
  4284.304 1.000E+00
  4285.305 1.000E+00
  4286.306 9.999E-01
  4287.307 9.997E-01
  4288.308 9.996E-01
  4289.309 9.996E-01
  4290.310 9.996E-01
  4291.311 9.997E-01
  4292.312 9.999E-01
  4293.313 1.000E+00
  4294.314 1.000E+00
  4295.315 1.001E+00
  4296.316 1.001E+00
  4297.317 1.001E+00
  4298.318 1.001E+00
  4299.319 1.001E+00
  4300.320 1.001E+00
  4301.321 1.001E+00
  4302.322 1.001E+00
  4303.323 1.001E+00
  4304.324 1.001E+00
  4305.325 1.001E+00
  4306.326 1.000E+00
  4307.327 1.000E+00
  4308.328 9.999E-01
  4309.329 9.997E-01
  4310.330 9.996E-01
  4311.331 9.995E-01
  4312.332 9.994E-01
  4313.333 9.992E-01
  4314.334 9.991E-01
  4315.335 9.990E-01
  4316.336 9.989E-01
  4317.337 9.987E-01
  4318.338 9.987E-01
  4319.339 9.988E-01
  4320.340 9.988E-01
  4321.341 9.987E-01
  4322.342 9.986E-01
  4323.343 9.983E-01
  4324.344 9.979E-01
  4325.345 9.976E-01
  4326.346 9.971E-01
  4327.347 9.965E-01
  4328.348 9.957E-01
  4329.349 9.948E-01
  4330.350 9.936E-01
  4331.351 9.916E-01
  4332.352 9.879E-01
  4333.353 9.798E-01
  4334.354 9.622E-01
  4335.355 9.325E-01
  4336.356 8.904E-01
  4337.357 8.505E-01
  4338.358 8.218E-01
  4339.359 8.056E-01
  4340.360 8.020E-01
  4341.361 8.105E-01
  4342.362 8.315E-01
  4343.363 8.642E-01
  4344.364 9.036E-01
  4345.365 9.434E-01
  4346.366 9.709E-01
  4347.367 9.827E-01
  4348.368 9.880E-01
  4349.369 9.912E-01
  4350.370 9.933E-01
  4351.371 9.948E-01
  4352.372 9.957E-01
  4353.373 9.964E-01
  4354.374 9.970E-01
  4355.375 9.976E-01
  4356.376 9.981E-01
  4357.377 9.983E-01
  4358.378 9.985E-01
  4359.379 9.987E-01
  4360.380 9.989E-01
  4361.381 9.992E-01
  4362.382 9.993E-01
  4363.383 9.993E-01
  4364.384 9.993E-01
  4365.385 9.995E-01
  4366.386 9.996E-01
  4367.387 9.997E-01
  4368.388 9.997E-01
  4369.389 9.997E-01
  4370.390 9.997E-01
  4371.391 9.996E-01
  4372.392 9.996E-01
  4373.393 9.997E-01
  4374.394 1.000E+00
  4375.395 1.000E+00
  4376.396 1.001E+00
  4377.397 1.001E+00
  4378.398 1.001E+00
  4379.399 1.001E+00
  4380.400 1.001E+00
  4381.401 1.001E+00
  4382.402 1.000E+00
  4383.403 9.994E-01
  4384.404 9.988E-01
  4385.405 9.984E-01
  4386.406 9.985E-01
  4387.407 9.996E-01
  4388.408 1.001E+00
  4389.409 1.001E+00
  4390.410 1.002E+00
  4391.411 1.002E+00
  4392.412 1.002E+00
  4393.413 1.003E+00
  4394.414 1.002E+00
  4395.415 1.002E+00
  4396.416 1.001E+00
  4397.417 9.998E-01
  4398.418 9.998E-01
  4399.419 9.997E-01
  4400.420 9.996E-01
  4401.421 9.995E-01
  4402.422 9.992E-01
  4403.423 9.991E-01
  4404.424 9.995E-01
  4405.425 1.000E+00
  4406.426 1.001E+00
  4407.427 1.002E+00
  4408.428 1.002E+00
  4409.429 1.003E+00
  4410.430 1.004E+00
  4411.431 1.004E+00
  4412.432 1.004E+00
  4413.433 1.004E+00
  4414.434 1.003E+00
  4415.435 1.003E+00
  4416.436 1.002E+00
  4417.437 1.002E+00
  4418.438 1.001E+00
  4419.439 1.001E+00
  4420.440 1.000E+00
  4421.441 1.000E+00
  4422.442 1.000E+00
  4423.443 1.000E+00
  4424.444 1.001E+00
  4425.445 1.001E+00
  4426.446 1.002E+00
  4427.447 1.003E+00
  4428.448 1.003E+00
  4429.449 1.003E+00
  4430.450 1.003E+00
  4431.451 1.002E+00
  4432.452 1.002E+00
  4433.453 1.001E+00
  4434.454 1.000E+00
  4435.455 9.998E-01
  4436.456 9.993E-01
  4437.457 9.988E-01
  4438.458 9.986E-01
  4439.459 9.986E-01
  4440.460 9.986E-01
  4441.461 9.988E-01
  4442.462 9.990E-01
  4443.463 9.991E-01
  4444.464 9.994E-01
  4445.465 9.998E-01
  4446.466 1.000E+00
  4447.467 1.000E+00
  4448.468 9.997E-01
  4449.469 9.994E-01
  4450.470 9.991E-01
  4451.471 9.989E-01
  4452.472 9.990E-01
  4453.473 9.992E-01
  4454.474 9.994E-01
  4455.475 9.997E-01
  4456.476 1.000E+00
  4457.477 1.000E+00
  4458.478 1.000E+00
  4459.479 1.000E+00
  4460.480 1.000E+00
  4461.481 1.000E+00
  4462.482 1.000E+00
  4463.483 1.001E+00
  4464.484 1.001E+00
  4465.485 9.996E-01
  4466.486 9.911E-01
  4467.487 9.725E-01
  4468.488 9.593E-01
  4469.489 9.504E-01
  4470.490 9.451E-01
  4471.491 9.432E-01
  4472.492 9.447E-01
  4473.493 9.496E-01
  4474.494 9.581E-01
  4475.495 9.707E-01
  4476.496 9.879E-01
  4477.497 9.973E-01
  4478.498 9.979E-01
  4479.499 9.978E-01
  4480.500 9.977E-01
  4481.501 9.978E-01
  4482.502 9.980E-01
  4483.503 9.988E-01
  4484.504 9.996E-01
  4485.505 1.001E+00
  4486.506 1.001E+00
  4487.507 1.002E+00
  4488.508 1.002E+00
  4489.509 1.001E+00
  4490.510 1.001E+00
  4491.511 1.001E+00
  4492.512 1.001E+00
  4493.513 1.000E+00
  4494.514 1.000E+00
  4495.515 1.000E+00
  4496.516 1.000E+00
  4497.517 1.000E+00
  4498.518 1.000E+00
  4499.519 1.000E+00
  4500.520 1.000E+00
  4501.521 9.999E-01
  4502.522 9.996E-01
  4503.523 9.995E-01
  4504.524 9.994E-01
  4505.525 9.992E-01
  4506.526 9.971E-01
  4507.527 9.956E-01
  4508.528 9.945E-01
  4509.529 9.934E-01
  4510.530 9.904E-01
  4511.531 9.886E-01
  4512.532 9.874E-01
  4513.533 9.866E-01
  4514.534 9.868E-01
  4515.535 9.881E-01
  4516.536 9.904E-01
  4517.537 9.916E-01
  4518.538 9.929E-01
  4519.539 9.945E-01
  4520.540 9.966E-01
  4521.541 9.969E-01
  4522.542 9.973E-01
  4523.543 9.979E-01
  4524.544 9.978E-01
  4525.545 9.978E-01
  4526.546 9.977E-01
  4527.547 9.979E-01
  4528.548 9.983E-01
  4529.549 9.983E-01
  4530.550 9.977E-01
  4531.551 9.973E-01
  4532.552 9.969E-01
  4533.553 9.964E-01
  4534.554 9.954E-01
  4535.555 9.920E-01
  4536.556 9.813E-01
  4537.557 9.658E-01
  4538.558 9.534E-01
  4539.559 9.450E-01
  4540.560 9.399E-01
  4541.561 9.381E-01
  4542.562 9.398E-01
  4543.563 9.452E-01
  4544.564 9.542E-01
  4545.565 9.671E-01
  4546.566 9.828E-01
  4547.567 9.933E-01
  4548.568 9.967E-01
  4549.569 9.980E-01
  4550.570 9.987E-01
  4551.571 9.990E-01
  4552.572 9.993E-01
  4553.573 9.994E-01
  4554.574 9.995E-01
  4555.575 9.996E-01
  4556.576 9.997E-01
  4557.577 9.998E-01
  4558.578 9.999E-01
  4559.579 1.000E+00
  4560.580 1.000E+00
  4561.581 1.000E+00
  4562.582 1.000E+00
  4563.583 9.999E-01
  4564.584 9.989E-01
  4565.585 9.980E-01
  4566.586 9.974E-01
  4567.587 9.970E-01
  4568.588 9.968E-01
  4569.589 9.968E-01
  4570.590 9.970E-01
  4571.591 9.974E-01
  4572.592 9.980E-01
  4573.593 9.988E-01
  4574.594 9.999E-01
  4575.595 1.000E+00
  4576.596 1.000E+00
  4577.597 1.000E+00
  4578.598 1.000E+00
  4579.599 1.000E+00
  4580.600 1.000E+00
  4581.601 1.000E+00
  4582.602 9.999E-01
  4583.603 9.996E-01
  4584.604 9.994E-01
  4585.605 9.991E-01
  4586.606 9.987E-01
  4587.607 9.983E-01
  4588.608 9.981E-01
  4589.609 9.980E-01
  4590.610 9.980E-01
  4591.611 9.980E-01
  4592.612 9.980E-01
  4593.613 9.980E-01
  4594.614 9.980E-01
  4595.615 9.981E-01
  4596.616 9.984E-01
  4597.617 9.986E-01
  4598.618 9.987E-01
  4599.619 9.988E-01
