  3980.000 9.985E-01
  3980.858 9.988E-01
  3981.716 9.990E-01
  3982.574 9.991E-01
  3983.432 9.992E-01
  3984.290 9.993E-01
  3985.148 9.994E-01
  3986.006 9.995E-01
  3986.864 9.995E-01
  3987.722 9.995E-01
  3988.580 9.995E-01
  3989.438 9.995E-01
  3990.296 9.995E-01
  3991.154 9.995E-01
  3992.012 9.995E-01
  3992.870 9.994E-01
  3993.728 9.995E-01
  3994.586 9.995E-01
  3995.444 9.994E-01
  3996.302 9.994E-01
  3997.160 9.994E-01
  3998.018 9.994E-01
  3998.876 9.995E-01
  3999.734 9.995E-01
  4000.592 9.995E-01
  4001.450 9.993E-01
  4002.308 9.991E-01
  4003.166 9.990E-01
  4004.024 9.989E-01
  4004.882 9.989E-01
  4005.740 9.991E-01
  4006.598 9.994E-01
  4007.456 9.998E-01
  4008.314 1.000E+00
  4009.172 1.000E+00
  4010.030 1.000E+00
  4010.888 1.000E+00
  4011.746 1.000E+00
  4012.604 1.000E+00
  4013.462 9.998E-01
  4014.320 9.997E-01
  4015.178 9.997E-01
  4016.036 9.996E-01
  4016.894 9.995E-01
  4017.752 9.993E-01
  4018.610 9.990E-01
  4019.468 9.985E-01
  4020.326 9.970E-01
  4021.184 9.922E-01
  4022.042 9.781E-01
  4022.900 9.580E-01
  4023.758 9.429E-01
  4024.616 9.337E-01
  4025.474 9.297E-01
  4026.332 9.310E-01
  4027.190 9.375E-01
  4028.048 9.492E-01
  4028.906 9.663E-01
  4029.764 9.851E-01
  4030.622 9.955E-01
  4031.480 9.978E-01
  4032.338 9.984E-01
  4033.196 9.987E-01
  4034.054 9.990E-01
  4034.912 9.991E-01
  4035.770 9.993E-01
  4036.628 9.995E-01
  4037.486 9.997E-01
  4038.344 9.997E-01
  4039.202 9.998E-01
  4040.060 9.997E-01
  4040.918 9.997E-01
  4041.776 9.996E-01
  4042.634 9.995E-01
  4043.492 9.994E-01
  4044.350 9.994E-01
  4045.208 9.994E-01
  4046.066 9.995E-01
  4046.924 9.995E-01
  4047.782 9.996E-01
  4048.640 9.998E-01
  4049.498 9.999E-01
  4050.356 9.999E-01
  4051.214 1.000E+00
  4052.072 1.000E+00
  4052.930 1.000E+00
  4053.788 1.001E+00
  4054.646 1.002E+00
  4055.504 1.003E+00
  4056.362 1.004E+00
  4057.220 1.004E+00
  4058.078 1.004E+00
  4058.936 1.004E+00
  4059.794 1.003E+00
  4060.652 1.002E+00
  4061.510 1.001E+00
  4062.368 1.000E+00
  4063.226 9.999E-01
  4064.084 9.986E-01
  4064.942 9.955E-01
  4065.800 9.911E-01
  4066.658 9.855E-01
  4067.516 9.811E-01
  4068.374 9.785E-01
  4069.232 9.775E-01
  4070.090 9.782E-01
  4070.948 9.806E-01
  4071.806 9.850E-01
  4072.664 9.901E-01
  4073.522 9.945E-01
  4074.380 9.983E-01
  4075.238 9.991E-01
  4076.096 9.993E-01
  4076.954 9.994E-01
  4077.812 9.992E-01
  4078.670 9.990E-01
  4079.528 9.989E-01
  4080.386 9.987E-01
  4081.244 9.986E-01
  4082.102 9.986E-01
  4082.960 9.986E-01
  4083.818 9.987E-01
  4084.676 9.976E-01
  4085.534 9.899E-01
  4086.392 9.841E-01
  4087.250 9.803E-01
  4088.108 9.781E-01
  4088.966 9.774E-01
  4089.824 9.781E-01
  4090.682 9.801E-01
  4091.540 9.836E-01
  4092.398 9.889E-01
  4093.256 9.931E-01
  4094.114 9.853E-01
  4094.972 9.769E-01
  4095.830 9.643E-01
  4096.688 9.425E-01
  4097.546 9.103E-01
  4098.404 8.663E-01
  4099.262 8.255E-01
  4100.120 7.968E-01
  4100.978 7.858E-01
  4101.836 7.904E-01
  4102.694 8.059E-01
  4103.552 8.357E-01
  4104.410 8.763E-01
  4105.268 9.201E-01
  4106.126 9.589E-01
  4106.984 9.809E-01
  4107.842 9.908E-01
  4108.700 9.943E-01
  4109.558 9.960E-01
  4110.416 9.971E-01
  4111.274 9.976E-01
  4112.132 9.958E-01
  4112.990 9.911E-01
  4113.848 9.878E-01
  4114.706 9.858E-01
  4115.564 9.848E-01
  4116.422 9.848E-01
  4117.280 9.850E-01
  4118.138 9.861E-01
  4118.996 9.886E-01
  4119.854 9.927E-01
  4120.712 9.964E-01
  4121.570 9.968E-01
  4122.428 9.971E-01
  4123.286 9.975E-01
  4124.144 9.984E-01
  4125.002 9.996E-01
  4125.860 1.000E+00
  4126.718 1.000E+00
  4127.576 1.000E+00
  4128.434 1.000E+00
  4129.292 1.000E+00
  4130.150 1.000E+00
  4131.008 1.000E+00
  4131.866 1.000E+00
  4132.724 1.000E+00
  4133.582 1.000E+00
  4134.440 1.000E+00
  4135.298 1.000E+00
  4136.156 1.000E+00
  4137.014 1.000E+00
  4137.872 1.000E+00
  4138.730 1.000E+00
  4139.588 1.000E+00
  4140.446 1.001E+00
  4141.304 1.001E+00
  4142.162 1.001E+00
  4143.020 1.001E+00
  4143.878 1.001E+00
  4144.736 1.001E+00
  4145.594 1.001E+00
  4146.452 1.001E+00
  4147.310 1.000E+00
  4148.168 1.000E+00
  4149.026 1.000E+00
  4149.884 1.000E+00
  4150.742 1.000E+00
  4151.600 1.000E+00
  4152.458 1.000E+00
  4153.316 1.000E+00
  4154.174 1.000E+00
  4155.032 1.000E+00
  4155.890 1.000E+00
  4156.748 1.000E+00
  4157.606 1.000E+00
  4158.464 1.000E+00
  4159.322 1.000E+00
  4160.180 1.000E+00
  4161.038 1.000E+00
  4161.896 1.000E+00
  4162.754 1.000E+00
  4163.612 9.999E-01
  4164.470 9.998E-01
  4165.328 9.998E-01
  4166.186 9.997E-01
  4167.044 9.997E-01
  4167.902 9.996E-01
  4168.760 9.994E-01
  4169.618 9.993E-01
  4170.476 9.993E-01
  4171.334 9.994E-01
  4172.192 9.993E-01
  4173.050 9.993E-01
  4173.908 9.994E-01
  4174.766 9.995E-01
  4175.624 9.996E-01
  4176.482 9.998E-01
  4177.340 9.998E-01
  4178.198 9.998E-01
  4179.056 9.999E-01
  4179.914 1.000E+00
  4180.772 9.999E-01
  4181.630 9.998E-01
  4182.488 9.998E-01
  4183.346 9.997E-01
  4184.204 9.996E-01
  4185.062 9.995E-01
  4185.920 9.995E-01
  4186.778 9.996E-01
  4187.636 9.996E-01
  4188.494 9.997E-01
  4189.352 9.997E-01
  4190.210 9.997E-01
  4191.068 9.996E-01
  4191.926 9.994E-01
  4192.784 9.992E-01
  4193.642 9.985E-01
  4194.500 9.967E-01
  4195.358 9.899E-01
  4196.216 9.725E-01
  4197.074 9.548E-01
  4197.932 9.419E-01
  4198.790 9.340E-01
  4199.648 9.308E-01
  4200.506 9.323E-01
  4201.364 9.385E-01
  4202.222 9.497E-01
  4203.080 9.660E-01
  4203.938 9.849E-01
  4204.796 9.950E-01
  4205.654 9.979E-01
  4206.512 9.988E-01
  4207.370 9.992E-01
  4208.228 9.990E-01
  4209.086 9.975E-01
  4209.944 9.964E-01
  4210.802 9.957E-01
  4211.660 9.954E-01
  4212.518 9.953E-01
  4213.376 9.956E-01
  4214.234 9.961E-01
  4215.092 9.970E-01
  4215.950 9.984E-01
  4216.808 1.000E+00
  4217.666 1.001E+00
  4218.524 1.001E+00
  4219.382 1.001E+00
  4220.240 1.001E+00
  4221.098 1.001E+00
  4221.956 1.001E+00
  4222.814 1.000E+00
  4223.672 1.000E+00
  4224.530 1.000E+00
  4225.388 9.999E-01
  4226.246 9.999E-01
  4227.104 9.999E-01
  4227.962 1.000E+00
  4228.820 1.000E+00
  4229.678 1.000E+00
  4230.536 1.000E+00
  4231.394 1.000E+00
  4232.252 1.000E+00
  4233.110 1.000E+00
  4233.968 9.999E-01
  4234.826 9.997E-01
  4235.684 9.995E-01
  4236.542 9.993E-01
  4237.400 9.993E-01
  4238.258 9.994E-01
  4239.116 9.996E-01
  4239.974 9.998E-01
  4240.832 9.999E-01
  4241.690 9.999E-01
  4242.548 9.999E-01
  4243.406 1.000E+00
  4244.264 9.999E-01
  4245.122 9.999E-01
  4245.980 1.000E+00
  4246.838 1.000E+00
  4247.696 1.000E+00
  4248.554 1.000E+00
  4249.412 1.001E+00
  4250.270 1.001E+00
  4251.128 1.001E+00
  4251.986 1.001E+00
  4252.844 1.001E+00
  4253.702 1.001E+00
  4254.560 1.001E+00
  4255.418 1.000E+00
  4256.276 1.000E+00
  4257.134 1.000E+00
  4257.992 9.999E-01
  4258.850 9.998E-01
  4259.708 9.997E-01
  4260.566 9.997E-01
  4261.424 9.996E-01
  4262.282 9.996E-01
  4263.140 9.996E-01
  4263.998 9.997E-01
  4264.856 9.998E-01
  4265.714 9.998E-01
  4266.572 9.999E-01
  4267.430 9.999E-01
  4268.288 9.999E-01
  4269.146 9.999E-01
  4270.004 1.000E+00
  4270.862 9.999E-01
  4271.720 9.999E-01
  4272.578 9.998E-01
  4273.436 9.997E-01
  4274.294 9.997E-01
  4275.152 9.996E-01
  4276.010 9.995E-01
  4276.868 9.995E-01
  4277.726 9.995E-01
  4278.584 9.996E-01
  4279.442 9.997E-01
  4280.300 9.998E-01
  4281.158 9.999E-01
  4282.016 9.999E-01
  4282.874 1.000E+00
  4283.732 9.999E-01
  4284.590 9.998E-01
  4285.448 9.997E-01
  4286.306 9.996E-01
  4287.164 9.996E-01
  4288.022 9.996E-01
  4288.880 9.996E-01
  4289.738 9.996E-01
  4290.596 9.997E-01
  4291.454 9.997E-01
  4292.312 9.998E-01
  4293.170 9.999E-01
  4294.028 1.000E+00
  4294.886 1.000E+00
  4295.744 1.000E+00
  4296.602 1.000E+00
  4297.460 1.000E+00
  4298.318 1.000E+00
  4299.176 1.000E+00
  4300.034 1.000E+00
  4300.892 1.000E+00
  4301.750 9.999E-01
  4302.608 9.998E-01
  4303.466 9.998E-01
  4304.324 9.998E-01
  4305.182 9.998E-01
  4306.040 9.998E-01
  4306.898 9.998E-01
  4307.756 9.998E-01
  4308.614 9.998E-01
  4309.472 9.998E-01
  4310.330 9.997E-01
  4311.188 9.998E-01
  4312.046 9.998E-01
  4312.904 9.998E-01
  4313.762 9.998E-01
  4314.620 9.998E-01
  4315.478 9.998E-01
  4316.336 9.998E-01
  4317.194 9.998E-01
  4318.052 9.997E-01
  4318.910 9.997E-01
  4319.768 9.997E-01
  4320.626 9.996E-01
  4321.484 9.996E-01
  4322.342 9.996E-01
  4323.200 9.996E-01
  4324.058 9.996E-01
  4324.916 9.997E-01
  4325.774 9.997E-01
  4326.632 9.996E-01
  4327.490 9.993E-01
  4328.348 9.990E-01
  4329.206 9.985E-01
  4330.064 9.978E-01
  4330.922 9.969E-01
  4331.780 9.955E-01
  4332.638 9.932E-01
  4333.496 9.888E-01
  4334.354 9.768E-01
  4335.212 9.539E-01
  4336.070 9.199E-01
  4336.928 8.749E-01
  4337.786 8.321E-01
  4338.644 8.019E-01
  4339.502 7.859E-01
  4340.360 7.839E-01
  4341.218 7.959E-01
  4342.076 8.223E-01
  4342.934 8.612E-01
  4343.792 9.028E-01
  4344.650 9.441E-01
  4345.508 9.733E-01
  4346.366 9.863E-01
  4347.224 9.916E-01
  4348.082 9.944E-01
  4348.940 9.961E-01
  4349.798 9.971E-01
  4350.656 9.978E-01
  4351.514 9.982E-01
  4352.372 9.985E-01
  4353.230 9.986E-01
  4354.088 9.986E-01
  4354.946 9.987E-01
  4355.804 9.988E-01
  4356.662 9.989E-01
  4357.520 9.991E-01
  4358.378 9.992E-01
  4359.236 9.993E-01
  4360.094 9.994E-01
  4360.952 9.996E-01
  4361.810 9.997E-01
  4362.668 9.997E-01
  4363.526 9.998E-01
  4364.384 9.998E-01
  4365.242 9.998E-01
  4366.100 9.999E-01
  4366.958 1.000E+00
  4367.816 1.000E+00
  4368.674 1.000E+00
  4369.532 1.000E+00
  4370.390 1.000E+00
  4371.248 1.000E+00
  4372.106 9.999E-01
  4372.964 9.998E-01
  4373.822 9.998E-01
  4374.680 9.998E-01
  4375.538 9.996E-01
  4376.396 9.996E-01
  4377.254 9.995E-01
  4378.112 9.995E-01
  4378.970 9.995E-01
  4379.828 9.995E-01
  4380.686 9.996E-01
  4381.544 9.996E-01
  4382.402 9.996E-01
  4383.260 9.998E-01
  4384.118 1.000E+00
  4384.976 1.001E+00
  4385.834 1.001E+00
  4386.692 1.001E+00
  4387.550 1.002E+00
  4388.408 1.002E+00
  4389.266 1.002E+00
  4390.124 1.002E+00
  4390.982 1.002E+00
  4391.840 1.002E+00
  4392.698 1.001E+00
  4393.556 1.001E+00
  4394.414 1.001E+00
  4395.272 1.001E+00
  4396.130 1.000E+00
  4396.988 1.000E+00
  4397.846 1.000E+00
  4398.704 1.000E+00
  4399.562 1.000E+00
  4400.420 9.997E-01
  4401.278 9.995E-01
  4402.136 9.994E-01
  4402.994 9.993E-01
  4403.852 9.993E-01
  4404.710 9.993E-01
  4405.568 9.997E-01
  4406.426 1.000E+00
  4407.284 1.000E+00
  4408.142 1.001E+00
  4409.000 1.001E+00
  4409.858 1.001E+00
  4410.716 1.001E+00
  4411.574 1.001E+00
  4412.432 1.001E+00
  4413.290 1.001E+00
  4414.148 1.001E+00
  4415.006 1.001E+00
  4415.864 1.001E+00
  4416.722 1.001E+00
  4417.580 1.001E+00
  4418.438 1.000E+00
  4419.296 1.000E+00
  4420.154 1.000E+00
  4421.012 1.000E+00
  4421.870 1.000E+00
  4422.728 1.000E+00
  4423.586 1.000E+00
  4424.444 1.000E+00
  4425.302 1.000E+00
  4426.160 1.001E+00
  4427.018 1.001E+00
  4427.876 1.001E+00
  4428.734 1.001E+00
  4429.592 1.001E+00
  4430.450 1.001E+00
  4431.308 1.001E+00
  4432.166 1.001E+00
  4433.024 1.000E+00
  4433.882 1.000E+00
  4434.740 1.000E+00
  4435.598 9.999E-01
  4436.456 9.994E-01
  4437.314 9.982E-01
  4438.172 9.968E-01
  4439.030 9.958E-01
  4439.888 9.952E-01
  4440.746 9.949E-01
  4441.604 9.949E-01
  4442.462 9.952E-01
  4443.320 9.958E-01
  4444.178 9.969E-01
  4445.036 9.985E-01
  4445.894 9.999E-01
  4446.752 1.000E+00
  4447.610 1.000E+00
  4448.468 1.000E+00
  4449.326 9.999E-01
  4450.184 9.997E-01
  4451.042 9.996E-01
  4451.900 9.995E-01
  4452.758 9.995E-01
  4453.616 9.996E-01
  4454.474 9.997E-01
  4455.332 9.999E-01
  4456.190 1.000E+00
  4457.048 1.000E+00
  4457.906 1.000E+00
  4458.764 1.000E+00
  4459.622 1.000E+00
  4460.480 1.000E+00
  4461.338 1.000E+00
  4462.196 1.000E+00
  4463.054 1.000E+00
  4463.912 1.000E+00
  4464.770 1.000E+00
  4465.628 9.998E-01
  4466.486 9.990E-01
  4467.344 9.918E-01
  4468.202 9.810E-01
  4469.060 9.734E-01
  4469.918 9.684E-01
  4470.776 9.656E-01
  4471.634 9.649E-01
  4472.492 9.662E-01
  4473.350 9.696E-01
  4474.208 9.751E-01
  4475.066 9.834E-01
  4475.924 9.951E-01
  4476.782 9.993E-01
  4477.640 9.994E-01
  4478.498 9.993E-01
  4479.356 9.992E-01
  4480.214 9.992E-01
  4481.072 9.993E-01
  4481.930 9.993E-01
  4482.788 9.994E-01
  4483.646 9.995E-01
  4484.504 9.998E-01
  4485.362 1.000E+00
  4486.220 1.000E+00
  4487.078 1.000E+00
  4487.936 1.000E+00
  4488.794 1.000E+00
  4489.652 1.000E+00
  4490.510 1.000E+00
  4491.368 1.000E+00
  4492.226 1.000E+00
  4493.084 1.000E+00
  4493.942 1.000E+00
  4494.800 1.000E+00
  4495.658 1.000E+00
  4496.516 1.000E+00
  4497.374 1.000E+00
  4498.232 9.999E-01
  4499.090 9.996E-01
  4499.948 9.994E-01
  4500.806 9.993E-01
  4501.664 9.991E-01
  4502.522 9.990E-01
  4503.380 9.989E-01
  4504.238 9.990E-01
  4505.096 9.992E-01
  4505.954 9.993E-01
  4506.812 9.991E-01
  4507.670 9.985E-01
  4508.528 9.980E-01
  4509.386 9.977E-01
  4510.244 9.973E-01
  4511.102 9.962E-01
  4511.960 9.955E-01
  4512.818 9.952E-01
  4513.676 9.953E-01
  4514.534 9.956E-01
  4515.392 9.963E-01
  4516.250 9.967E-01
  4517.108 9.971E-01
  4517.966 9.976E-01
  4518.824 9.985E-01
  4519.682 9.992E-01
  4520.540 9.991E-01
  4521.398 9.990E-01
  4522.256 9.991E-01
  4523.114 9.992E-01
  4523.972 9.993E-01
  4524.830 9.994E-01
  4525.688 9.994E-01
  4526.546 9.995E-01
  4527.404 9.996E-01
  4528.262 9.998E-01
  4529.120 9.997E-01
  4529.978 9.996E-01
  4530.836 9.994E-01
  4531.694 9.993E-01
  4532.552 9.991E-01
  4533.410 9.989E-01
  4534.268 9.986E-01
  4535.126 9.978E-01
  4535.984 9.955E-01
  4536.842 9.873E-01
  4537.700 9.681E-01
  4538.558 9.495E-01
  4539.416 9.357E-01
  4540.274 9.266E-01
  4541.132 9.222E-01
  4541.990 9.224E-01
  4542.848 9.273E-01
  4543.706 9.367E-01
  4544.564 9.509E-01
  4545.422 9.698E-01
  4546.280 9.885E-01
  4547.138 9.962E-01
  4547.996 9.984E-01
  4548.854 9.991E-01
  4549.712 9.994E-01
  4550.570 9.993E-01
  4551.428 9.992E-01
  4552.286 9.993E-01
  4553.144 9.993E-01
  4554.002 9.991E-01
  4554.860 9.989E-01
  4555.718 9.988E-01
  4556.576 9.988E-01
  4557.434 9.988E-01
  4558.292 9.989E-01
  4559.150 9.991E-01
  4560.008 9.991E-01
  4560.866 9.993E-01
  4561.724 9.995E-01
  4562.582 9.998E-01
  4563.440 9.999E-01
  4564.298 9.998E-01
  4565.156 9.988E-01
  4566.014 9.978E-01
  4566.872 9.971E-01
  4567.730 9.966E-01
  4568.588 9.963E-01
  4569.446 9.963E-01
  4570.304 9.964E-01
  4571.162 9.968E-01
  4572.020 9.974E-01
  4572.878 9.983E-01
  4573.736 9.995E-01
  4574.594 1.000E+00
  4575.452 1.000E+00
  4576.310 1.000E+00
  4577.168 1.000E+00
  4578.026 1.000E+00
  4578.884 1.000E+00
  4579.742 1.000E+00
  4580.600 1.000E+00
  4581.458 1.000E+00
  4582.316 1.000E+00
  4583.174 9.999E-01
  4584.032 9.995E-01
  4584.890 9.992E-01
  4585.748 9.990E-01
  4586.606 9.989E-01
  4587.464 9.988E-01
  4588.322 9.986E-01
  4589.180 9.985E-01
  4590.038 9.985E-01
  4590.896 9.987E-01
  4591.754 9.990E-01
  4592.612 9.993E-01
  4593.470 9.994E-01
  4594.328 9.995E-01
  4595.186 9.995E-01
  4596.044 9.997E-01
  4596.902 9.999E-01
  4597.760 9.999E-01
  4598.618 9.999E-01
  4599.476 9.999E-01
