  3980.000 9.985E-01
  3980.286 9.986E-01
  3980.572 9.987E-01
  3980.858 9.988E-01
  3981.144 9.988E-01
  3981.430 9.989E-01
  3981.716 9.990E-01
  3982.002 9.990E-01
  3982.288 9.991E-01
  3982.574 9.992E-01
  3982.860 9.992E-01
  3983.146 9.993E-01
  3983.432 9.993E-01
  3983.718 9.993E-01
  3984.004 9.993E-01
  3984.290 9.994E-01
  3984.576 9.994E-01
  3984.862 9.994E-01
  3985.148 9.995E-01
  3985.434 9.995E-01
  3985.720 9.995E-01
  3986.006 9.995E-01
  3986.292 9.995E-01
  3986.578 9.996E-01
  3986.864 9.996E-01
  3987.150 9.996E-01
  3987.436 9.996E-01
  3987.722 9.996E-01
  3988.008 9.996E-01
  3988.294 9.995E-01
  3988.580 9.995E-01
  3988.866 9.994E-01
  3989.152 9.994E-01
  3989.438 9.994E-01
  3989.724 9.994E-01
  3990.010 9.994E-01
  3990.296 9.994E-01
  3990.582 9.994E-01
  3990.868 9.995E-01
  3991.154 9.995E-01
  3991.440 9.995E-01
  3991.726 9.995E-01
  3992.012 9.996E-01
  3992.298 9.996E-01
  3992.584 9.997E-01
  3992.870 9.998E-01
  3993.156 9.998E-01
  3993.442 9.998E-01
  3993.728 9.997E-01
  3994.014 9.994E-01
  3994.300 9.992E-01
  3994.586 9.991E-01
  3994.872 9.990E-01
  3995.158 9.990E-01
  3995.444 9.990E-01
  3995.730 9.992E-01
  3996.016 9.994E-01
  3996.302 9.996E-01
  3996.588 9.998E-01
  3996.874 9.998E-01
  3997.160 9.998E-01
  3997.446 9.997E-01
  3997.732 9.995E-01
  3998.018 9.993E-01
  3998.304 9.992E-01
  3998.590 9.991E-01
  3998.876 9.991E-01
  3999.162 9.992E-01
  3999.448 9.993E-01
  3999.734 9.995E-01
  4000.020 9.997E-01
  4000.306 9.998E-01
  4000.592 9.998E-01
  4000.878 9.998E-01
  4001.164 9.998E-01
  4001.450 9.998E-01
  4001.736 9.998E-01
  4002.022 9.998E-01
  4002.308 9.996E-01
  4002.594 9.994E-01
  4002.880 9.992E-01
  4003.166 9.991E-01
  4003.452 9.990E-01
  4003.738 9.987E-01
  4004.024 9.981E-01
  4004.310 9.977E-01
  4004.596 9.975E-01
  4004.882 9.975E-01
  4005.168 9.976E-01
  4005.454 9.978E-01
  4005.740 9.981E-01
  4006.026 9.986E-01
  4006.312 9.992E-01
  4006.598 9.997E-01
  4006.884 9.999E-01
  4007.170 9.999E-01
  4007.456 9.999E-01
  4007.742 1.000E+00
  4008.028 1.000E+00
  4008.314 1.001E+00
  4008.600 1.001E+00
  4008.886 1.001E+00
  4009.172 1.002E+00
  4009.458 1.002E+00
  4009.744 1.001E+00
  4010.030 1.001E+00
  4010.316 1.001E+00
  4010.602 1.000E+00
  4010.888 9.999E-01
  4011.174 9.998E-01
  4011.460 9.997E-01
  4011.746 9.997E-01
  4012.032 9.997E-01
  4012.318 9.996E-01
  4012.604 9.997E-01
  4012.890 9.997E-01
  4013.176 9.997E-01
  4013.462 9.997E-01
  4013.748 9.998E-01
  4014.034 9.998E-01
  4014.320 9.998E-01
  4014.606 9.998E-01
  4014.892 9.997E-01
  4015.178 9.997E-01
  4015.464 9.997E-01
  4015.750 9.997E-01
  4016.036 9.997E-01
  4016.322 9.996E-01
  4016.608 9.996E-01
  4016.894 9.996E-01
  4017.180 9.996E-01
  4017.466 9.995E-01
  4017.752 9.995E-01
  4018.038 9.995E-01
  4018.324 9.994E-01
  4018.610 9.993E-01
  4018.896 9.993E-01
  4019.182 9.992E-01
  4019.468 9.991E-01
  4019.754 9.990E-01
  4020.040 9.988E-01
  4020.326 9.986E-01
  4020.612 9.984E-01
  4020.898 9.981E-01
  4021.184 9.978E-01
  4021.470 9.974E-01
  4021.756 9.969E-01
  4022.042 9.962E-01
  4022.328 9.953E-01
  4022.614 9.938E-01
  4022.900 9.918E-01
  4023.186 9.886E-01
  4023.472 9.833E-01
  4023.758 9.745E-01
  4024.044 9.599E-01
  4024.330 9.386E-01
  4024.616 9.124E-01
  4024.902 8.838E-01
  4025.188 8.571E-01
  4025.474 8.395E-01
  4025.760 8.342E-01
  4026.046 8.411E-01
  4026.332 8.590E-01
  4026.618 8.851E-01
  4026.904 9.147E-01
  4027.190 9.430E-01
  4027.476 9.666E-01
  4027.762 9.819E-01
  4028.048 9.892E-01
  4028.334 9.925E-01
  4028.620 9.944E-01
  4028.906 9.956E-01
  4029.192 9.965E-01
  4029.478 9.971E-01
  4029.764 9.976E-01
  4030.050 9.980E-01
  4030.336 9.982E-01
  4030.622 9.984E-01
  4030.908 9.985E-01
  4031.194 9.986E-01
  4031.480 9.987E-01
  4031.766 9.988E-01
  4032.052 9.988E-01
  4032.338 9.986E-01
  4032.624 9.983E-01
  4032.910 9.981E-01
  4033.196 9.980E-01
  4033.482 9.980E-01
  4033.768 9.981E-01
  4034.054 9.982E-01
  4034.340 9.986E-01
  4034.626 9.991E-01
  4034.912 9.996E-01
  4035.198 9.999E-01
  4035.484 1.000E+00
  4035.770 1.000E+00
  4036.056 1.000E+00
  4036.342 1.000E+00
  4036.628 1.000E+00
  4036.914 9.998E-01
  4037.200 9.997E-01
  4037.486 9.995E-01
  4037.772 9.995E-01
  4038.058 9.995E-01
  4038.344 9.995E-01
  4038.630 9.995E-01
  4038.916 9.996E-01
  4039.202 9.997E-01
  4039.488 9.998E-01
  4039.774 9.999E-01
  4040.060 9.999E-01
  4040.346 9.999E-01
  4040.632 9.998E-01
  4040.918 9.998E-01
  4041.204 9.998E-01
  4041.490 9.998E-01
  4041.776 9.998E-01
  4042.062 9.998E-01
  4042.348 9.998E-01
  4042.634 9.998E-01
  4042.920 9.998E-01
  4043.206 9.998E-01
  4043.492 9.997E-01
  4043.778 9.993E-01
  4044.064 9.989E-01
  4044.350 9.987E-01
  4044.636 9.985E-01
  4044.922 9.985E-01
  4045.208 9.985E-01
  4045.494 9.987E-01
  4045.780 9.990E-01
  4046.066 9.994E-01
  4046.352 9.998E-01
  4046.638 9.999E-01
  4046.924 9.999E-01
  4047.210 9.999E-01
  4047.496 9.999E-01
  4047.782 9.999E-01
  4048.068 9.999E-01
  4048.354 9.999E-01
  4048.640 9.999E-01
  4048.926 9.999E-01
  4049.212 9.999E-01
  4049.498 9.999E-01
  4049.784 9.999E-01
  4050.070 9.999E-01
  4050.356 9.999E-01
  4050.642 9.999E-01
  4050.928 9.999E-01
  4051.214 9.999E-01
  4051.500 9.999E-01
  4051.786 9.999E-01
  4052.072 9.999E-01
  4052.358 9.999E-01
  4052.644 9.999E-01
  4052.930 1.000E+00
  4053.216 1.000E+00
  4053.502 1.000E+00
  4053.788 1.000E+00
  4054.074 1.000E+00
  4054.360 1.000E+00
  4054.646 1.000E+00
  4054.932 1.000E+00
  4055.218 1.000E+00
  4055.504 1.000E+00
  4055.790 1.000E+00
  4056.076 1.000E+00
  4056.362 1.002E+00
  4056.648 1.005E+00
  4056.934 1.008E+00
  4057.220 1.010E+00
  4057.506 1.011E+00
  4057.792 1.011E+00
  4058.078 1.011E+00
  4058.364 1.009E+00
  4058.650 1.007E+00
  4058.936 1.004E+00
  4059.222 1.001E+00
  4059.508 1.000E+00
  4059.794 1.000E+00
  4060.080 1.000E+00
  4060.366 1.001E+00
  4060.652 1.001E+00
  4060.938 1.001E+00
  4061.224 1.000E+00
  4061.510 1.000E+00
  4061.796 1.000E+00
  4062.082 9.999E-01
  4062.368 9.998E-01
  4062.654 9.998E-01
  4062.940 9.998E-01
  4063.226 9.998E-01
  4063.512 9.999E-01
  4063.798 9.999E-01
  4064.084 9.999E-01
  4064.370 9.999E-01
  4064.656 9.999E-01
  4064.942 9.999E-01
  4065.228 9.999E-01
  4065.514 9.999E-01
  4065.800 9.999E-01
  4066.086 9.998E-01
  4066.372 9.988E-01
  4066.658 9.955E-01
  4066.944 9.906E-01
  4067.230 9.859E-01
  4067.516 9.804E-01
  4067.802 9.732E-01
  4068.088 9.672E-01
  4068.374 9.641E-01
  4068.660 9.630E-01
  4068.946 9.618E-01
  4069.232 9.600E-01
  4069.518 9.591E-01
  4069.804 9.603E-01
  4070.090 9.644E-01
  4070.376 9.696E-01
  4070.662 9.736E-01
  4070.948 9.779E-01
  4071.234 9.841E-01
  4071.520 9.915E-01
  4071.806 9.968E-01
  4072.092 9.986E-01
  4072.378 9.987E-01
  4072.664 9.986E-01
  4072.950 9.983E-01
  4073.236 9.982E-01
  4073.522 9.981E-01
  4073.808 9.982E-01
  4074.094 9.984E-01
  4074.380 9.986E-01
  4074.666 9.988E-01
  4074.952 9.991E-01
  4075.238 9.994E-01
  4075.524 9.997E-01
  4075.810 9.997E-01
  4076.096 9.997E-01
  4076.382 9.997E-01
  4076.668 9.997E-01
  4076.954 9.997E-01
  4077.240 9.997E-01
  4077.526 9.997E-01
  4077.812 9.997E-01
  4078.098 9.997E-01
  4078.384 9.997E-01
  4078.670 9.997E-01
  4078.956 9.997E-01
  4079.242 9.997E-01
  4079.528 9.995E-01
  4079.814 9.989E-01
  4080.100 9.982E-01
  4080.386 9.976E-01
  4080.672 9.972E-01
  4080.958 9.971E-01
  4081.244 9.971E-01
  4081.530 9.973E-01
  4081.816 9.977E-01
  4082.102 9.983E-01
  4082.388 9.990E-01
  4082.674 9.993E-01
  4082.960 9.993E-01
  4083.246 9.992E-01
  4083.532 9.991E-01
  4083.818 9.990E-01
  4084.104 9.990E-01
  4084.390 9.990E-01
  4084.676 9.991E-01
  4084.962 9.991E-01
  4085.248 9.992E-01
  4085.534 9.993E-01
  4085.820 9.994E-01
  4086.106 9.993E-01
  4086.392 9.993E-01
  4086.678 9.992E-01
  4086.964 9.989E-01
  4087.250 9.958E-01
  4087.536 9.853E-01
  4087.822 9.683E-01
  4088.108 9.529E-01
  4088.394 9.426E-01
  4088.680 9.373E-01
  4088.966 9.366E-01
  4089.252 9.403E-01
  4089.538 9.489E-01
  4089.824 9.627E-01
  4090.110 9.799E-01
  4090.396 9.930E-01
  4090.682 9.976E-01
  4090.968 9.983E-01
  4091.254 9.983E-01
  4091.540 9.981E-01
  4091.826 9.980E-01
  4092.112 9.979E-01
  4092.398 9.977E-01
  4092.684 9.976E-01
  4092.970 9.973E-01
  4093.256 9.969E-01
  4093.542 9.962E-01
  4093.828 9.956E-01
  4094.114 9.949E-01
  4094.400 9.943E-01
  4094.686 9.937E-01
  4094.972 9.931E-01
  4095.258 9.925E-01
  4095.544 9.913E-01
  4095.830 9.866E-01
  4096.116 9.744E-01
  4096.402 9.584E-01
  4096.688 9.447E-01
  4096.974 9.349E-01
  4097.260 9.285E-01
  4097.546 9.247E-01
  4097.832 9.228E-01
  4098.118 9.215E-01
  4098.404 9.190E-01
  4098.690 9.109E-01
  4098.976 8.926E-01
  4099.262 8.670E-01
  4099.548 8.391E-01
  4099.834 8.086E-01
  4100.120 7.741E-01
  4100.406 7.371E-01
  4100.692 7.011E-01
  4100.978 6.704E-01
  4101.264 6.487E-01
  4101.550 6.380E-01
  4101.836 6.396E-01
  4102.122 6.546E-01
  4102.408 6.841E-01
  4102.694 7.263E-01
  4102.980 7.748E-01
  4103.266 8.226E-01
  4103.552 8.649E-01
  4103.838 8.987E-01
  4104.124 9.243E-01
  4104.410 9.447E-01
  4104.696 9.612E-01
  4104.982 9.725E-01
  4105.268 9.788E-01
  4105.554 9.827E-01
  4105.840 9.855E-01
  4106.126 9.876E-01
  4106.412 9.893E-01
  4106.698 9.907E-01
  4106.984 9.919E-01
  4107.270 9.929E-01
  4107.556 9.937E-01
  4107.842 9.944E-01
  4108.128 9.950E-01
  4108.414 9.955E-01
  4108.700 9.959E-01
  4108.986 9.963E-01
  4109.272 9.966E-01
  4109.558 9.969E-01
  4109.844 9.972E-01
  4110.130 9.975E-01
  4110.416 9.977E-01
  4110.702 9.979E-01
  4110.988 9.980E-01
  4111.274 9.982E-01
  4111.560 9.983E-01
  4111.846 9.984E-01
  4112.132 9.985E-01
  4112.418 9.986E-01
  4112.704 9.986E-01
  4112.990 9.987E-01
  4113.276 9.988E-01
  4113.562 9.989E-01
  4113.848 9.989E-01
  4114.134 9.989E-01
  4114.420 9.977E-01
  4114.706 9.920E-01
  4114.992 9.809E-01
  4115.278 9.698E-01
  4115.564 9.621E-01
  4115.850 9.579E-01
  4116.136 9.567E-01
  4116.422 9.585E-01
  4116.708 9.634E-01
  4116.994 9.719E-01
  4117.280 9.834E-01
  4117.566 9.938E-01
  4117.852 9.984E-01
  4118.138 9.994E-01
  4118.424 9.996E-01
  4118.710 9.998E-01
  4118.996 9.998E-01
  4119.282 9.994E-01
  4119.568 9.980E-01
  4119.854 9.962E-01
  4120.140 9.944E-01
  4120.426 9.929E-01
  4120.712 9.918E-01
  4120.998 9.914E-01
  4121.284 9.916E-01
  4121.570 9.926E-01
  4121.856 9.942E-01
  4122.142 9.962E-01
  4122.428 9.978E-01
  4122.714 9.988E-01
  4123.000 9.994E-01
  4123.286 9.997E-01
  4123.572 9.997E-01
  4123.858 9.998E-01
  4124.144 9.998E-01
  4124.430 9.998E-01
  4124.716 9.998E-01
  4125.002 9.998E-01
  4125.288 9.998E-01
  4125.574 9.998E-01
  4125.860 9.998E-01
  4126.146 9.998E-01
  4126.432 1.000E+00
  4126.718 1.000E+00
  4127.004 1.001E+00
  4127.290 1.001E+00
  4127.576 1.002E+00
  4127.862 1.002E+00
  4128.148 1.002E+00
  4128.434 1.001E+00
  4128.720 1.001E+00
  4129.006 1.001E+00
  4129.292 1.000E+00
  4129.578 1.000E+00
  4129.864 9.999E-01
  4130.150 9.999E-01
  4130.436 9.999E-01
  4130.722 9.999E-01
  4131.008 9.999E-01
  4131.294 9.999E-01
  4131.580 9.999E-01
  4131.866 9.999E-01
  4132.152 1.000E+00
  4132.438 1.000E+00
  4132.724 1.000E+00
  4133.010 1.000E+00
  4133.296 1.000E+00
  4133.582 1.000E+00
  4133.868 1.000E+00
  4134.154 1.000E+00
  4134.440 1.000E+00
  4134.726 1.000E+00
  4135.012 1.000E+00
  4135.298 1.000E+00
  4135.584 1.000E+00
  4135.870 1.000E+00
  4136.156 1.001E+00
  4136.442 1.001E+00
  4136.728 1.001E+00
  4137.014 1.000E+00
  4137.300 1.000E+00
  4137.586 1.000E+00
  4137.872 1.000E+00
  4138.158 1.000E+00
  4138.444 1.001E+00
  4138.730 1.001E+00
  4139.016 1.001E+00
  4139.302 1.001E+00
  4139.588 1.001E+00
  4139.874 1.000E+00
  4140.160 1.000E+00
  4140.446 1.000E+00
  4140.732 1.000E+00
  4141.018 1.000E+00
  4141.304 1.000E+00
  4141.590 1.000E+00
  4141.876 1.000E+00
  4142.162 1.001E+00
  4142.448 1.001E+00
  4142.734 1.002E+00
  4143.020 1.003E+00
  4143.306 1.003E+00
  4143.592 1.003E+00
  4143.878 1.003E+00
  4144.164 1.003E+00
  4144.450 1.003E+00
  4144.736 1.002E+00
  4145.022 1.001E+00
  4145.308 1.000E+00
  4145.594 1.000E+00
  4145.880 9.999E-01
  4146.166 9.999E-01
  4146.452 9.999E-01
  4146.738 9.999E-01
  4147.024 9.999E-01
  4147.310 9.999E-01
  4147.596 9.999E-01
  4147.882 9.999E-01
  4148.168 9.999E-01
  4148.454 9.999E-01
  4148.740 9.999E-01
  4149.026 9.999E-01
  4149.312 9.999E-01
  4149.598 1.000E+00
  4149.884 1.000E+00
  4150.170 1.000E+00
  4150.456 1.000E+00
  4150.742 1.000E+00
  4151.028 1.000E+00
  4151.314 1.000E+00
  4151.600 1.000E+00
  4151.886 1.000E+00
  4152.172 1.000E+00
  4152.458 1.000E+00
  4152.744 1.000E+00
  4153.030 1.000E+00
  4153.316 1.001E+00
  4153.602 1.001E+00
  4153.888 1.001E+00
  4154.174 1.000E+00
  4154.460 1.000E+00
  4154.746 1.000E+00
  4155.032 1.000E+00
  4155.318 1.000E+00
  4155.604 1.000E+00
  4155.890 1.000E+00
  4156.176 1.000E+00
  4156.462 1.000E+00
  4156.748 1.000E+00
  4157.034 1.000E+00
  4157.320 1.000E+00
  4157.606 1.000E+00
  4157.892 1.000E+00
  4158.178 1.000E+00
  4158.464 1.000E+00
  4158.750 1.000E+00
  4159.036 1.000E+00
  4159.322 1.000E+00
  4159.608 1.000E+00
  4159.894 1.000E+00
  4160.180 1.000E+00
  4160.466 1.000E+00
  4160.752 1.000E+00
  4161.038 1.000E+00
  4161.324 1.000E+00
  4161.610 1.000E+00
  4161.896 1.000E+00
  4162.182 1.000E+00
  4162.468 1.000E+00
  4162.754 1.000E+00
  4163.040 1.000E+00
  4163.326 1.000E+00
  4163.612 1.000E+00
  4163.898 1.000E+00
  4164.184 1.000E+00
  4164.470 9.999E-01
  4164.756 1.000E+00
  4165.042 1.000E+00
  4165.328 1.000E+00
  4165.614 1.000E+00
  4165.900 9.999E-01
  4166.186 9.997E-01
  4166.472 9.995E-01
  4166.758 9.993E-01
  4167.044 9.992E-01
  4167.330 9.992E-01
  4167.616 9.993E-01
  4167.902 9.994E-01
  4168.188 9.996E-01
  4168.474 9.998E-01
  4168.760 1.000E+00
  4169.046 1.000E+00
  4169.332 1.000E+00
  4169.618 9.999E-01
  4169.904 9.998E-01
  4170.190 9.997E-01
  4170.476 9.994E-01
  4170.762 9.990E-01
  4171.048 9.987E-01
  4171.334 9.985E-01
  4171.620 9.983E-01
  4171.906 9.983E-01
  4172.192 9.984E-01
  4172.478 9.987E-01
  4172.764 9.991E-01
  4173.050 9.996E-01
  4173.336 1.000E+00
  4173.622 1.000E+00
  4173.908 1.000E+00
  4174.194 9.999E-01
  4174.480 9.997E-01
  4174.766 9.995E-01
  4175.052 9.994E-01
  4175.338 9.993E-01
  4175.624 9.993E-01
  4175.910 9.994E-01
  4176.196 9.995E-01
  4176.482 9.996E-01
  4176.768 9.998E-01
  4177.054 9.999E-01
  4177.340 9.999E-01
  4177.626 9.999E-01
  4177.912 9.999E-01
  4178.198 9.999E-01
  4178.484 9.999E-01
  4178.770 9.999E-01
  4179.056 9.999E-01
  4179.342 9.999E-01
  4179.628 9.999E-01
  4179.914 9.999E-01
  4180.200 9.999E-01
  4180.486 9.999E-01
  4180.772 9.999E-01
  4181.058 9.999E-01
  4181.344 1.000E+00
  4181.630 1.000E+00
  4181.916 1.000E+00
  4182.202 1.000E+00
  4182.488 1.000E+00
  4182.774 1.000E+00
  4183.060 9.999E-01
  4183.346 9.996E-01
  4183.632 9.993E-01
  4183.918 9.991E-01
  4184.204 9.991E-01
  4184.490 9.991E-01
  4184.776 9.992E-01
  4185.062 9.994E-01
  4185.348 9.995E-01
  4185.634 9.996E-01
  4185.920 9.996E-01
  4186.206 9.994E-01
  4186.492 9.993E-01
  4186.778 9.993E-01
  4187.064 9.993E-01
  4187.350 9.994E-01
  4187.636 9.995E-01
  4187.922 9.996E-01
  4188.208 9.997E-01
  4188.494 9.999E-01
  4188.780 1.000E+00
  4189.066 1.000E+00
  4189.352 1.000E+00
  4189.638 1.000E+00
  4189.924 1.000E+00
  4190.210 1.000E+00
  4190.496 1.000E+00
  4190.782 9.999E-01
  4191.068 9.997E-01
  4191.354 9.996E-01
  4191.640 9.995E-01
  4191.926 9.995E-01
  4192.212 9.994E-01
  4192.498 9.994E-01
  4192.784 9.993E-01
  4193.070 9.991E-01
  4193.356 9.989E-01
  4193.642 9.987E-01
  4193.928 9.986E-01
  4194.214 9.985E-01
  4194.500 9.986E-01
  4194.786 9.987E-01
  4195.072 9.988E-01
  4195.358 9.987E-01
  4195.644 9.984E-01
  4195.930 9.979E-01
  4196.216 9.971E-01
  4196.502 9.958E-01
  4196.788 9.940E-01
  4197.074 9.913E-01
  4197.360 9.873E-01
  4197.646 9.808E-01
  4197.932 9.697E-01
  4198.218 9.512E-01
  4198.504 9.247E-01
  4198.790 8.944E-01
  4199.076 8.668E-01
  4199.362 8.467E-01
  4199.648 8.363E-01
  4199.934 8.366E-01
  4200.220 8.474E-01
  4200.506 8.680E-01
  4200.792 8.959E-01
  4201.078 9.261E-01
  4201.364 9.519E-01
  4201.650 9.697E-01
  4201.936 9.806E-01
  4202.222 9.870E-01
  4202.508 9.909E-01
  4202.794 9.934E-01
  4203.080 9.950E-01
  4203.366 9.960E-01
  4203.652 9.968E-01
  4203.938 9.973E-01
  4204.224 9.978E-01
  4204.510 9.981E-01
  4204.796 9.984E-01
  4205.082 9.986E-01
  4205.368 9.988E-01
  4205.654 9.990E-01
  4205.940 9.991E-01
  4206.226 9.992E-01
  4206.512 9.993E-01
  4206.798 9.994E-01
  4207.084 9.994E-01
  4207.370 9.994E-01
  4207.656 9.995E-01
  4207.942 9.995E-01
  4208.228 9.995E-01
  4208.514 9.996E-01
  4208.800 9.996E-01
  4209.086 9.996E-01
  4209.372 9.997E-01
  4209.658 9.997E-01
  4209.944 9.997E-01
  4210.230 9.997E-01
  4210.516 9.996E-01
  4210.802 9.989E-01
  4211.088 9.964E-01
  4211.374 9.928E-01
  4211.660 9.897E-01
  4211.946 9.878E-01
  4212.232 9.868E-01
  4212.518 9.867E-01
  4212.804 9.875E-01
  4213.090 9.892E-01
  4213.376 9.920E-01
  4213.662 9.956E-01
  4213.948 9.986E-01
  4214.234 9.997E-01
  4214.520 9.998E-01
  4214.806 9.998E-01
  4215.092 9.998E-01
  4215.378 9.999E-01
  4215.664 1.000E+00
  4215.950 1.000E+00
  4216.236 1.000E+00
  4216.522 1.000E+00
  4216.808 1.001E+00
  4217.094 1.001E+00
  4217.380 1.000E+00
  4217.666 1.000E+00
  4217.952 1.000E+00
  4218.238 1.000E+00
  4218.524 1.000E+00
  4218.810 1.001E+00
  4219.096 1.001E+00
  4219.382 1.002E+00
  4219.668 1.002E+00
  4219.954 1.002E+00
  4220.240 1.002E+00
  4220.526 1.002E+00
  4220.812 1.002E+00
  4221.098 1.001E+00
  4221.384 1.001E+00
  4221.670 1.000E+00
  4221.956 1.000E+00
  4222.242 1.000E+00
  4222.528 9.999E-01
  4222.814 9.999E-01
  4223.100 1.000E+00
  4223.386 1.000E+00
  4223.672 1.000E+00
  4223.958 1.000E+00
  4224.244 1.000E+00
  4224.530 1.000E+00
  4224.816 1.000E+00
  4225.102 1.000E+00
  4225.388 9.999E-01
  4225.674 9.999E-01
  4225.960 9.998E-01
  4226.246 9.998E-01
  4226.532 9.997E-01
  4226.818 9.998E-01
  4227.104 9.998E-01
  4227.390 9.998E-01
  4227.676 9.999E-01
  4227.962 9.999E-01
  4228.248 1.000E+00
  4228.534 1.000E+00
  4228.820 1.000E+00
  4229.106 1.000E+00
  4229.392 1.000E+00
  4229.678 1.000E+00
  4229.964 1.000E+00
  4230.250 1.000E+00
  4230.536 1.001E+00
  4230.822 1.001E+00
  4231.108 1.001E+00
  4231.394 1.001E+00
  4231.680 1.001E+00
  4231.966 1.001E+00
  4232.252 1.001E+00
  4232.538 1.001E+00
  4232.824 1.001E+00
  4233.110 1.001E+00
  4233.396 1.001E+00
  4233.682 1.001E+00
  4233.968 1.000E+00
  4234.254 9.997E-01
  4234.540 9.991E-01
  4234.826 9.986E-01
  4235.112 9.981E-01
  4235.398 9.979E-01
  4235.684 9.979E-01
  4235.970 9.981E-01
  4236.256 9.985E-01
  4236.542 9.991E-01
  4236.828 9.996E-01
  4237.114 9.999E-01
  4237.400 1.000E+00
  4237.686 1.000E+00
  4237.972 9.999E-01
  4238.258 9.997E-01
  4238.544 9.994E-01
  4238.830 9.994E-01
  4239.116 9.994E-01
  4239.402 9.994E-01
  4239.688 9.995E-01
  4239.974 9.996E-01
  4240.260 9.998E-01
  4240.546 1.000E+00
  4240.832 1.000E+00
  4241.118 1.000E+00
  4241.404 1.000E+00
  4241.690 1.000E+00
  4241.976 1.000E+00
  4242.262 1.000E+00
  4242.548 1.000E+00
  4242.834 1.000E+00
  4243.120 1.000E+00
  4243.406 1.000E+00
  4243.692 1.000E+00
  4243.978 1.000E+00
  4244.264 1.000E+00
  4244.550 1.000E+00
  4244.836 1.000E+00
  4245.122 1.000E+00
  4245.408 1.000E+00
  4245.694 9.999E-01
  4245.980 9.998E-01
  4246.266 9.997E-01
  4246.552 9.996E-01
  4246.838 9.995E-01
  4247.124 9.995E-01
  4247.410 9.995E-01
  4247.696 9.995E-01
  4247.982 9.996E-01
  4248.268 9.999E-01
  4248.554 1.000E+00
  4248.840 1.001E+00
  4249.126 1.001E+00
  4249.412 1.001E+00
  4249.698 1.002E+00
  4249.984 1.002E+00
  4250.270 1.002E+00
  4250.556 1.001E+00
  4250.842 1.001E+00
  4251.128 1.001E+00
  4251.414 1.001E+00
  4251.700 1.001E+00
  4251.986 1.000E+00
  4252.272 1.000E+00
  4252.558 1.001E+00
  4252.844 1.001E+00
  4253.130 1.001E+00
  4253.416 1.001E+00
  4253.702 1.002E+00
  4253.988 1.002E+00
  4254.274 1.001E+00
  4254.560 1.001E+00
  4254.846 1.001E+00
  4255.132 1.000E+00
  4255.418 1.000E+00
  4255.704 9.998E-01
  4255.990 9.998E-01
  4256.276 9.998E-01
  4256.562 9.999E-01
  4256.848 1.000E+00
  4257.134 1.000E+00
  4257.420 1.000E+00
  4257.706 1.000E+00
  4257.992 1.000E+00
  4258.278 1.000E+00
  4258.564 1.000E+00
  4258.850 1.000E+00
  4259.136 9.999E-01
  4259.422 9.997E-01
  4259.708 9.996E-01
  4259.994 9.995E-01
  4260.280 9.994E-01
  4260.566 9.994E-01
  4260.852 9.994E-01
  4261.138 9.995E-01
  4261.424 9.995E-01
  4261.710 9.995E-01
  4261.996 9.995E-01
  4262.282 9.995E-01
  4262.568 9.995E-01
  4262.854 9.995E-01
  4263.140 9.995E-01
  4263.426 9.996E-01
  4263.712 9.997E-01
  4263.998 9.998E-01
  4264.284 9.999E-01
  4264.570 9.999E-01
  4264.856 9.999E-01
  4265.142 9.999E-01
  4265.428 9.999E-01
  4265.714 9.999E-01
  4266.000 9.999E-01
  4266.286 9.999E-01
  4266.572 9.999E-01
  4266.858 9.999E-01
  4267.144 9.999E-01
  4267.430 9.999E-01
  4267.716 9.999E-01
  4268.002 9.999E-01
  4268.288 1.000E+00
  4268.574 1.000E+00
  4268.860 1.000E+00
  4269.146 1.000E+00
  4269.432 1.000E+00
  4269.718 1.000E+00
  4270.004 1.000E+00
  4270.290 1.000E+00
  4270.576 1.000E+00
  4270.862 1.000E+00
  4271.148 1.000E+00
  4271.434 1.000E+00
  4271.720 1.000E+00
  4272.006 1.000E+00
  4272.292 9.999E-01
  4272.578 9.999E-01
  4272.864 9.999E-01
  4273.150 9.999E-01
  4273.436 9.999E-01
  4273.722 9.999E-01
  4274.008 9.999E-01
  4274.294 9.998E-01
  4274.580 9.997E-01
  4274.866 9.996E-01
  4275.152 9.995E-01
  4275.438 9.994E-01
  4275.724 9.993E-01
  4276.010 9.992E-01
  4276.296 9.992E-01
  4276.582 9.992E-01
  4276.868 9.993E-01
  4277.154 9.994E-01
  4277.440 9.994E-01
  4277.726 9.993E-01
  4278.012 9.994E-01
  4278.298 9.994E-01
  4278.584 9.994E-01
  4278.870 9.995E-01
  4279.156 9.995E-01
  4279.442 9.996E-01
  4279.728 9.997E-01
  4280.014 9.998E-01
  4280.300 1.000E+00
  4280.586 1.000E+00
  4280.872 1.000E+00
  4281.158 1.000E+00
  4281.444 1.000E+00
  4281.730 1.000E+00
  4282.016 1.000E+00
  4282.302 1.000E+00
  4282.588 1.000E+00
  4282.874 1.000E+00
  4283.160 9.999E-01
  4283.446 9.999E-01
  4283.732 9.998E-01
  4284.018 9.998E-01
  4284.304 9.999E-01
  4284.590 9.999E-01
  4284.876 9.999E-01
  4285.162 1.000E+00
  4285.448 1.000E+00
  4285.734 1.000E+00
  4286.020 9.999E-01
  4286.306 9.997E-01
  4286.592 9.994E-01
  4286.878 9.992E-01
  4287.164 9.991E-01
  4287.450 9.990E-01
  4287.736 9.989E-01
  4288.022 9.990E-01
  4288.308 9.991E-01
  4288.594 9.992E-01
  4288.880 9.995E-01
  4289.166 9.997E-01
  4289.452 9.998E-01
  4289.738 9.998E-01
  4290.024 9.998E-01
  4290.310 9.998E-01
  4290.596 9.998E-01
  4290.882 9.998E-01
  4291.168 9.998E-01
  4291.454 9.998E-01
  4291.740 9.999E-01
  4292.026 9.999E-01
  4292.312 9.999E-01
  4292.598 9.999E-01
  4292.884 9.999E-01
  4293.170 9.999E-01
  4293.456 9.999E-01
  4293.742 9.999E-01
  4294.028 9.998E-01
  4294.314 9.998E-01
  4294.600 9.998E-01
  4294.886 9.998E-01
  4295.172 9.998E-01
  4295.458 9.999E-01
  4295.744 1.000E+00
  4296.030 1.000E+00
  4296.316 1.000E+00
  4296.602 1.000E+00
  4296.888 1.001E+00
  4297.174 1.001E+00
  4297.460 1.001E+00
  4297.746 1.001E+00
  4298.032 1.001E+00
  4298.318 1.001E+00
  4298.604 1.001E+00
  4298.890 1.000E+00
  4299.176 1.000E+00
  4299.462 1.000E+00
  4299.748 1.000E+00
  4300.034 9.999E-01
  4300.320 9.999E-01
  4300.606 9.999E-01
  4300.892 9.999E-01
  4301.178 9.999E-01
  4301.464 9.999E-01
  4301.750 1.000E+00
  4302.036 1.000E+00
  4302.322 1.000E+00
  4302.608 9.999E-01
  4302.894 9.997E-01
  4303.180 9.996E-01
  4303.466 9.996E-01
  4303.752 9.995E-01
  4304.038 9.995E-01
  4304.324 9.995E-01
  4304.610 9.995E-01
  4304.896 9.997E-01
  4305.182 9.998E-01
  4305.468 9.999E-01
  4305.754 9.999E-01
  4306.040 9.999E-01
  4306.326 9.999E-01
  4306.612 9.998E-01
  4306.898 9.998E-01
  4307.184 9.998E-01
  4307.470 9.998E-01
  4307.756 9.998E-01
  4308.042 9.998E-01
  4308.328 9.998E-01
  4308.614 9.998E-01
  4308.900 9.998E-01
  4309.186 9.998E-01
  4309.472 9.998E-01
  4309.758 9.998E-01
  4310.044 9.998E-01
  4310.330 9.998E-01
  4310.616 9.998E-01
  4310.902 9.998E-01
  4311.188 9.998E-01
  4311.474 9.997E-01
  4311.760 9.997E-01
  4312.046 9.996E-01
  4312.332 9.995E-01
  4312.618 9.994E-01
  4312.904 9.995E-01
  4313.190 9.996E-01
  4313.476 9.998E-01
  4313.762 9.999E-01
  4314.048 9.999E-01
  4314.334 1.000E+00
  4314.620 1.000E+00
  4314.906 1.000E+00
  4315.192 1.000E+00
  4315.478 9.998E-01
  4315.764 9.997E-01
  4316.050 9.997E-01
  4316.336 9.997E-01
  4316.622 9.998E-01
  4316.908 9.998E-01
  4317.194 9.998E-01
  4317.480 9.998E-01
  4317.766 9.997E-01
  4318.052 9.997E-01
  4318.338 9.997E-01
  4318.624 9.996E-01
  4318.910 9.997E-01
  4319.196 9.997E-01
  4319.482 9.997E-01
  4319.768 9.997E-01
  4320.054 9.996E-01
  4320.340 9.995E-01
  4320.626 9.995E-01
  4320.912 9.994E-01
  4321.198 9.994E-01
  4321.484 9.994E-01
  4321.770 9.996E-01
  4322.056 9.997E-01
  4322.342 9.998E-01
  4322.628 9.998E-01
  4322.914 9.999E-01
  4323.200 9.998E-01
  4323.486 9.997E-01
  4323.772 9.996E-01
  4324.058 9.995E-01
  4324.344 9.995E-01
  4324.630 9.995E-01
  4324.916 9.996E-01
  4325.202 9.996E-01
  4325.488 9.996E-01
  4325.774 9.995E-01
  4326.060 9.995E-01
  4326.346 9.994E-01
  4326.632 9.994E-01
  4326.918 9.996E-01
  4327.204 9.999E-01
  4327.490 1.000E+00
  4327.776 1.000E+00
  4328.062 1.000E+00
  4328.348 1.000E+00
  4328.634 1.000E+00
  4328.920 9.997E-01
  4329.206 9.992E-01
  4329.492 9.986E-01
  4329.778 9.981E-01
  4330.064 9.978E-01
  4330.350 9.977E-01
  4330.636 9.975E-01
  4330.922 9.973E-01
  4331.208 9.971E-01
  4331.494 9.967E-01
  4331.780 9.964E-01
  4332.066 9.959E-01
  4332.352 9.955E-01
  4332.638 9.950E-01
  4332.924 9.945E-01
  4333.210 9.940E-01
  4333.496 9.934E-01
  4333.782 9.927E-01
  4334.068 9.919E-01
  4334.354 9.909E-01
  4334.640 9.897E-01
  4334.926 9.882E-01
  4335.212 9.863E-01
  4335.498 9.838E-01
  4335.784 9.806E-01
  4336.070 9.761E-01
  4336.356 9.696E-01
  4336.642 9.594E-01
  4336.928 9.427E-01
  4337.214 9.180E-01
  4337.500 8.874E-01
  4337.786 8.556E-01
  4338.072 8.250E-01
  4338.358 7.939E-01
  4338.644 7.603E-01
  4338.930 7.253E-01
  4339.216 6.920E-01
  4339.502 6.633E-01
  4339.788 6.414E-01
  4340.074 6.280E-01
  4340.360 6.239E-01
  4340.646 6.320E-01
  4340.932 6.551E-01
  4341.218 6.927E-01
  4341.504 7.397E-01
  4341.790 7.896E-01
  4342.076 8.377E-01
  4342.362 8.802E-01
  4342.648 9.135E-01
  4342.934 9.367E-01
  4343.220 9.520E-01
  4343.506 9.621E-01
  4343.792 9.691E-01
  4344.078 9.741E-01
  4344.364 9.779E-01
  4344.650 9.809E-01
  4344.936 9.834E-01
  4345.222 9.857E-01
  4345.508 9.878E-01
  4345.794 9.897E-01
  4346.080 9.912E-01
  4346.366 9.923E-01
  4346.652 9.932E-01
  4346.938 9.940E-01
  4347.224 9.947E-01
  4347.510 9.953E-01
  4347.796 9.958E-01
  4348.082 9.962E-01
  4348.368 9.967E-01
  4348.654 9.971E-01
  4348.940 9.974E-01
  4349.226 9.977E-01
  4349.512 9.979E-01
  4349.798 9.980E-01
  4350.084 9.981E-01
  4350.370 9.982E-01
  4350.656 9.982E-01
  4350.942 9.982E-01
  4351.228 9.982E-01
  4351.514 9.983E-01
  4351.800 9.984E-01
  4352.086 9.985E-01
  4352.372 9.985E-01
  4352.658 9.986E-01
  4352.944 9.986E-01
  4353.230 9.986E-01
  4353.516 9.987E-01
  4353.802 9.988E-01
  4354.088 9.988E-01
  4354.374 9.989E-01
  4354.660 9.990E-01
  4354.946 9.991E-01
  4355.232 9.990E-01
  4355.518 9.989E-01
  4355.804 9.987E-01
  4356.090 9.985E-01
  4356.376 9.984E-01
  4356.662 9.984E-01
  4356.948 9.984E-01
  4357.234 9.985E-01
  4357.520 9.987E-01
  4357.806 9.989E-01
  4358.092 9.992E-01
  4358.378 9.994E-01
  4358.664 9.995E-01
  4358.950 9.995E-01
  4359.236 9.995E-01
  4359.522 9.996E-01
  4359.808 9.996E-01
  4360.094 9.996E-01
  4360.380 9.996E-01
  4360.666 9.996E-01
  4360.952 9.996E-01
  4361.238 9.996E-01
  4361.524 9.997E-01
  4361.810 9.997E-01
  4362.096 9.997E-01
  4362.382 9.997E-01
  4362.668 9.997E-01
  4362.954 9.997E-01
  4363.240 9.997E-01
  4363.526 9.997E-01
  4363.812 9.997E-01
  4364.098 9.997E-01
  4364.384 9.998E-01
  4364.670 9.999E-01
  4364.956 9.999E-01
  4365.242 9.999E-01
  4365.528 9.999E-01
  4365.814 9.999E-01
  4366.100 9.999E-01
  4366.386 9.999E-01
  4366.672 9.999E-01
  4366.958 9.999E-01
  4367.244 9.999E-01
  4367.530 9.999E-01
  4367.816 9.999E-01
  4368.102 9.999E-01
  4368.388 9.999E-01
  4368.674 1.000E+00
  4368.960 1.000E+00
  4369.246 1.000E+00
  4369.532 1.000E+00
  4369.818 1.000E+00
  4370.104 1.000E+00
  4370.390 1.000E+00
  4370.676 1.000E+00
  4370.962 1.000E+00
  4371.248 9.998E-01
  4371.534 9.997E-01
  4371.820 9.997E-01
  4372.106 9.997E-01
  4372.392 9.998E-01
  4372.678 9.998E-01
  4372.964 9.998E-01
  4373.250 9.998E-01
  4373.536 9.999E-01
  4373.822 9.999E-01
  4374.108 9.999E-01
  4374.394 9.998E-01
  4374.680 9.997E-01
  4374.966 9.996E-01
  4375.252 9.995E-01
  4375.538 9.994E-01
  4375.824 9.994E-01
  4376.110 9.994E-01
  4376.396 9.995E-01
  4376.682 9.996E-01
  4376.968 9.998E-01
  4377.254 1.000E+00
  4377.540 1.000E+00
  4377.826 9.998E-01
  4378.112 9.993E-01
  4378.398 9.991E-01
  4378.684 9.990E-01
  4378.970 9.990E-01
  4379.256 9.990E-01
  4379.542 9.990E-01
  4379.828 9.992E-01
  4380.114 9.995E-01
  4380.400 9.999E-01
  4380.686 1.000E+00
  4380.972 1.000E+00
  4381.258 9.999E-01
  4381.544 9.997E-01
  4381.830 9.995E-01
  4382.116 9.994E-01
  4382.402 9.992E-01
  4382.688 9.992E-01
  4382.974 9.994E-01
  4383.260 9.995E-01
  4383.546 9.997E-01
  4383.832 9.999E-01
  4384.118 1.000E+00
  4384.404 1.000E+00
  4384.690 1.000E+00
  4384.976 1.000E+00
  4385.262 1.000E+00
  4385.548 9.999E-01
  4385.834 9.998E-01
  4386.120 1.000E+00
  4386.406 1.001E+00
  4386.692 1.002E+00
  4386.978 1.003E+00
  4387.264 1.004E+00
  4387.550 1.005E+00
  4387.836 1.005E+00
  4388.122 1.005E+00
  4388.408 1.004E+00
  4388.694 1.003E+00
  4388.980 1.002E+00
  4389.266 1.001E+00
  4389.552 9.998E-01
  4389.838 9.997E-01
  4390.124 9.999E-01
  4390.410 1.001E+00
  4390.696 1.002E+00
  4390.982 1.003E+00
  4391.268 1.003E+00
  4391.554 1.004E+00
  4391.840 1.004E+00
  4392.126 1.004E+00
  4392.412 1.003E+00
  4392.698 1.003E+00
  4392.984 1.002E+00
  4393.270 1.001E+00
  4393.556 9.999E-01
  4393.842 9.995E-01
  4394.128 9.994E-01
  4394.414 9.993E-01
  4394.700 9.993E-01
  4394.986 9.993E-01
  4395.272 9.994E-01
  4395.558 9.995E-01
  4395.844 9.997E-01
  4396.130 9.998E-01
  4396.416 9.999E-01
  4396.702 1.000E+00
  4396.988 1.000E+00
  4397.274 1.000E+00
  4397.560 1.000E+00
  4397.846 1.001E+00
  4398.132 1.001E+00
  4398.418 1.001E+00
  4398.704 1.000E+00
  4398.990 1.000E+00
  4399.276 1.000E+00
  4399.562 1.000E+00
  4399.848 9.999E-01
  4400.134 9.999E-01
  4400.420 9.999E-01
  4400.706 9.999E-01
  4400.992 1.000E+00
  4401.278 1.000E+00
  4401.564 1.000E+00
  4401.850 1.000E+00
  4402.136 9.998E-01
  4402.422 9.993E-01
  4402.708 9.988E-01
  4402.994 9.984E-01
  4403.280 9.981E-01
  4403.566 9.979E-01
  4403.852 9.979E-01
  4404.138 9.980E-01
  4404.424 9.983E-01
  4404.710 9.987E-01
  4404.996 9.992E-01
  4405.282 9.997E-01
  4405.568 9.999E-01
  4405.854 1.000E+00
  4406.140 1.000E+00
  4406.426 1.000E+00
  4406.712 1.000E+00
  4406.998 1.000E+00
  4407.284 1.000E+00
  4407.570 1.000E+00
  4407.856 1.001E+00
  4408.142 1.001E+00
  4408.428 1.002E+00
  4408.714 1.002E+00
  4409.000 1.003E+00
  4409.286 1.003E+00
  4409.572 1.003E+00
  4409.858 1.002E+00
  4410.144 1.002E+00
  4410.430 1.001E+00
  4410.716 1.001E+00
  4411.002 1.000E+00
  4411.288 1.000E+00
  4411.574 1.000E+00
  4411.860 1.001E+00
  4412.146 1.001E+00
  4412.432 1.002E+00
  4412.718 1.002E+00
  4413.004 1.002E+00
  4413.290 1.002E+00
  4413.576 1.002E+00
  4413.862 1.002E+00
  4414.148 1.002E+00
  4414.434 1.001E+00
  4414.720 1.001E+00
  4415.006 1.001E+00
  4415.292 1.001E+00
  4415.578 1.001E+00
  4415.864 1.001E+00
  4416.150 1.001E+00
  4416.436 1.001E+00
  4416.722 1.001E+00
  4417.008 1.001E+00
  4417.294 1.001E+00
  4417.580 1.001E+00
  4417.866 1.000E+00
  4418.152 1.000E+00
  4418.438 1.000E+00
  4418.724 1.000E+00
  4419.010 1.000E+00
  4419.296 1.000E+00
  4419.582 1.000E+00
  4419.868 1.000E+00
  4420.154 1.000E+00
  4420.440 1.000E+00
  4420.726 1.000E+00
  4421.012 1.000E+00
  4421.298 1.000E+00
  4421.584 1.000E+00
  4421.870 1.000E+00
  4422.156 1.000E+00
  4422.442 1.000E+00
  4422.728 1.000E+00
  4423.014 1.000E+00
  4423.300 1.000E+00
  4423.586 1.000E+00
  4423.872 1.000E+00
  4424.158 1.000E+00
  4424.444 1.000E+00
  4424.730 1.000E+00
  4425.016 1.000E+00
  4425.302 1.000E+00
  4425.588 1.000E+00
  4425.874 1.000E+00
  4426.160 1.000E+00
  4426.446 1.000E+00
  4426.732 1.000E+00
  4427.018 1.000E+00
  4427.304 1.001E+00
  4427.590 1.001E+00
  4427.876 1.002E+00
  4428.162 1.002E+00
  4428.448 1.002E+00
  4428.734 1.002E+00
  4429.020 1.002E+00
  4429.306 1.002E+00
  4429.592 1.002E+00
  4429.878 1.002E+00
  4430.164 1.002E+00
  4430.450 1.001E+00
  4430.736 1.001E+00
  4431.022 1.001E+00
  4431.308 1.001E+00
  4431.594 1.001E+00
  4431.880 1.001E+00
  4432.166 1.000E+00
  4432.452 1.000E+00
  4432.738 1.000E+00
  4433.024 1.000E+00
  4433.310 1.000E+00
  4433.596 1.000E+00
  4433.882 1.000E+00
  4434.168 1.000E+00
  4434.454 1.000E+00
  4434.740 9.999E-01
  4435.026 9.999E-01
  4435.312 9.997E-01
  4435.598 9.995E-01
  4435.884 9.994E-01
  4436.170 9.994E-01
  4436.456 9.994E-01
  4436.742 9.996E-01
  4437.028 9.997E-01
  4437.314 9.999E-01
  4437.600 1.000E+00
  4437.886 1.000E+00
  4438.172 1.001E+00
  4438.458 1.001E+00
  4438.744 1.000E+00
  4439.030 9.992E-01
  4439.316 9.978E-01
  4439.602 9.965E-01
  4439.888 9.948E-01
  4440.174 9.921E-01
  4440.460 9.891E-01
  4440.746 9.868E-01
  4441.032 9.857E-01
  4441.318 9.859E-01
  4441.604 9.872E-01
  4441.890 9.891E-01
  4442.176 9.910E-01
  4442.462 9.931E-01
  4442.748 9.959E-01
  4443.034 9.985E-01
  4443.320 9.999E-01
  4443.606 1.000E+00
  4443.892 1.000E+00
  4444.178 1.000E+00
  4444.464 9.999E-01
  4444.750 9.999E-01
  4445.036 9.999E-01
  4445.322 1.000E+00
  4445.608 1.000E+00
  4445.894 1.000E+00
  4446.180 1.000E+00
  4446.466 1.000E+00
  4446.752 1.001E+00
  4447.038 1.001E+00
  4447.324 1.001E+00
  4447.610 1.001E+00
  4447.896 1.001E+00
  4448.182 1.001E+00
  4448.468 1.001E+00
  4448.754 1.000E+00
  4449.040 1.000E+00
  4449.326 1.000E+00
  4449.612 9.999E-01
  4449.898 9.998E-01
  4450.184 9.996E-01
  4450.470 9.994E-01
  4450.756 9.993E-01
  4451.042 9.992E-01
  4451.328 9.990E-01
  4451.614 9.988E-01
  4451.900 9.986E-01
  4452.186 9.986E-01
  4452.472 9.986E-01
  4452.758 9.988E-01
  4453.044 9.990E-01
  4453.330 9.991E-01
  4453.616 9.993E-01
  4453.902 9.995E-01
  4454.188 9.997E-01
  4454.474 9.999E-01
  4454.760 1.000E+00
  4455.046 1.000E+00
  4455.332 1.000E+00
  4455.618 1.000E+00
  4455.904 1.000E+00
  4456.190 1.001E+00
  4456.476 1.001E+00
  4456.762 1.001E+00
  4457.048 1.001E+00
  4457.334 1.001E+00
  4457.620 1.001E+00
  4457.906 1.001E+00
  4458.192 1.000E+00
  4458.478 1.000E+00
  4458.764 1.000E+00
  4459.050 1.000E+00
  4459.336 1.000E+00
  4459.622 1.000E+00
  4459.908 1.000E+00
  4460.194 1.000E+00
  4460.480 1.000E+00
  4460.766 1.001E+00
  4461.052 1.001E+00
  4461.338 1.001E+00
  4461.624 1.001E+00
  4461.910 1.001E+00
  4462.196 1.000E+00
  4462.482 1.000E+00
  4462.768 9.997E-01
  4463.054 9.995E-01
  4463.340 9.993E-01
  4463.626 9.993E-01
  4463.912 9.994E-01
  4464.198 9.996E-01
  4464.484 9.998E-01
  4464.770 1.000E+00
  4465.056 1.000E+00
  4465.342 1.000E+00
  4465.628 1.000E+00
  4465.914 1.000E+00
  4466.200 1.000E+00
  4466.486 1.000E+00
  4466.772 1.000E+00
  4467.058 1.000E+00
  4467.344 9.998E-01
  4467.630 9.995E-01
  4467.916 9.994E-01
  4468.202 9.992E-01
  4468.488 9.992E-01
  4468.774 9.991E-01
  4469.060 9.990E-01
  4469.346 9.987E-01
  4469.632 9.965E-01
  4469.918 9.869E-01
  4470.204 9.659E-01
  4470.490 9.405E-01
  4470.776 9.198E-01
  4471.062 9.063E-01
  4471.348 8.994E-01
  4471.634 8.987E-01
  4471.920 9.041E-01
  4472.206 9.160E-01
  4472.492 9.349E-01
  4472.778 9.598E-01
  4473.064 9.830E-01
  4473.350 9.956E-01
  4473.636 9.992E-01
  4473.922 9.997E-01
  4474.208 9.998E-01
  4474.494 9.998E-01
  4474.780 9.999E-01
  4475.066 9.998E-01
  4475.352 9.998E-01
  4475.638 9.998E-01
  4475.924 9.997E-01
  4476.210 9.997E-01
  4476.496 9.996E-01
  4476.782 9.996E-01
  4477.068 9.996E-01
  4477.354 9.996E-01
  4477.640 9.997E-01
  4477.926 9.997E-01
  4478.212 9.997E-01
  4478.498 9.997E-01
  4478.784 9.996E-01
  4479.070 9.995E-01
  4479.356 9.994E-01
  4479.642 9.993E-01
  4479.928 9.989E-01
  4480.214 9.985E-01
  4480.500 9.983E-01
  4480.786 9.982E-01
  4481.072 9.982E-01
  4481.358 9.984E-01
  4481.644 9.985E-01
  4481.930 9.988E-01
  4482.216 9.991E-01
  4482.502 9.994E-01
  4482.788 9.998E-01
  4483.074 9.999E-01
  4483.360 1.000E+00
  4483.646 1.000E+00
  4483.932 1.000E+00
  4484.218 1.000E+00
  4484.504 1.000E+00
  4484.790 1.000E+00
  4485.076 1.000E+00
  4485.362 1.000E+00
  4485.648 1.000E+00
  4485.934 1.000E+00
  4486.220 1.000E+00
  4486.506 1.000E+00
  4486.792 1.000E+00
  4487.078 1.000E+00
  4487.364 1.000E+00
  4487.650 1.000E+00
  4487.936 1.000E+00
  4488.222 1.000E+00
  4488.508 1.000E+00
  4488.794 1.000E+00
  4489.080 1.000E+00
  4489.366 1.000E+00
  4489.652 1.000E+00
  4489.938 1.000E+00
  4490.224 1.000E+00
  4490.510 9.999E-01
  4490.796 9.999E-01
  4491.082 9.999E-01
  4491.368 9.999E-01
  4491.654 9.999E-01
  4491.940 1.000E+00
  4492.226 1.000E+00
  4492.512 1.000E+00
  4492.798 1.000E+00
  4493.084 1.000E+00
  4493.370 1.000E+00
  4493.656 1.000E+00
  4493.942 1.000E+00
  4494.228 1.000E+00
  4494.514 1.000E+00
  4494.800 1.000E+00
  4495.086 1.000E+00
  4495.372 1.000E+00
  4495.658 1.000E+00
  4495.944 1.000E+00
  4496.230 1.000E+00
  4496.516 1.000E+00
  4496.802 1.000E+00
  4497.088 9.999E-01
  4497.374 9.999E-01
  4497.660 1.000E+00
  4497.946 1.000E+00
  4498.232 1.000E+00
  4498.518 1.000E+00
  4498.804 1.000E+00
  4499.090 1.001E+00
  4499.376 1.001E+00
  4499.662 1.000E+00
  4499.948 1.000E+00
  4500.234 1.000E+00
  4500.520 1.000E+00
  4500.806 9.998E-01
  4501.092 9.992E-01
  4501.378 9.985E-01
  4501.664 9.978E-01
  4501.950 9.974E-01
  4502.236 9.972E-01
  4502.522 9.972E-01
  4502.808 9.973E-01
  4503.094 9.975E-01
  4503.380 9.980E-01
  4503.666 9.987E-01
  4503.952 9.994E-01
  4504.238 9.998E-01
  4504.524 9.998E-01
  4504.810 9.996E-01
  4505.096 9.995E-01
  4505.382 9.994E-01
  4505.668 9.994E-01
  4505.954 9.994E-01
  4506.240 9.994E-01
  4506.526 9.995E-01
  4506.812 9.997E-01
  4507.098 9.999E-01
  4507.384 1.000E+00
  4507.670 1.000E+00
  4507.956 1.000E+00
  4508.242 1.000E+00
  4508.528 1.000E+00
  4508.814 1.000E+00
  4509.100 1.000E+00
  4509.386 9.990E-01
  4509.672 9.973E-01
  4509.958 9.954E-01
  4510.244 9.941E-01
  4510.530 9.932E-01
  4510.816 9.927E-01
  4511.102 9.926E-01
  4511.388 9.930E-01
  4511.674 9.938E-01
  4511.960 9.952E-01
  4512.246 9.970E-01
  4512.532 9.987E-01
  4512.818 9.994E-01
  4513.104 9.993E-01
  4513.390 9.979E-01
  4513.676 9.956E-01
  4513.962 9.935E-01
  4514.248 9.921E-01
  4514.534 9.913E-01
  4514.820 9.910E-01
  4515.106 9.913E-01
  4515.392 9.922E-01
  4515.678 9.937E-01
  4515.964 9.958E-01
  4516.250 9.982E-01
  4516.536 9.998E-01
  4516.822 9.999E-01
  4517.108 9.994E-01
  4517.394 9.988E-01
  4517.680 9.985E-01
  4517.966 9.982E-01
  4518.252 9.981E-01
  4518.538 9.981E-01
  4518.824 9.983E-01
  4519.110 9.986E-01
  4519.396 9.991E-01
  4519.682 9.996E-01
  4519.968 9.999E-01
  4520.254 9.999E-01
  4520.540 1.000E+00
  4520.826 1.000E+00
  4521.112 1.000E+00
  4521.398 1.000E+00
  4521.684 1.000E+00
  4521.970 1.000E+00
  4522.256 9.996E-01
  4522.542 9.989E-01
  4522.828 9.984E-01
  4523.114 9.980E-01
  4523.400 9.978E-01
  4523.686 9.977E-01
  4523.972 9.977E-01
  4524.258 9.979E-01
  4524.544 9.983E-01
  4524.830 9.989E-01
  4525.116 9.995E-01
  4525.402 9.998E-01
  4525.688 9.998E-01
  4525.974 9.998E-01
  4526.260 9.999E-01
  4526.546 1.000E+00
  4526.832 1.000E+00
  4527.118 1.000E+00
  4527.404 1.001E+00
  4527.690 1.001E+00
  4527.976 1.000E+00
  4528.262 1.000E+00
  4528.548 1.000E+00
  4528.834 9.999E-01
  4529.120 9.997E-01
  4529.406 9.994E-01
  4529.692 9.992E-01
  4529.978 9.991E-01
  4530.264 9.991E-01
  4530.550 9.991E-01
  4530.836 9.991E-01
  4531.122 9.991E-01
  4531.408 9.992E-01
  4531.694 9.993E-01
  4531.980 9.994E-01
  4532.266 9.995E-01
  4532.552 9.996E-01
  4532.838 9.995E-01
  4533.124 9.991E-01
  4533.410 9.986E-01
  4533.696 9.985E-01
  4533.982 9.985E-01
  4534.268 9.986E-01
  4534.554 9.987E-01
  4534.840 9.988E-01
  4535.126 9.989E-01
  4535.412 9.990E-01
  4535.698 9.991E-01
  4535.984 9.992E-01
  4536.270 9.989E-01
  4536.556 9.982E-01
  4536.842 9.975E-01
  4537.128 9.969E-01
  4537.414 9.962E-01
  4537.700 9.954E-01
  4537.986 9.943E-01
  4538.272 9.928E-01
  4538.558 9.905E-01
  4538.844 9.872E-01
  4539.130 9.819E-01
  4539.416 9.731E-01
  4539.702 9.577E-01
  4539.988 9.337E-01
  4540.274 9.024E-01
  4540.560 8.694E-01
  4540.846 8.412E-01
  4541.132 8.215E-01
  4541.418 8.120E-01
  4541.704 8.129E-01
  4541.990 8.245E-01
  4542.276 8.459E-01
  4542.562 8.755E-01
  4542.848 9.087E-01
  4543.134 9.390E-01
  4543.420 9.613E-01
  4543.706 9.750E-01
  4543.992 9.828E-01
  4544.278 9.875E-01
  4544.564 9.905E-01
  4544.850 9.929E-01
  4545.136 9.949E-01
  4545.422 9.966E-01
  4545.708 9.979E-01
  4545.994 9.988E-01
  4546.280 9.995E-01
  4546.566 1.000E+00
  4546.852 1.000E+00
  4547.138 1.000E+00
  4547.424 9.996E-01
  4547.710 9.991E-01
  4547.996 9.988E-01
  4548.282 9.988E-01
  4548.568 9.989E-01
  4548.854 9.991E-01
  4549.140 9.992E-01
  4549.426 9.993E-01
  4549.712 9.993E-01
  4549.998 9.994E-01
  4550.284 9.994E-01
  4550.570 9.995E-01
  4550.856 9.995E-01
  4551.142 9.995E-01
  4551.428 9.996E-01
  4551.714 9.996E-01
  4552.000 9.997E-01
  4552.286 9.998E-01
  4552.572 9.997E-01
  4552.858 9.994E-01
  4553.144 9.990E-01
  4553.430 9.987E-01
  4553.716 9.986E-01
  4554.002 9.985E-01
  4554.288 9.986E-01
  4554.574 9.988E-01
  4554.860 9.990E-01
  4555.146 9.993E-01
  4555.432 9.997E-01
  4555.718 1.000E+00
  4556.004 1.000E+00
  4556.290 1.000E+00
  4556.576 9.995E-01
  4556.862 9.987E-01
  4557.148 9.980E-01
  4557.434 9.975E-01
  4557.720 9.973E-01
  4558.006 9.972E-01
  4558.292 9.972E-01
  4558.578 9.975E-01
  4558.864 9.978E-01
  4559.150 9.984E-01
  4559.436 9.991E-01
  4559.722 9.997E-01
  4560.008 9.999E-01
  4560.294 9.999E-01
  4560.580 1.000E+00
  4560.866 1.000E+00
  4561.152 1.000E+00
  4561.438 1.000E+00
  4561.724 9.999E-01
  4562.010 9.999E-01
  4562.296 9.999E-01
  4562.582 9.999E-01
  4562.868 9.999E-01
  4563.154 9.998E-01
  4563.440 9.998E-01
  4563.726 9.998E-01
  4564.012 9.999E-01
  4564.298 9.999E-01
  4564.584 9.999E-01
  4564.870 1.000E+00
  4565.156 1.000E+00
  4565.442 9.999E-01
  4565.728 9.999E-01
  4566.014 9.999E-01
  4566.300 9.999E-01
  4566.586 9.999E-01
  4566.872 9.999E-01
  4567.158 9.999E-01
  4567.444 9.996E-01
  4567.730 9.982E-01
  4568.016 9.955E-01
  4568.302 9.928E-01
  4568.588 9.909E-01
  4568.874 9.897E-01
  4569.160 9.891E-01
  4569.446 9.892E-01
  4569.732 9.899E-01
  4570.018 9.912E-01
  4570.304 9.933E-01
  4570.590 9.961E-01
  4570.876 9.986E-01
  4571.162 9.997E-01
  4571.448 9.999E-01
  4571.734 9.999E-01
  4572.020 9.999E-01
  4572.306 1.000E+00
  4572.592 1.000E+00
  4572.878 1.000E+00
  4573.164 1.000E+00
  4573.450 1.000E+00
  4573.736 1.000E+00
  4574.022 1.000E+00
  4574.308 1.000E+00
  4574.594 1.000E+00
  4574.880 1.000E+00
  4575.166 1.000E+00
  4575.452 1.000E+00
  4575.738 1.000E+00
  4576.024 1.000E+00
  4576.310 1.000E+00
  4576.596 1.000E+00
  4576.882 1.000E+00
  4577.168 1.000E+00
  4577.454 1.000E+00
  4577.740 1.000E+00
  4578.026 1.000E+00
  4578.312 1.000E+00
  4578.598 1.000E+00
  4578.884 1.000E+00
  4579.170 1.000E+00
  4579.456 1.000E+00
  4579.742 1.000E+00
  4580.028 1.000E+00
  4580.314 1.000E+00
  4580.600 1.000E+00
  4580.886 1.000E+00
  4581.172 1.000E+00
  4581.458 1.000E+00
  4581.744 1.000E+00
  4582.030 1.000E+00
  4582.316 1.000E+00
  4582.602 1.000E+00
  4582.888 1.000E+00
  4583.174 1.000E+00
  4583.460 1.000E+00
  4583.746 1.000E+00
  4584.032 1.000E+00
  4584.318 1.000E+00
  4584.604 1.000E+00
  4584.890 1.000E+00
  4585.176 1.000E+00
  4585.462 1.000E+00
  4585.748 9.999E-01
  4586.034 9.997E-01
  4586.320 9.990E-01
  4586.606 9.980E-01
  4586.892 9.973E-01
  4587.178 9.969E-01
  4587.464 9.966E-01
  4587.750 9.966E-01
  4588.036 9.967E-01
  4588.322 9.970E-01
  4588.608 9.976E-01
  4588.894 9.984E-01
  4589.180 9.993E-01
  4589.466 9.999E-01
  4589.752 1.000E+00
  4590.038 1.000E+00
  4590.324 9.999E-01
  4590.610 9.997E-01
  4590.896 9.992E-01
  4591.182 9.987E-01
  4591.468 9.984E-01
  4591.754 9.982E-01
  4592.040 9.981E-01
  4592.326 9.981E-01
  4592.612 9.982E-01
  4592.898 9.984E-01
  4593.184 9.988E-01
  4593.470 9.993E-01
  4593.756 9.998E-01
  4594.042 1.000E+00
  4594.328 1.000E+00
  4594.614 1.000E+00
  4594.900 1.000E+00
  4595.186 1.000E+00
  4595.472 1.000E+00
  4595.758 1.000E+00
  4596.044 1.000E+00
  4596.330 1.000E+00
  4596.616 1.000E+00
  4596.902 1.000E+00
  4597.188 9.999E-01
  4597.474 9.998E-01
  4597.760 9.997E-01
  4598.046 9.997E-01
  4598.332 9.996E-01
  4598.618 9.995E-01
  4598.904 9.995E-01
  4599.190 9.997E-01
  4599.476 9.999E-01
  4599.762 9.999E-01
