  3980.000 9.818E-01
  3981.001 9.846E-01
  3982.002 9.862E-01
  3983.003 9.878E-01
  3984.004 9.894E-01
  3985.005 9.910E-01
  3986.006 9.924E-01
  3987.007 9.937E-01
  3988.008 9.948E-01
  3989.009 9.955E-01
  3990.010 9.960E-01
  3991.011 9.964E-01
  3992.012 9.968E-01
  3993.013 9.971E-01
  3994.014 9.971E-01
  3995.015 9.964E-01
  3996.016 9.959E-01
  3997.017 9.956E-01
  3998.018 9.954E-01
  3999.019 9.949E-01
  4000.020 9.938E-01
  4001.021 9.928E-01
  4002.022 9.922E-01
  4003.023 9.920E-01
  4004.024 9.912E-01
  4005.025 9.882E-01
  4006.026 9.846E-01
  4007.027 9.824E-01
  4008.028 9.817E-01
  4009.029 9.818E-01
  4010.030 9.825E-01
  4011.031 9.838E-01
  4012.032 9.861E-01
  4013.033 9.893E-01
  4014.034 9.929E-01
  4015.035 9.941E-01
  4016.036 9.939E-01
  4017.037 9.929E-01
  4018.038 9.911E-01
  4019.039 9.879E-01
  4020.040 9.821E-01
  4021.041 9.707E-01
  4022.042 9.457E-01
  4023.043 9.188E-01
  4024.044 8.995E-01
  4025.045 8.884E-01
  4026.046 8.853E-01
  4027.047 8.901E-01
  4028.048 9.026E-01
  4029.049 9.223E-01
  4030.050 9.476E-01
  4031.051 9.740E-01
  4032.052 9.855E-01
  4033.053 9.899E-01
  4034.054 9.923E-01
  4035.055 9.939E-01
  4036.056 9.951E-01
  4037.057 9.960E-01
  4038.058 9.968E-01
  4039.059 9.974E-01
  4040.060 9.976E-01
  4041.061 9.975E-01
  4042.062 9.975E-01
  4043.063 9.976E-01
  4044.064 9.977E-01
  4045.065 9.978E-01
  4046.066 9.981E-01
  4047.067 9.983E-01
  4048.068 9.986E-01
  4049.069 9.989E-01
  4050.070 9.992E-01
  4051.071 9.991E-01
  4052.072 9.979E-01
  4053.073 9.968E-01
  4054.074 9.960E-01
  4055.075 9.954E-01
  4056.076 9.952E-01
  4057.077 9.954E-01
  4058.078 9.958E-01
  4059.079 9.964E-01
  4060.080 9.974E-01
  4061.081 9.986E-01
  4062.082 9.988E-01
  4063.083 9.980E-01
  4064.084 9.906E-01
  4065.085 9.774E-01
  4066.086 9.601E-01
  4067.087 9.469E-01
  4068.088 9.364E-01
  4069.089 9.309E-01
  4070.090 9.304E-01
  4071.091 9.345E-01
  4072.092 9.410E-01
  4073.093 9.540E-01
  4074.094 9.671E-01
  4075.095 9.774E-01
  4076.096 9.805E-01
  4077.097 9.834E-01
  4078.098 9.845E-01
  4079.099 9.865E-01
  4080.100 9.894E-01
  4081.101 9.917E-01
  4082.102 9.914E-01
  4083.103 9.913E-01
  4084.104 9.884E-01
  4085.105 9.749E-01
  4086.106 9.655E-01
  4087.107 9.585E-01
  4088.108 9.537E-01
  4089.109 9.505E-01
  4090.110 9.492E-01
  4091.111 9.488E-01
  4092.112 9.495E-01
  4093.113 9.464E-01
  4094.114 9.396E-01
  4095.115 9.204E-01
  4096.116 8.942E-01
  4097.117 8.581E-01
  4098.118 8.154E-01
  4099.119 7.755E-01
  4100.120 7.471E-01
  4101.121 7.347E-01
  4102.122 7.404E-01
  4103.123 7.560E-01
  4104.124 7.840E-01
  4105.125 8.232E-01
  4106.126 8.681E-01
  4107.127 9.079E-01
  4108.128 9.365E-01
  4109.129 9.544E-01
  4110.130 9.659E-01
  4111.131 9.725E-01
  4112.132 9.675E-01
  4113.133 9.639E-01
  4114.134 9.620E-01
  4115.135 9.601E-01
  4116.136 9.576E-01
  4117.137 9.520E-01
  4118.138 9.499E-01
  4119.139 9.520E-01
  4120.140 9.586E-01
  4121.141 9.692E-01
  4122.142 9.724E-01
  4123.143 9.764E-01
  4124.144 9.823E-01
  4125.145 9.891E-01
  4126.146 9.955E-01
  4127.147 9.969E-01
  4128.148 9.970E-01
  4129.149 9.967E-01
  4130.150 9.967E-01
  4131.151 9.968E-01
  4132.152 9.971E-01
  4133.153 9.974E-01
  4134.154 9.976E-01
  4135.155 9.977E-01
  4136.156 9.978E-01
  4137.157 9.979E-01
  4138.158 9.973E-01
  4139.159 9.931E-01
  4140.160 9.858E-01
  4141.161 9.804E-01
  4142.162 9.770E-01
  4143.163 9.754E-01
  4144.164 9.754E-01
  4145.165 9.768E-01
  4146.166 9.797E-01
  4147.167 9.845E-01
  4148.168 9.908E-01
  4149.169 9.952E-01
  4150.170 9.955E-01
  4151.171 9.953E-01
  4152.172 9.945E-01
  4153.173 9.939E-01
  4154.174 9.938E-01
  4155.175 9.941E-01
  4156.176 9.947E-01
  4157.177 9.957E-01
  4158.178 9.964E-01
  4159.179 9.958E-01
  4160.180 9.956E-01
  4161.181 9.959E-01
  4162.182 9.961E-01
  4163.183 9.961E-01
  4164.184 9.959E-01
  4165.185 9.952E-01
  4166.186 9.950E-01
  4167.187 9.954E-01
  4168.188 9.959E-01
  4169.189 9.958E-01
  4170.190 9.958E-01
  4171.191 9.961E-01
  4172.192 9.966E-01
  4173.193 9.974E-01
  4174.194 9.985E-01
  4175.195 9.988E-01
  4176.196 9.990E-01
  4177.197 9.991E-01
  4178.198 9.992E-01
  4179.199 9.992E-01
  4180.200 9.989E-01
  4181.201 9.984E-01
  4182.202 9.968E-01
  4183.203 9.938E-01
  4184.204 9.917E-01
  4185.205 9.900E-01
  4186.206 9.888E-01
  4187.207 9.882E-01
  4188.208 9.882E-01
  4189.209 9.888E-01
  4190.210 9.896E-01
  4191.211 9.904E-01
  4192.212 9.903E-01
  4193.213 9.868E-01
  4194.214 9.811E-01
  4195.215 9.722E-01
  4196.216 9.609E-01
  4197.217 9.509E-01
  4198.218 9.436E-01
  4199.219 9.399E-01
  4200.220 9.400E-01
  4201.221 9.438E-01
  4202.222 9.509E-01
  4203.223 9.606E-01
  4204.224 9.718E-01
  4205.225 9.817E-01
  4206.226 9.881E-01
  4207.227 9.918E-01
  4208.228 9.917E-01
  4209.229 9.912E-01
  4210.230 9.908E-01
  4211.231 9.906E-01
  4212.232 9.906E-01
  4213.233 9.911E-01
  4214.234 9.920E-01
  4215.235 9.933E-01
  4216.236 9.954E-01
  4217.237 9.983E-01
  4218.238 9.993E-01
  4219.239 9.994E-01
  4220.240 9.996E-01
  4221.241 9.997E-01
  4222.242 9.997E-01
  4223.243 9.997E-01
  4224.244 9.997E-01
  4225.245 9.996E-01
  4226.246 9.996E-01
  4227.247 9.997E-01
  4228.248 9.998E-01
  4229.249 9.999E-01
  4230.250 1.000E+00
  4231.251 1.000E+00
  4232.252 1.000E+00
  4233.253 9.999E-01
  4234.254 9.998E-01
  4235.255 9.997E-01
  4236.256 9.995E-01
  4237.257 9.993E-01
  4238.258 9.992E-01
  4239.259 9.991E-01
  4240.260 9.992E-01
  4241.261 9.992E-01
  4242.262 9.992E-01
  4243.263 9.990E-01
  4244.264 9.989E-01
  4245.265 9.988E-01
  4246.266 9.988E-01
  4247.267 9.988E-01
  4248.268 9.990E-01
  4249.269 1.000E+00
  4250.270 1.003E+00
  4251.271 1.005E+00
  4252.272 1.006E+00
  4253.273 1.007E+00
  4254.274 1.006E+00
  4255.275 1.006E+00
  4256.276 1.005E+00
  4257.277 1.004E+00
  4258.278 1.002E+00
  4259.279 9.992E-01
  4260.280 9.991E-01
  4261.281 9.993E-01
  4262.282 9.993E-01
  4263.283 9.990E-01
  4264.284 9.987E-01
  4265.285 9.986E-01
  4266.286 9.985E-01
  4267.287 9.985E-01
  4268.288 9.985E-01
  4269.289 9.986E-01
  4270.290 9.988E-01
  4271.291 9.989E-01
  4272.292 9.990E-01
  4273.293 9.987E-01
  4274.294 9.984E-01
  4275.295 9.982E-01
  4276.296 9.981E-01
  4277.297 9.981E-01
  4278.298 9.983E-01
  4279.299 9.984E-01
  4280.300 9.986E-01
  4281.301 9.987E-01
  4282.302 9.987E-01
  4283.303 9.988E-01
  4284.304 9.987E-01
  4285.305 9.986E-01
  4286.306 9.982E-01
  4287.307 9.980E-01
  4288.308 9.980E-01
  4289.309 9.980E-01
  4290.310 9.981E-01
  4291.311 9.982E-01
  4292.312 9.983E-01
  4293.313 9.986E-01
  4294.314 9.990E-01
  4295.315 9.994E-01
  4296.316 9.997E-01
  4297.317 9.997E-01
  4298.318 9.999E-01
  4299.319 1.000E+00
  4300.320 1.000E+00
  4301.321 9.998E-01
  4302.322 9.996E-01
  4303.323 9.994E-01
  4304.324 9.992E-01
  4305.325 9.990E-01
  4306.326 9.988E-01
  4307.327 9.984E-01
  4308.328 9.981E-01
  4309.329 9.979E-01
  4310.330 9.974E-01
  4311.331 9.970E-01
  4312.332 9.964E-01
  4313.333 9.958E-01
  4314.334 9.953E-01
  4315.335 9.946E-01
  4316.336 9.939E-01
  4317.337 9.934E-01
  4318.338 9.932E-01
  4319.339 9.932E-01
  4320.340 9.929E-01
  4321.341 9.923E-01
  4322.342 9.918E-01
  4323.343 9.908E-01
  4324.344 9.895E-01
  4325.345 9.880E-01
  4326.346 9.862E-01
  4327.347 9.840E-01
  4328.348 9.810E-01
  4329.349 9.774E-01
  4330.350 9.726E-01
  4331.351 9.659E-01
  4332.352 9.560E-01
  4333.353 9.418E-01
  4334.354 9.206E-01
  4335.355 8.892E-01
  4336.356 8.490E-01
  4337.357 8.098E-01
  4338.358 7.792E-01
  4339.359 7.599E-01
  4340.360 7.537E-01
  4341.361 7.601E-01
  4342.362 7.790E-01
  4343.363 8.084E-01
  4344.364 8.461E-01
  4345.365 8.855E-01
  4346.366 9.169E-01
  4347.367 9.367E-01
  4348.368 9.500E-01
  4349.369 9.597E-01
  4350.370 9.672E-01
  4351.371 9.732E-01
  4352.372 9.781E-01
  4353.373 9.818E-01
  4354.374 9.853E-01
  4355.375 9.883E-01
  4356.376 9.912E-01
  4357.377 9.924E-01
  4358.378 9.933E-01
  4359.379 9.941E-01
  4360.380 9.949E-01
  4361.381 9.956E-01
  4362.382 9.959E-01
  4363.383 9.958E-01
  4364.384 9.958E-01
  4365.385 9.958E-01
  4366.386 9.959E-01
  4367.387 9.960E-01
  4368.388 9.959E-01
  4369.389 9.960E-01
  4370.390 9.963E-01
  4371.391 9.966E-01
  4372.392 9.970E-01
  4373.393 9.973E-01
  4374.394 9.980E-01
  4375.395 9.980E-01
  4376.396 9.981E-01
  4377.397 9.983E-01
  4378.398 9.980E-01
  4379.399 9.977E-01
  4380.400 9.974E-01
  4381.401 9.967E-01
  4382.402 9.943E-01
  4383.403 9.857E-01
  4384.404 9.770E-01
  4385.405 9.706E-01
  4386.406 9.668E-01
  4387.407 9.657E-01
  4388.408 9.668E-01
  4389.409 9.694E-01
  4390.410 9.738E-01
  4391.411 9.802E-01
  4392.412 9.890E-01
  4393.413 9.976E-01
  4394.414 9.996E-01
  4395.415 9.994E-01
  4396.416 9.988E-01
  4397.417 9.982E-01
  4398.418 9.983E-01
  4399.419 9.982E-01
  4400.420 9.983E-01
  4401.421 9.983E-01
  4402.422 9.981E-01
  4403.423 9.980E-01
  4404.424 9.983E-01
  4405.425 9.990E-01
  4406.426 9.995E-01
  4407.427 1.000E+00
  4408.428 1.001E+00
  4409.429 1.001E+00
  4410.430 1.001E+00
  4411.431 1.000E+00
  4412.432 9.995E-01
  4413.433 9.987E-01
  4414.434 9.977E-01
  4415.435 9.973E-01
  4416.436 9.972E-01
  4417.437 9.973E-01
  4418.438 9.974E-01
  4419.439 9.981E-01
  4420.440 9.989E-01
  4421.441 9.993E-01
  4422.442 9.997E-01
  4423.443 9.999E-01
  4424.444 1.000E+00
  4425.445 1.001E+00
  4426.446 1.001E+00
  4427.447 1.001E+00
  4428.448 1.001E+00
  4429.449 1.001E+00
  4430.450 1.001E+00
  4431.451 1.000E+00
  4432.452 9.994E-01
  4433.453 9.976E-01
  4434.454 9.963E-01
  4435.455 9.955E-01
  4436.456 9.950E-01
  4437.457 9.946E-01
  4438.458 9.946E-01
  4439.459 9.949E-01
  4440.460 9.956E-01
  4441.461 9.967E-01
  4442.462 9.983E-01
  4443.463 9.992E-01
  4444.464 9.996E-01
  4445.465 9.999E-01
  4446.466 1.000E+00
  4447.467 1.000E+00
  4448.468 9.996E-01
  4449.469 9.993E-01
  4450.470 9.990E-01
  4451.471 9.987E-01
  4452.472 9.986E-01
  4453.473 9.987E-01
  4454.474 9.988E-01
  4455.475 9.990E-01
  4456.476 9.993E-01
  4457.477 9.995E-01
  4458.478 9.995E-01
  4459.479 9.993E-01
  4460.480 9.995E-01
  4461.481 9.999E-01
  4462.482 1.000E+00
  4463.483 1.000E+00
  4464.484 9.987E-01
  4465.485 9.934E-01
  4466.486 9.795E-01
  4467.487 9.554E-01
  4468.488 9.365E-01
  4469.489 9.234E-01
  4470.490 9.157E-01
  4471.491 9.134E-01
  4472.492 9.165E-01
  4473.493 9.249E-01
  4474.494 9.389E-01
  4475.495 9.576E-01
  4476.496 9.782E-01
  4477.497 9.907E-01
  4478.498 9.927E-01
  4479.499 9.929E-01
  4480.500 9.930E-01
  4481.501 9.932E-01
  4482.502 9.939E-01
  4483.503 9.956E-01
  4484.504 9.976E-01
  4485.505 9.999E-01
  4486.506 1.002E+00
  4487.507 1.003E+00
  4488.508 1.003E+00
  4489.509 1.002E+00
  4490.510 1.002E+00
  4491.511 1.002E+00
  4492.512 1.001E+00
  4493.513 1.000E+00
  4494.514 1.000E+00
  4495.515 1.000E+00
  4496.516 1.000E+00
  4497.517 1.000E+00
  4498.518 1.000E+00
  4499.519 1.000E+00
  4500.520 1.000E+00
  4501.521 1.000E+00
  4502.522 9.998E-01
  4503.523 9.997E-01
  4504.524 9.995E-01
  4505.525 9.992E-01
  4506.526 9.968E-01
  4507.527 9.950E-01
  4508.528 9.936E-01
  4509.529 9.925E-01
  4510.530 9.893E-01
  4511.531 9.872E-01
  4512.532 9.856E-01
  4513.533 9.844E-01
  4514.534 9.845E-01
  4515.535 9.859E-01
  4516.536 9.883E-01
  4517.537 9.896E-01
  4518.538 9.909E-01
  4519.539 9.925E-01
  4520.540 9.948E-01
  4521.541 9.956E-01
  4522.542 9.962E-01
  4523.543 9.968E-01
  4524.544 9.965E-01
  4525.545 9.962E-01
  4526.546 9.960E-01
  4527.547 9.960E-01
  4528.548 9.963E-01
  4529.549 9.960E-01
  4530.550 9.950E-01
  4531.551 9.940E-01
  4532.552 9.927E-01
  4533.553 9.908E-01
  4534.554 9.878E-01
  4535.555 9.817E-01
  4536.556 9.711E-01
  4537.557 9.577E-01
  4538.558 9.456E-01
  4539.559 9.367E-01
  4540.560 9.311E-01
  4541.561 9.293E-01
  4542.562 9.314E-01
  4543.563 9.373E-01
  4544.564 9.469E-01
  4545.565 9.595E-01
  4546.566 9.731E-01
  4547.567 9.832E-01
  4548.568 9.885E-01
  4549.569 9.914E-01
  4550.570 9.930E-01
  4551.571 9.939E-01
  4552.572 9.946E-01
  4553.573 9.954E-01
  4554.574 9.961E-01
  4555.575 9.968E-01
  4556.576 9.977E-01
  4557.577 9.987E-01
  4558.578 9.995E-01
  4559.579 9.997E-01
  4560.580 9.998E-01
  4561.581 9.998E-01
  4562.582 9.996E-01
  4563.583 9.988E-01
  4564.584 9.976E-01
  4565.585 9.966E-01
  4566.586 9.959E-01
  4567.587 9.955E-01
  4568.588 9.954E-01
  4569.589 9.955E-01
  4570.590 9.956E-01
  4571.591 9.961E-01
  4572.592 9.970E-01
  4573.593 9.981E-01
  4574.594 9.991E-01
  4575.595 9.993E-01
  4576.596 9.993E-01
  4577.597 9.994E-01
  4578.598 9.996E-01
  4579.599 9.997E-01
  4580.600 9.999E-01
  4581.601 9.999E-01
  4582.602 9.997E-01
  4583.603 9.995E-01
  4584.604 9.993E-01
  4585.605 9.988E-01
  4586.606 9.968E-01
  4587.607 9.953E-01
  4588.608 9.943E-01
  4589.609 9.938E-01
  4590.610 9.935E-01
  4591.611 9.922E-01
  4592.612 9.916E-01
  4593.613 9.916E-01
  4594.614 9.920E-01
  4595.615 9.931E-01
  4596.616 9.949E-01
  4597.617 9.954E-01
  4598.618 9.959E-01
  4599.619 9.965E-01
