  3980.000 9.916E-01
  3981.430 9.939E-01
  3982.860 9.949E-01
  3984.290 9.957E-01
  3985.720 9.965E-01
  3987.150 9.972E-01
  3988.580 9.977E-01
  3990.010 9.980E-01
  3991.440 9.983E-01
  3992.870 9.981E-01
  3994.300 9.979E-01
  3995.730 9.978E-01
  3997.160 9.975E-01
  3998.590 9.969E-01
  4000.020 9.964E-01
  4001.450 9.961E-01
  4002.880 9.959E-01
  4004.310 9.958E-01
  4005.740 9.960E-01
  4007.170 9.960E-01
  4008.600 9.963E-01
  4010.030 9.969E-01
  4011.460 9.972E-01
  4012.890 9.973E-01
  4014.320 9.970E-01
  4015.750 9.963E-01
  4017.180 9.941E-01
  4018.610 9.877E-01
  4020.040 9.710E-01
  4021.470 9.527E-01
  4022.900 9.397E-01
  4024.330 9.320E-01
  4025.760 9.294E-01
  4027.190 9.318E-01
  4028.620 9.393E-01
  4030.050 9.519E-01
  4031.480 9.691E-01
  4032.910 9.875E-01
  4034.340 9.944E-01
  4035.770 9.965E-01
  4037.200 9.976E-01
  4038.630 9.981E-01
  4040.060 9.985E-01
  4041.490 9.987E-01
  4042.920 9.988E-01
  4044.350 9.989E-01
  4045.780 9.990E-01
  4047.210 9.991E-01
  4048.640 9.993E-01
  4050.070 9.992E-01
  4051.500 9.992E-01
  4052.930 9.990E-01
  4054.360 9.991E-01
  4055.790 9.992E-01
  4057.220 9.994E-01
  4058.650 9.995E-01
  4060.080 9.995E-01
  4061.510 9.973E-01
  4062.940 9.893E-01
  4064.370 9.774E-01
  4065.800 9.681E-01
  4067.230 9.619E-01
  4068.660 9.587E-01
  4070.090 9.582E-01
  4071.520 9.607E-01
  4072.950 9.665E-01
  4074.380 9.761E-01
  4075.810 9.876E-01
  4077.240 9.945E-01
  4078.670 9.953E-01
  4080.100 9.956E-01
  4081.530 9.955E-01
  4082.960 9.899E-01
  4084.390 9.845E-01
  4085.820 9.806E-01
  4087.250 9.776E-01
  4088.680 9.751E-01
  4090.110 9.721E-01
  4091.540 9.640E-01
  4092.970 9.526E-01
  4094.400 9.334E-01
  4095.830 9.025E-01
  4097.260 8.629E-01
  4098.690 8.323E-01
  4100.120 8.149E-01
  4101.550 8.108E-01
  4102.980 8.201E-01
  4104.410 8.433E-01
  4105.840 8.739E-01
  4107.270 9.123E-01
  4108.700 9.502E-01
  4110.130 9.697E-01
  4111.560 9.767E-01
  4112.990 9.794E-01
  4114.420 9.795E-01
  4115.850 9.783E-01
  4117.280 9.781E-01
  4118.710 9.791E-01
  4120.140 9.813E-01
  4121.570 9.850E-01
  4123.000 9.909E-01
  4124.430 9.929E-01
  4125.860 9.947E-01
  4127.290 9.971E-01
  4128.720 9.989E-01
  4130.150 9.993E-01
  4131.580 9.995E-01
  4133.010 9.996E-01
  4134.440 9.997E-01
  4135.870 9.997E-01
  4137.300 9.993E-01
  4138.730 9.985E-01
  4140.160 9.980E-01
  4141.590 9.975E-01
  4143.020 9.973E-01
  4144.450 9.972E-01
  4145.880 9.973E-01
  4147.310 9.974E-01
  4148.740 9.978E-01
  4150.170 9.984E-01
  4151.600 9.988E-01
  4153.030 9.988E-01
  4154.460 9.988E-01
  4155.890 9.988E-01
  4157.320 9.986E-01
  4158.750 9.986E-01
  4160.180 9.987E-01
  4161.610 9.988E-01
  4163.040 9.988E-01
  4164.470 9.989E-01
  4165.900 9.987E-01
  4167.330 9.986E-01
  4168.760 9.987E-01
  4170.190 9.989E-01
  4171.620 9.988E-01
  4173.050 9.989E-01
  4174.480 9.990E-01
  4175.910 9.991E-01
  4177.340 9.992E-01
  4178.770 9.993E-01
  4180.200 9.988E-01
  4181.630 9.979E-01
  4183.060 9.973E-01
  4184.490 9.968E-01
  4185.920 9.964E-01
  4187.350 9.960E-01
  4188.780 9.954E-01
  4190.210 9.943E-01
  4191.640 9.911E-01
  4193.070 9.816E-01
  4194.500 9.668E-01
  4195.930 9.537E-01
  4197.360 9.445E-01
  4198.790 9.395E-01
  4200.220 9.388E-01
  4201.650 9.421E-01
  4203.080 9.496E-01
  4204.510 9.611E-01
  4205.940 9.752E-01
  4207.370 9.875E-01
  4208.800 9.924E-01
  4210.230 9.941E-01
  4211.660 9.949E-01
  4213.090 9.956E-01
  4214.520 9.964E-01
  4215.950 9.973E-01
  4217.380 9.984E-01
  4218.810 9.997E-01
  4220.240 1.001E+00
  4221.670 1.001E+00
  4223.100 1.001E+00
  4224.530 1.000E+00
  4225.960 1.000E+00
  4227.390 1.000E+00
  4228.820 1.000E+00
  4230.250 1.000E+00
  4231.680 1.000E+00
  4233.110 1.000E+00
  4234.540 1.000E+00
  4235.970 1.000E+00
  4237.400 1.000E+00
  4238.830 9.998E-01
  4240.260 9.997E-01
  4241.690 9.996E-01
  4243.120 9.996E-01
  4244.550 9.998E-01
  4245.980 1.000E+00
  4247.410 1.000E+00
  4248.840 1.001E+00
  4250.270 1.001E+00
  4251.700 1.002E+00
  4253.130 1.002E+00
  4254.560 1.002E+00
  4255.990 1.002E+00
  4257.420 1.001E+00
  4258.850 1.001E+00
  4260.280 1.000E+00
  4261.710 9.996E-01
  4263.140 9.997E-01
  4264.570 9.997E-01
  4266.000 9.997E-01
  4267.430 9.998E-01
  4268.860 9.998E-01
  4270.290 9.997E-01
  4271.720 9.996E-01
  4273.150 9.995E-01
  4274.580 9.995E-01
  4276.010 9.995E-01
  4277.440 9.995E-01
  4278.870 9.995E-01
  4280.300 9.996E-01
  4281.730 9.996E-01
  4283.160 9.997E-01
  4284.590 9.996E-01
  4286.020 9.995E-01
  4287.450 9.994E-01
  4288.880 9.993E-01
  4290.310 9.994E-01
  4291.740 9.995E-01
  4293.170 9.997E-01
  4294.600 9.998E-01
  4296.030 1.000E+00
  4297.460 1.000E+00
  4298.890 1.000E+00
  4300.320 1.000E+00
  4301.750 9.999E-01
  4303.180 9.998E-01
  4304.610 9.996E-01
  4306.040 9.994E-01
  4307.470 9.993E-01
  4308.900 9.991E-01
  4310.330 9.990E-01
  4311.760 9.989E-01
  4313.190 9.987E-01
  4314.620 9.985E-01
  4316.050 9.983E-01
  4317.480 9.980E-01
  4318.910 9.977E-01
  4320.340 9.973E-01
  4321.770 9.967E-01
  4323.200 9.960E-01
  4324.630 9.950E-01
  4326.060 9.935E-01
  4327.490 9.911E-01
  4328.920 9.871E-01
  4330.350 9.797E-01
  4331.780 9.650E-01
  4333.210 9.385E-01
  4334.640 9.003E-01
  4336.070 8.647E-01
  4337.500 8.386E-01
  4338.930 8.233E-01
  4340.360 8.195E-01
  4341.790 8.264E-01
  4343.220 8.444E-01
  4344.650 8.727E-01
  4346.080 9.089E-01
  4347.510 9.454E-01
  4348.940 9.703E-01
  4350.370 9.818E-01
  4351.800 9.877E-01
  4353.230 9.911E-01
  4354.660 9.933E-01
  4356.090 9.947E-01
  4357.520 9.958E-01
  4358.950 9.967E-01
  4360.380 9.972E-01
  4361.810 9.977E-01
  4363.240 9.982E-01
  4364.670 9.987E-01
  4366.100 9.989E-01
  4367.530 9.990E-01
  4368.960 9.990E-01
  4370.390 9.990E-01
  4371.820 9.991E-01
  4373.250 9.986E-01
  4374.680 9.982E-01
  4376.110 9.979E-01
  4377.540 9.975E-01
  4378.970 9.974E-01
  4380.400 9.972E-01
  4381.830 9.958E-01
  4383.260 9.949E-01
  4384.690 9.947E-01
  4386.120 9.953E-01
  4387.550 9.960E-01
  4388.980 9.964E-01
  4390.410 9.971E-01
  4391.840 9.979E-01
  4393.270 9.988E-01
  4394.700 1.000E+00
  4396.130 1.001E+00
  4397.560 1.000E+00
  4398.990 9.997E-01
  4400.420 9.993E-01
  4401.850 9.994E-01
  4403.280 9.998E-01
  4404.710 1.000E+00
  4406.140 1.000E+00
  4407.570 1.001E+00
  4409.000 1.001E+00
  4410.430 1.002E+00
  4411.860 1.002E+00
  4413.290 1.002E+00
  4414.720 1.002E+00
  4416.150 1.002E+00
  4417.580 1.001E+00
  4419.010 1.001E+00
  4420.440 1.001E+00
  4421.870 1.001E+00
  4423.300 1.001E+00
  4424.730 1.001E+00
  4426.160 1.001E+00
  4427.590 1.001E+00
  4429.020 1.001E+00
  4430.450 1.001E+00
  4431.880 1.001E+00
  4433.310 1.000E+00
  4434.740 9.994E-01
  4436.170 9.984E-01
  4437.600 9.979E-01
  4439.030 9.976E-01
  4440.460 9.977E-01
  4441.890 9.979E-01
  4443.320 9.982E-01
  4444.750 9.986E-01
  4446.180 9.989E-01
  4447.610 9.993E-01
  4449.040 9.999E-01
  4450.470 9.999E-01
  4451.900 9.999E-01
  4453.330 9.999E-01
  4454.760 9.999E-01
  4456.190 9.999E-01
  4457.620 1.000E+00
  4459.050 1.000E+00
  4460.480 1.000E+00
  4461.910 1.000E+00
  4463.340 9.990E-01
  4464.770 9.893E-01
  4466.200 9.785E-01
  4467.630 9.709E-01
  4469.060 9.660E-01
  4470.490 9.634E-01
  4471.920 9.629E-01
  4473.350 9.643E-01
  4474.780 9.675E-01
  4476.210 9.733E-01
  4477.640 9.823E-01
  4479.070 9.949E-01
  4480.500 9.974E-01
  4481.930 9.978E-01
  4483.360 9.982E-01
  4484.790 9.987E-01
  4486.220 9.992E-01
  4487.650 9.999E-01
  4489.080 1.001E+00
  4490.510 1.001E+00
  4491.940 1.001E+00
  4493.370 1.000E+00
  4494.800 1.000E+00
  4496.230 1.000E+00
  4497.660 1.000E+00
  4499.090 1.000E+00
  4500.520 9.999E-01
  4501.950 9.998E-01
  4503.380 9.996E-01
  4504.810 9.985E-01
  4506.240 9.976E-01
  4507.670 9.965E-01
  4509.100 9.951E-01
  4510.530 9.941E-01
  4511.960 9.932E-01
  4513.390 9.929E-01
  4514.820 9.929E-01
  4516.250 9.934E-01
  4517.680 9.942E-01
  4519.110 9.953E-01
  4520.540 9.961E-01
  4521.970 9.972E-01
  4523.400 9.980E-01
  4524.830 9.981E-01
  4526.260 9.981E-01
  4527.690 9.977E-01
  4529.120 9.973E-01
  4530.550 9.966E-01
  4531.980 9.947E-01
  4533.410 9.890E-01
  4534.840 9.745E-01
  4536.270 9.585E-01
  4537.700 9.460E-01
  4539.130 9.376E-01
  4540.560 9.333E-01
  4541.990 9.328E-01
  4543.420 9.360E-01
  4544.850 9.431E-01
  4546.280 9.543E-01
  4547.710 9.692E-01
  4549.140 9.856E-01
  4550.570 9.940E-01
  4552.000 9.969E-01
  4553.430 9.980E-01
  4554.860 9.985E-01
  4556.290 9.989E-01
  4557.720 9.991E-01
  4559.150 9.993E-01
  4560.580 9.994E-01
  4562.010 9.990E-01
  4563.440 9.981E-01
  4564.870 9.975E-01
  4566.300 9.971E-01
  4567.730 9.969E-01
  4569.160 9.968E-01
  4570.590 9.969E-01
  4572.020 9.972E-01
  4573.450 9.976E-01
  4574.880 9.983E-01
  4576.310 9.992E-01
  4577.740 1.000E+00
  4579.170 1.000E+00
  4580.600 9.998E-01
  4582.030 9.994E-01
  4583.460 9.992E-01
  4584.890 9.987E-01
  4586.320 9.984E-01
  4587.750 9.982E-01
  4589.180 9.980E-01
  4590.610 9.978E-01
  4592.040 9.978E-01
  4593.470 9.979E-01
  4594.900 9.982E-01
  4596.330 9.986E-01
  4597.760 9.989E-01
  4599.190 9.992E-01
