
lr
Coefficients: 37822.114819396236, -24422.633675542726, 2831.307037509353, 2499.1140714510298

TA
Coefficients: 0.714431261457144, -52.11985570271081, 1270.1780626577136, -7612.908914173617

gA
Coefficients: 183626.48653883176, -3624508.795611086, 30511080.506134804, -141974144.37302017, 394342170.26934963, -653727807.0748906, 598836495.0305675, -233806273.30770373

mA
Coefficients: -9.961617391249845e-07, 3.421872945880099e-05, 0.0003813187140720768, -0.016856547521233473, -0.2996334808792643, 13.829905574880758, -84.87035585031192, 2248.94520369682

TB
Coefficients: 0.7825874437979035, -52.08540184799665, 1107.1639227578244, -5229.650723289937

gB
Coefficients: 19.038622782637187, -135.94703793253055, 62.418110851295424, 1034.9541358461813, 369.8239468221523, -7924.328234131121, 1682.8198848978093, 16887.85498227768
