  3980.000 8.443E-01
  3980.257 8.512E-01
  3980.515 8.560E-01
  3980.772 8.605E-01
  3981.030 8.654E-01
  3981.287 8.703E-01
  3981.544 8.751E-01
  3981.802 8.797E-01
  3982.059 8.839E-01
  3982.317 8.880E-01
  3982.574 8.920E-01
  3982.831 8.957E-01
  3983.089 8.994E-01
  3983.346 9.029E-01
  3983.604 9.062E-01
  3983.861 9.095E-01
  3984.118 9.126E-01
  3984.376 9.156E-01
  3984.633 9.184E-01
  3984.891 9.211E-01
  3985.148 9.236E-01
  3985.405 9.261E-01
  3985.663 9.284E-01
  3985.920 9.307E-01
  3986.178 9.328E-01
  3986.435 9.349E-01
  3986.692 9.369E-01
  3986.950 9.388E-01
  3987.207 9.406E-01
  3987.465 9.424E-01
  3987.722 9.441E-01
  3987.979 9.457E-01
  3988.237 9.472E-01
  3988.494 9.487E-01
  3988.752 9.501E-01
  3989.009 9.515E-01
  3989.266 9.528E-01
  3989.524 9.540E-01
  3989.781 9.549E-01
  3990.039 9.557E-01
  3990.296 9.564E-01
  3990.553 9.568E-01
  3990.811 9.565E-01
  3991.068 9.561E-01
  3991.326 9.560E-01
  3991.583 9.564E-01
  3991.840 9.574E-01
  3992.098 9.586E-01
  3992.355 9.598E-01
  3992.613 9.610E-01
  3992.870 9.626E-01
  3993.127 9.642E-01
  3993.385 9.654E-01
  3993.642 9.659E-01
  3993.900 9.655E-01
  3994.157 9.649E-01
  3994.414 9.647E-01
  3994.672 9.652E-01
  3994.929 9.657E-01
  3995.187 9.664E-01
  3995.444 9.675E-01
  3995.701 9.690E-01
  3995.959 9.710E-01
  3996.216 9.730E-01
  3996.474 9.740E-01
  3996.731 9.742E-01
  3996.988 9.737E-01
  3997.246 9.733E-01
  3997.503 9.728E-01
  3997.761 9.723E-01
  3998.018 9.719E-01
  3998.275 9.719E-01
  3998.533 9.724E-01
  3998.790 9.733E-01
  3999.048 9.745E-01
  3999.305 9.756E-01
  3999.562 9.764E-01
  3999.820 9.773E-01
  4000.077 9.780E-01
  4000.335 9.783E-01
  4000.592 9.784E-01
  4000.849 9.784E-01
  4001.107 9.782E-01
  4001.364 9.775E-01
  4001.622 9.760E-01
  4001.879 9.745E-01
  4002.136 9.734E-01
  4002.394 9.726E-01
  4002.651 9.722E-01
  4002.909 9.719E-01
  4003.166 9.721E-01
  4003.423 9.727E-01
  4003.681 9.735E-01
  4003.938 9.738E-01
  4004.196 9.734E-01
  4004.453 9.727E-01
  4004.710 9.719E-01
  4004.968 9.712E-01
  4005.225 9.704E-01
  4005.483 9.693E-01
  4005.740 9.681E-01
  4005.997 9.668E-01
  4006.255 9.652E-01
  4006.512 9.629E-01
  4006.770 9.600E-01
  4007.027 9.565E-01
  4007.284 9.524E-01
  4007.542 9.476E-01
  4007.799 9.421E-01
  4008.057 9.359E-01
  4008.314 9.294E-01
  4008.571 9.235E-01
  4008.829 9.191E-01
  4009.086 9.166E-01
  4009.344 9.163E-01
  4009.601 9.183E-01
  4009.858 9.223E-01
  4010.116 9.280E-01
  4010.373 9.347E-01
  4010.631 9.413E-01
  4010.888 9.472E-01
  4011.145 9.523E-01
  4011.403 9.565E-01
  4011.660 9.599E-01
  4011.918 9.629E-01
  4012.175 9.654E-01
  4012.432 9.676E-01
  4012.690 9.695E-01
  4012.947 9.712E-01
  4013.205 9.728E-01
  4013.462 9.742E-01
  4013.719 9.754E-01
  4013.977 9.763E-01
  4014.234 9.770E-01
  4014.492 9.773E-01
  4014.749 9.774E-01
  4015.006 9.774E-01
  4015.264 9.772E-01
  4015.521 9.771E-01
  4015.779 9.772E-01
  4016.036 9.774E-01
  4016.293 9.777E-01
  4016.551 9.782E-01
  4016.808 9.787E-01
  4017.066 9.790E-01
  4017.323 9.793E-01
  4017.580 9.794E-01
  4017.838 9.793E-01
  4018.095 9.789E-01
  4018.353 9.785E-01
  4018.610 9.780E-01
  4018.867 9.774E-01
  4019.125 9.767E-01
  4019.382 9.759E-01
  4019.640 9.749E-01
  4019.897 9.739E-01
  4020.154 9.726E-01
  4020.412 9.712E-01
  4020.669 9.696E-01
  4020.927 9.676E-01
  4021.184 9.653E-01
  4021.441 9.625E-01
  4021.699 9.594E-01
  4021.956 9.559E-01
  4022.214 9.517E-01
  4022.471 9.463E-01
  4022.728 9.391E-01
  4022.986 9.298E-01
  4023.243 9.189E-01
  4023.501 9.068E-01
  4023.758 8.933E-01
  4024.015 8.786E-01
  4024.273 8.625E-01
  4024.530 8.441E-01
  4024.788 8.231E-01
  4025.045 7.983E-01
  4025.302 7.702E-01
  4025.560 7.436E-01
  4025.817 7.235E-01
  4026.075 7.131E-01
  4026.332 7.135E-01
  4026.589 7.248E-01
  4026.847 7.462E-01
  4027.104 7.747E-01
  4027.362 8.069E-01
  4027.619 8.372E-01
  4027.876 8.620E-01
  4028.134 8.815E-01
  4028.391 8.974E-01
  4028.649 9.107E-01
  4028.906 9.221E-01
  4029.163 9.321E-01
  4029.421 9.408E-01
  4029.678 9.486E-01
  4029.936 9.548E-01
  4030.193 9.597E-01
  4030.450 9.634E-01
  4030.708 9.665E-01
  4030.965 9.691E-01
  4031.223 9.713E-01
  4031.480 9.730E-01
  4031.737 9.741E-01
  4031.995 9.749E-01
  4032.252 9.758E-01
  4032.510 9.768E-01
  4032.767 9.778E-01
  4033.024 9.789E-01
  4033.282 9.801E-01
  4033.539 9.813E-01
  4033.797 9.826E-01
  4034.054 9.835E-01
  4034.311 9.837E-01
  4034.569 9.838E-01
  4034.826 9.840E-01
  4035.084 9.843E-01
  4035.341 9.847E-01
  4035.598 9.853E-01
  4035.856 9.860E-01
  4036.113 9.869E-01
  4036.371 9.878E-01
  4036.628 9.884E-01
  4036.885 9.888E-01
  4037.143 9.889E-01
  4037.400 9.891E-01
  4037.658 9.892E-01
  4037.915 9.893E-01
  4038.172 9.893E-01
  4038.430 9.892E-01
  4038.687 9.893E-01
  4038.945 9.895E-01
  4039.202 9.897E-01
  4039.459 9.900E-01
  4039.717 9.902E-01
  4039.974 9.903E-01
  4040.232 9.903E-01
  4040.489 9.901E-01
  4040.746 9.899E-01
  4041.004 9.898E-01
  4041.261 9.897E-01
  4041.519 9.898E-01
  4041.776 9.900E-01
  4042.033 9.903E-01
  4042.291 9.905E-01
  4042.548 9.907E-01
  4042.806 9.905E-01
  4043.063 9.902E-01
  4043.320 9.900E-01
  4043.578 9.899E-01
  4043.835 9.899E-01
  4044.093 9.901E-01
  4044.350 9.904E-01
  4044.607 9.908E-01
  4044.865 9.912E-01
  4045.122 9.914E-01
  4045.380 9.916E-01
  4045.637 9.917E-01
  4045.894 9.919E-01
  4046.152 9.919E-01
  4046.409 9.920E-01
  4046.667 9.921E-01
  4046.924 9.922E-01
  4047.181 9.922E-01
  4047.439 9.922E-01
  4047.696 9.920E-01
  4047.954 9.918E-01
  4048.211 9.915E-01
  4048.468 9.913E-01
  4048.726 9.912E-01
  4048.983 9.910E-01
  4049.241 9.909E-01
  4049.498 9.908E-01
  4049.755 9.910E-01
  4050.013 9.912E-01
  4050.270 9.913E-01
  4050.528 9.914E-01
  4050.785 9.914E-01
  4051.042 9.915E-01
  4051.300 9.917E-01
  4051.557 9.917E-01
  4051.815 9.917E-01
  4052.072 9.916E-01
  4052.329 9.916E-01
  4052.587 9.915E-01
  4052.844 9.915E-01
  4053.102 9.914E-01
  4053.359 9.913E-01
  4053.616 9.913E-01
  4053.874 9.912E-01
  4054.131 9.912E-01
  4054.389 9.913E-01
  4054.646 9.913E-01
  4054.903 9.913E-01
  4055.161 9.914E-01
  4055.418 9.914E-01
  4055.676 9.913E-01
  4055.933 9.910E-01
  4056.190 9.907E-01
  4056.448 9.903E-01
  4056.705 9.900E-01
  4056.963 9.898E-01
  4057.220 9.897E-01
  4057.477 9.897E-01
  4057.735 9.898E-01
  4057.992 9.899E-01
  4058.250 9.901E-01
  4058.507 9.901E-01
  4058.764 9.900E-01
  4059.022 9.899E-01
  4059.279 9.897E-01
  4059.537 9.896E-01
  4059.794 9.894E-01
  4060.051 9.893E-01
  4060.309 9.892E-01
  4060.566 9.892E-01
  4060.824 9.889E-01
  4061.081 9.887E-01
  4061.338 9.886E-01
  4061.596 9.885E-01
  4061.853 9.884E-01
  4062.111 9.883E-01
  4062.368 9.883E-01
  4062.625 9.882E-01
  4062.883 9.882E-01
  4063.140 9.881E-01
  4063.398 9.880E-01
  4063.655 9.879E-01
  4063.912 9.878E-01
  4064.170 9.877E-01
  4064.427 9.875E-01
  4064.685 9.874E-01
  4064.942 9.873E-01
  4065.199 9.871E-01
  4065.457 9.867E-01
  4065.714 9.853E-01
  4065.972 9.818E-01
  4066.229 9.779E-01
  4066.486 9.750E-01
  4066.744 9.733E-01
  4067.001 9.725E-01
  4067.259 9.726E-01
  4067.516 9.738E-01
  4067.773 9.761E-01
  4068.031 9.794E-01
  4068.288 9.828E-01
  4068.546 9.837E-01
  4068.803 9.830E-01
  4069.060 9.821E-01
  4069.318 9.813E-01
  4069.575 9.807E-01
  4069.833 9.802E-01
  4070.090 9.800E-01
  4070.347 9.799E-01
  4070.605 9.800E-01
  4070.862 9.801E-01
  4071.120 9.796E-01
  4071.377 9.788E-01
  4071.634 9.779E-01
  4071.892 9.773E-01
  4072.149 9.768E-01
  4072.407 9.766E-01
  4072.664 9.766E-01
  4072.921 9.765E-01
  4073.179 9.757E-01
  4073.436 9.727E-01
  4073.694 9.675E-01
  4073.951 9.616E-01
  4074.208 9.564E-01
  4074.466 9.515E-01
  4074.723 9.461E-01
  4074.981 9.411E-01
  4075.238 9.380E-01
  4075.495 9.380E-01
  4075.753 9.405E-01
  4076.010 9.439E-01
  4076.268 9.470E-01
  4076.525 9.501E-01
  4076.782 9.538E-01
  4077.040 9.579E-01
  4077.297 9.610E-01
  4077.555 9.627E-01
  4077.812 9.633E-01
  4078.069 9.636E-01
  4078.327 9.636E-01
  4078.584 9.638E-01
  4078.842 9.641E-01
  4079.099 9.642E-01
  4079.356 9.638E-01
  4079.614 9.630E-01
  4079.871 9.621E-01
  4080.129 9.613E-01
  4080.386 9.603E-01
  4080.643 9.593E-01
  4080.901 9.582E-01
  4081.158 9.571E-01
  4081.416 9.558E-01
  4081.673 9.545E-01
  4081.930 9.533E-01
  4082.188 9.520E-01
  4082.445 9.507E-01
  4082.703 9.493E-01
  4082.960 9.480E-01
  4083.217 9.466E-01
  4083.475 9.452E-01
  4083.732 9.436E-01
  4083.990 9.419E-01
  4084.247 9.401E-01
  4084.504 9.383E-01
  4084.762 9.364E-01
  4085.019 9.344E-01
  4085.277 9.324E-01
  4085.534 9.304E-01
  4085.791 9.282E-01
  4086.049 9.260E-01
  4086.306 9.237E-01
  4086.564 9.212E-01
  4086.821 9.187E-01
  4087.078 9.160E-01
  4087.336 9.132E-01
  4087.593 9.103E-01
  4087.851 9.073E-01
  4088.108 9.042E-01
  4088.365 9.009E-01
  4088.623 8.975E-01
  4088.880 8.939E-01
  4089.138 8.901E-01
  4089.395 8.862E-01
  4089.652 8.822E-01
  4089.910 8.780E-01
  4090.167 8.736E-01
  4090.425 8.691E-01
  4090.682 8.643E-01
  4090.939 8.593E-01
  4091.197 8.541E-01
  4091.454 8.486E-01
  4091.712 8.429E-01
  4091.969 8.370E-01
  4092.226 8.308E-01
  4092.484 8.244E-01
  4092.741 8.176E-01
  4092.999 8.106E-01
  4093.256 8.034E-01
  4093.513 7.958E-01
  4093.771 7.879E-01
  4094.028 7.797E-01
  4094.286 7.712E-01
  4094.543 7.623E-01
  4094.800 7.531E-01
  4095.058 7.435E-01
  4095.315 7.336E-01
  4095.573 7.232E-01
  4095.830 7.126E-01
  4096.087 7.015E-01
  4096.345 6.900E-01
  4096.602 6.782E-01
  4096.860 6.660E-01
  4097.117 6.534E-01
  4097.374 6.404E-01
  4097.632 6.270E-01
  4097.889 6.132E-01
  4098.147 5.991E-01
  4098.404 5.846E-01
  4098.661 5.697E-01
  4098.919 5.545E-01
  4099.176 5.390E-01
  4099.434 5.231E-01
  4099.691 5.069E-01
  4099.948 4.902E-01
  4100.206 4.727E-01
  4100.463 4.538E-01
  4100.721 4.340E-01
  4100.978 4.159E-01
  4101.235 4.020E-01
  4101.493 3.934E-01
  4101.750 3.908E-01
  4102.008 3.943E-01
  4102.265 4.036E-01
  4102.522 4.183E-01
  4102.780 4.368E-01
  4103.037 4.567E-01
  4103.295 4.755E-01
  4103.552 4.930E-01
  4103.809 5.097E-01
  4104.067 5.259E-01
  4104.324 5.419E-01
  4104.582 5.574E-01
  4104.839 5.727E-01
  4105.096 5.876E-01
  4105.354 6.021E-01
  4105.611 6.163E-01
  4105.869 6.301E-01
  4106.126 6.435E-01
  4106.383 6.565E-01
  4106.641 6.691E-01
  4106.898 6.814E-01
  4107.156 6.932E-01
  4107.413 7.047E-01
  4107.670 7.157E-01
  4107.928 7.264E-01
  4108.185 7.367E-01
  4108.443 7.467E-01
  4108.700 7.562E-01
  4108.957 7.654E-01
  4109.215 7.743E-01
  4109.472 7.828E-01
  4109.730 7.909E-01
  4109.987 7.987E-01
  4110.244 8.062E-01
  4110.502 8.134E-01
  4110.759 8.202E-01
  4111.017 8.269E-01
  4111.274 8.333E-01
  4111.531 8.394E-01
  4111.789 8.454E-01
  4112.046 8.512E-01
  4112.304 8.567E-01
  4112.561 8.619E-01
  4112.818 8.669E-01
  4113.076 8.718E-01
  4113.333 8.764E-01
  4113.591 8.808E-01
  4113.848 8.850E-01
  4114.105 8.890E-01
  4114.363 8.929E-01
  4114.620 8.967E-01
  4114.878 9.002E-01
  4115.135 9.036E-01
  4115.392 9.068E-01
  4115.650 9.100E-01
  4115.907 9.129E-01
  4116.165 9.158E-01
  4116.422 9.185E-01
  4116.679 9.211E-01
  4116.937 9.236E-01
  4117.194 9.260E-01
  4117.452 9.282E-01
  4117.709 9.303E-01
  4117.966 9.321E-01
  4118.224 9.337E-01
  4118.481 9.351E-01
  4118.739 9.363E-01
  4118.996 9.370E-01
  4119.253 9.360E-01
  4119.511 9.308E-01
  4119.768 9.199E-01
  4120.026 9.073E-01
  4120.283 8.973E-01
  4120.540 8.915E-01
  4120.798 8.900E-01
  4121.055 8.927E-01
  4121.313 8.997E-01
  4121.570 9.110E-01
  4121.827 9.259E-01
  4122.085 9.408E-01
  4122.342 9.509E-01
  4122.600 9.560E-01
  4122.857 9.586E-01
  4123.114 9.603E-01
  4123.372 9.617E-01
  4123.629 9.630E-01
  4123.887 9.642E-01
  4124.144 9.653E-01
  4124.401 9.662E-01
  4124.659 9.671E-01
  4124.916 9.679E-01
  4125.174 9.687E-01
  4125.431 9.695E-01
  4125.688 9.702E-01
  4125.946 9.709E-01
  4126.203 9.715E-01
  4126.461 9.714E-01
  4126.718 9.686E-01
  4126.975 9.607E-01
  4127.233 9.519E-01
  4127.490 9.453E-01
  4127.748 9.415E-01
  4128.005 9.403E-01
  4128.262 9.415E-01
  4128.520 9.453E-01
  4128.777 9.518E-01
  4129.035 9.611E-01
  4129.292 9.703E-01
  4129.549 9.717E-01
  4129.807 9.636E-01
  4130.064 9.530E-01
  4130.322 9.449E-01
  4130.579 9.400E-01
  4130.836 9.382E-01
  4131.094 9.393E-01
  4131.351 9.434E-01
  4131.609 9.504E-01
  4131.866 9.604E-01
  4132.123 9.712E-01
  4132.381 9.768E-01
  4132.638 9.784E-01
  4132.896 9.788E-01
  4133.153 9.793E-01
  4133.410 9.799E-01
  4133.668 9.808E-01
  4133.925 9.819E-01
  4134.183 9.830E-01
  4134.440 9.837E-01
  4134.697 9.841E-01
  4134.955 9.842E-01
  4135.212 9.844E-01
  4135.470 9.845E-01
  4135.727 9.845E-01
  4135.984 9.845E-01
  4136.242 9.845E-01
  4136.499 9.845E-01
  4136.757 9.844E-01
  4137.014 9.842E-01
  4137.271 9.841E-01
  4137.529 9.839E-01
  4137.786 9.837E-01
  4138.044 9.835E-01
  4138.301 9.833E-01
  4138.558 9.829E-01
  4138.816 9.825E-01
  4139.073 9.820E-01
  4139.331 9.814E-01
  4139.588 9.805E-01
  4139.845 9.795E-01
  4140.103 9.783E-01
  4140.360 9.767E-01
  4140.618 9.748E-01
  4140.875 9.720E-01
  4141.132 9.679E-01
  4141.390 9.627E-01
  4141.647 9.564E-01
  4141.905 9.486E-01
  4142.162 9.382E-01
  4142.419 9.243E-01
  4142.677 9.070E-01
  4142.934 8.892E-01
  4143.192 8.744E-01
  4143.449 8.647E-01
  4143.706 8.605E-01
  4143.964 8.618E-01
  4144.221 8.692E-01
  4144.479 8.824E-01
  4144.736 8.997E-01
  4144.993 9.180E-01
  4145.251 9.338E-01
  4145.508 9.456E-01
  4145.766 9.539E-01
  4146.023 9.601E-01
  4146.280 9.650E-01
  4146.538 9.688E-01
  4146.795 9.718E-01
  4147.053 9.743E-01
  4147.310 9.766E-01
  4147.567 9.789E-01
  4147.825 9.813E-01
  4148.082 9.837E-01
  4148.340 9.855E-01
  4148.597 9.865E-01
  4148.854 9.870E-01
  4149.112 9.873E-01
  4149.369 9.875E-01
  4149.627 9.877E-01
  4149.884 9.880E-01
  4150.141 9.883E-01
  4150.399 9.887E-01
  4150.656 9.893E-01
  4150.914 9.899E-01
  4151.171 9.906E-01
  4151.428 9.911E-01
  4151.686 9.909E-01
  4151.943 9.895E-01
  4152.201 9.876E-01
  4152.458 9.860E-01
  4152.715 9.851E-01
  4152.973 9.847E-01
  4153.230 9.849E-01
  4153.488 9.856E-01
  4153.745 9.870E-01
  4154.002 9.890E-01
  4154.260 9.914E-01
  4154.517 9.930E-01
  4154.775 9.937E-01
  4155.032 9.939E-01
  4155.289 9.940E-01
  4155.547 9.941E-01
  4155.804 9.941E-01
  4156.062 9.942E-01
  4156.319 9.943E-01
  4156.576 9.944E-01
  4156.834 9.945E-01
  4157.091 9.946E-01
  4157.349 9.948E-01
  4157.606 9.949E-01
  4157.863 9.950E-01
  4158.121 9.951E-01
  4158.378 9.952E-01
  4158.636 9.952E-01
  4158.893 9.953E-01
  4159.150 9.953E-01
  4159.408 9.953E-01
  4159.665 9.953E-01
  4159.923 9.953E-01
  4160.180 9.953E-01
  4160.437 9.953E-01
  4160.695 9.953E-01
  4160.952 9.952E-01
  4161.210 9.945E-01
  4161.467 9.922E-01
  4161.724 9.883E-01
  4161.982 9.850E-01
  4162.239 9.828E-01
  4162.497 9.816E-01
  4162.754 9.813E-01
  4163.011 9.821E-01
  4163.269 9.839E-01
  4163.526 9.869E-01
  4163.784 9.905E-01
  4164.041 9.932E-01
  4164.298 9.940E-01
  4164.556 9.940E-01
  4164.813 9.939E-01
  4165.071 9.940E-01
  4165.328 9.941E-01
  4165.585 9.943E-01
  4165.843 9.946E-01
  4166.100 9.950E-01
  4166.358 9.953E-01
  4166.615 9.952E-01
  4166.872 9.947E-01
  4167.130 9.936E-01
  4167.387 9.914E-01
  4167.645 9.877E-01
  4167.902 9.826E-01
  4168.159 9.773E-01
  4168.417 9.731E-01
  4168.674 9.705E-01
  4168.932 9.698E-01
  4169.189 9.709E-01
  4169.446 9.739E-01
  4169.704 9.784E-01
  4169.961 9.836E-01
  4170.219 9.887E-01
  4170.476 9.922E-01
  4170.733 9.939E-01
  4170.991 9.946E-01
  4171.248 9.950E-01
  4171.506 9.952E-01
  4171.763 9.953E-01
  4172.020 9.951E-01
  4172.278 9.944E-01
  4172.535 9.932E-01
  4172.793 9.920E-01
  4173.050 9.905E-01
  4173.307 9.886E-01
  4173.565 9.872E-01
  4173.822 9.866E-01
  4174.080 9.868E-01
  4174.337 9.879E-01
  4174.594 9.897E-01
  4174.852 9.916E-01
  4175.109 9.931E-01
  4175.367 9.946E-01
  4175.624 9.959E-01
  4175.881 9.964E-01
  4176.139 9.965E-01
  4176.396 9.965E-01
  4176.654 9.966E-01
  4176.911 9.967E-01
  4177.168 9.967E-01
  4177.426 9.965E-01
  4177.683 9.959E-01
  4177.941 9.949E-01
  4178.198 9.942E-01
  4178.455 9.937E-01
  4178.713 9.934E-01
  4178.970 9.935E-01
  4179.228 9.938E-01
  4179.485 9.944E-01
  4179.742 9.949E-01
  4180.000 9.952E-01
  4180.257 9.952E-01
  4180.515 9.952E-01
  4180.772 9.951E-01
  4181.029 9.951E-01
  4181.287 9.953E-01
  4181.544 9.956E-01
  4181.802 9.961E-01
  4182.059 9.968E-01
  4182.316 9.975E-01
  4182.574 9.977E-01
  4182.831 9.977E-01
  4183.089 9.977E-01
  4183.346 9.976E-01
  4183.603 9.976E-01
  4183.861 9.975E-01
  4184.118 9.975E-01
  4184.376 9.973E-01
  4184.633 9.972E-01
  4184.890 9.972E-01
  4185.148 9.972E-01
  4185.405 9.973E-01
  4185.663 9.973E-01
  4185.920 9.972E-01
  4186.177 9.971E-01
  4186.435 9.970E-01
  4186.692 9.968E-01
  4186.950 9.966E-01
  4187.207 9.965E-01
  4187.464 9.964E-01
  4187.722 9.965E-01
  4187.979 9.966E-01
  4188.237 9.965E-01
  4188.494 9.957E-01
  4188.751 9.942E-01
  4189.009 9.929E-01
  4189.266 9.921E-01
  4189.524 9.917E-01
  4189.781 9.918E-01
  4190.038 9.922E-01
  4190.296 9.932E-01
  4190.553 9.946E-01
  4190.811 9.963E-01
  4191.068 9.976E-01
  4191.325 9.981E-01
  4191.583 9.981E-01
  4191.840 9.980E-01
  4192.098 9.978E-01
  4192.355 9.975E-01
  4192.612 9.972E-01
  4192.870 9.970E-01
  4193.127 9.969E-01
  4193.385 9.969E-01
  4193.642 9.969E-01
  4193.899 9.970E-01
  4194.157 9.972E-01
  4194.414 9.975E-01
  4194.672 9.979E-01
  4194.929 9.981E-01
  4195.186 9.982E-01
  4195.444 9.982E-01
  4195.701 9.982E-01
  4195.959 9.982E-01
  4196.216 9.982E-01
  4196.473 9.983E-01
  4196.731 9.983E-01
  4196.988 9.984E-01
  4197.246 9.984E-01
  4197.503 9.985E-01
  4197.760 9.985E-01
  4198.018 9.984E-01
  4198.275 9.984E-01
  4198.533 9.983E-01
  4198.790 9.981E-01
  4199.047 9.979E-01
  4199.305 9.976E-01
  4199.562 9.971E-01
  4199.820 9.963E-01
  4200.077 9.956E-01
  4200.334 9.952E-01
  4200.592 9.951E-01
  4200.849 9.952E-01
  4201.107 9.954E-01
  4201.364 9.958E-01
  4201.621 9.964E-01
  4201.879 9.972E-01
  4202.136 9.978E-01
  4202.394 9.981E-01
  4202.651 9.982E-01
  4202.908 9.982E-01
  4203.166 9.982E-01
  4203.423 9.983E-01
  4203.681 9.983E-01
  4203.938 9.984E-01
  4204.195 9.984E-01
  4204.453 9.983E-01
  4204.710 9.983E-01
  4204.968 9.982E-01
  4205.225 9.982E-01
  4205.482 9.981E-01
  4205.740 9.981E-01
  4205.997 9.981E-01
  4206.255 9.981E-01
  4206.512 9.982E-01
  4206.769 9.982E-01
  4207.027 9.983E-01
  4207.284 9.983E-01
  4207.542 9.984E-01
  4207.799 9.984E-01
  4208.056 9.984E-01
  4208.314 9.985E-01
  4208.571 9.985E-01
  4208.829 9.985E-01
  4209.086 9.985E-01
  4209.343 9.985E-01
  4209.601 9.984E-01
  4209.858 9.984E-01
  4210.116 9.984E-01
  4210.373 9.984E-01
  4210.630 9.985E-01
  4210.888 9.985E-01
  4211.145 9.985E-01
  4211.403 9.986E-01
  4211.660 9.986E-01
  4211.917 9.986E-01
  4212.175 9.985E-01
  4212.432 9.985E-01
  4212.690 9.984E-01
  4212.947 9.983E-01
  4213.204 9.983E-01
  4213.462 9.983E-01
  4213.719 9.982E-01
  4213.977 9.982E-01
  4214.234 9.982E-01
  4214.491 9.981E-01
  4214.749 9.979E-01
  4215.006 9.978E-01
  4215.264 9.977E-01
  4215.521 9.977E-01
  4215.778 9.975E-01
  4216.036 9.970E-01
  4216.293 9.964E-01
  4216.551 9.960E-01
  4216.808 9.958E-01
  4217.065 9.957E-01
  4217.323 9.958E-01
  4217.580 9.960E-01
  4217.838 9.964E-01
  4218.095 9.970E-01
  4218.352 9.977E-01
  4218.610 9.982E-01
  4218.867 9.984E-01
  4219.125 9.985E-01
  4219.382 9.985E-01
  4219.639 9.985E-01
  4219.897 9.985E-01
  4220.154 9.986E-01
  4220.412 9.986E-01
  4220.669 9.985E-01
  4220.926 9.984E-01
  4221.184 9.982E-01
  4221.441 9.980E-01
  4221.699 9.978E-01
  4221.956 9.976E-01
  4222.213 9.974E-01
  4222.471 9.973E-01
  4222.728 9.973E-01
  4222.986 9.974E-01
  4223.243 9.976E-01
  4223.500 9.977E-01
  4223.758 9.977E-01
  4224.015 9.977E-01
  4224.273 9.978E-01
  4224.530 9.979E-01
  4224.787 9.979E-01
  4225.045 9.980E-01
  4225.302 9.980E-01
  4225.560 9.982E-01
  4225.817 9.983E-01
  4226.074 9.984E-01
  4226.332 9.984E-01
  4226.589 9.982E-01
  4226.847 9.980E-01
  4227.104 9.979E-01
  4227.361 9.978E-01
  4227.619 9.978E-01
  4227.876 9.978E-01
  4228.134 9.979E-01
  4228.391 9.980E-01
  4228.648 9.982E-01
  4228.906 9.983E-01
  4229.163 9.984E-01
  4229.421 9.983E-01
  4229.678 9.977E-01
  4229.935 9.965E-01
  4230.193 9.955E-01
  4230.450 9.948E-01
  4230.708 9.944E-01
  4230.965 9.943E-01
  4231.222 9.945E-01
  4231.480 9.948E-01
  4231.737 9.949E-01
  4231.995 9.943E-01
  4232.252 9.932E-01
  4232.509 9.919E-01
  4232.767 9.908E-01
  4233.024 9.903E-01
  4233.282 9.903E-01
  4233.539 9.909E-01
  4233.796 9.921E-01
  4234.054 9.939E-01
  4234.311 9.960E-01
  4234.569 9.977E-01
  4234.826 9.983E-01
  4235.083 9.984E-01
  4235.341 9.984E-01
  4235.598 9.983E-01
  4235.856 9.980E-01
  4236.113 9.976E-01
  4236.370 9.973E-01
  4236.628 9.971E-01
  4236.885 9.970E-01
  4237.143 9.970E-01
  4237.400 9.971E-01
  4237.657 9.972E-01
  4237.915 9.975E-01
  4238.172 9.978E-01
  4238.430 9.981E-01
  4238.687 9.982E-01
  4238.944 9.983E-01
  4239.202 9.983E-01
  4239.459 9.983E-01
  4239.717 9.983E-01
  4239.974 9.983E-01
  4240.231 9.983E-01
  4240.489 9.980E-01
  4240.746 9.976E-01
  4241.004 9.967E-01
  4241.261 9.949E-01
  4241.518 9.930E-01
  4241.776 9.916E-01
  4242.033 9.908E-01
  4242.291 9.905E-01
  4242.548 9.908E-01
  4242.805 9.916E-01
  4243.063 9.929E-01
  4243.320 9.945E-01
  4243.578 9.963E-01
  4243.835 9.976E-01
  4244.092 9.980E-01
  4244.350 9.980E-01
  4244.607 9.980E-01
  4244.865 9.980E-01
  4245.122 9.980E-01
  4245.379 9.979E-01
  4245.637 9.978E-01
  4245.894 9.977E-01
  4246.152 9.975E-01
  4246.409 9.975E-01
  4246.666 9.974E-01
  4246.924 9.974E-01
  4247.181 9.975E-01
  4247.439 9.976E-01
  4247.696 9.978E-01
  4247.953 9.980E-01
  4248.211 9.982E-01
  4248.468 9.981E-01
  4248.726 9.978E-01
  4248.983 9.975E-01
  4249.240 9.972E-01
  4249.498 9.970E-01
  4249.755 9.969E-01
  4250.013 9.968E-01
  4250.270 9.969E-01
  4250.527 9.970E-01
  4250.785 9.972E-01
  4251.042 9.975E-01
  4251.300 9.978E-01
  4251.557 9.978E-01
  4251.814 9.978E-01
  4252.072 9.976E-01
  4252.329 9.971E-01
  4252.587 9.965E-01
  4252.844 9.959E-01
  4253.101 9.954E-01
  4253.359 9.951E-01
  4253.616 9.950E-01
  4253.874 9.950E-01
  4254.131 9.952E-01
  4254.388 9.957E-01
  4254.646 9.963E-01
  4254.903 9.970E-01
  4255.161 9.973E-01
  4255.418 9.975E-01
  4255.675 9.976E-01
  4255.933 9.977E-01
  4256.190 9.975E-01
  4256.448 9.972E-01
  4256.705 9.969E-01
  4256.962 9.966E-01
  4257.220 9.964E-01
  4257.477 9.963E-01
  4257.735 9.961E-01
  4257.992 9.957E-01
  4258.249 9.953E-01
  4258.507 9.952E-01
  4258.764 9.953E-01
  4259.022 9.953E-01
  4259.279 9.954E-01
  4259.536 9.957E-01
  4259.794 9.960E-01
  4260.051 9.965E-01
  4260.309 9.970E-01
  4260.566 9.974E-01
  4260.823 9.974E-01
  4261.081 9.972E-01
  4261.338 9.971E-01
  4261.596 9.971E-01
  4261.853 9.971E-01
  4262.110 9.971E-01
  4262.368 9.971E-01
  4262.625 9.972E-01
  4262.883 9.973E-01
  4263.140 9.974E-01
  4263.397 9.974E-01
  4263.655 9.974E-01
  4263.912 9.974E-01
  4264.170 9.974E-01
  4264.427 9.974E-01
  4264.684 9.973E-01
  4264.942 9.972E-01
  4265.199 9.969E-01
  4265.457 9.954E-01
  4265.714 9.902E-01
  4265.971 9.791E-01
  4266.229 9.657E-01
  4266.486 9.543E-01
  4266.744 9.461E-01
  4267.001 9.416E-01
  4267.258 9.411E-01
  4267.516 9.445E-01
  4267.773 9.519E-01
  4268.031 9.634E-01
  4268.288 9.769E-01
  4268.545 9.870E-01
  4268.803 9.914E-01
  4269.060 9.930E-01
  4269.318 9.933E-01
  4269.575 9.933E-01
  4269.832 9.933E-01
  4270.090 9.936E-01
  4270.347 9.941E-01
  4270.605 9.948E-01
  4270.862 9.958E-01
  4271.119 9.966E-01
  4271.377 9.969E-01
  4271.634 9.969E-01
  4271.892 9.969E-01
  4272.149 9.968E-01
  4272.406 9.966E-01
  4272.664 9.965E-01
  4272.921 9.965E-01
  4273.179 9.964E-01
  4273.436 9.964E-01
  4273.693 9.964E-01
  4273.951 9.965E-01
  4274.208 9.964E-01
  4274.466 9.963E-01
  4274.723 9.962E-01
  4274.980 9.960E-01
  4275.238 9.959E-01
  4275.495 9.957E-01
  4275.753 9.955E-01
  4276.010 9.954E-01
  4276.267 9.954E-01
  4276.525 9.954E-01
  4276.782 9.955E-01
  4277.040 9.954E-01
  4277.297 9.950E-01
  4277.554 9.943E-01
  4277.812 9.939E-01
  4278.069 9.936E-01
  4278.327 9.934E-01
  4278.584 9.934E-01
  4278.841 9.936E-01
  4279.099 9.939E-01
  4279.356 9.944E-01
  4279.614 9.951E-01
  4279.871 9.957E-01
  4280.128 9.960E-01
  4280.386 9.961E-01
  4280.643 9.961E-01
  4280.901 9.960E-01
  4281.158 9.958E-01
  4281.415 9.954E-01
  4281.673 9.949E-01
  4281.930 9.943E-01
  4282.188 9.940E-01
  4282.445 9.938E-01
  4282.702 9.937E-01
  4282.960 9.937E-01
  4283.217 9.938E-01
  4283.475 9.940E-01
  4283.732 9.943E-01
  4283.989 9.944E-01
  4284.247 9.943E-01
  4284.504 9.942E-01
  4284.762 9.941E-01
  4285.019 9.940E-01
  4285.276 9.940E-01
  4285.534 9.941E-01
  4285.791 9.943E-01
  4286.049 9.946E-01
  4286.306 9.948E-01
  4286.563 9.949E-01
  4286.821 9.949E-01
  4287.078 9.949E-01
  4287.336 9.949E-01
  4287.593 9.948E-01
  4287.850 9.947E-01
  4288.108 9.946E-01
  4288.365 9.945E-01
  4288.623 9.945E-01
  4288.880 9.944E-01
  4289.137 9.942E-01
  4289.395 9.941E-01
  4289.652 9.939E-01
  4289.910 9.939E-01
  4290.167 9.937E-01
  4290.424 9.935E-01
  4290.682 9.933E-01
  4290.939 9.931E-01
  4291.197 9.931E-01
  4291.454 9.931E-01
  4291.711 9.931E-01
  4291.969 9.931E-01
  4292.226 9.932E-01
  4292.484 9.933E-01
  4292.741 9.933E-01
  4292.998 9.925E-01
  4293.256 9.906E-01
  4293.513 9.883E-01
  4293.771 9.865E-01
  4294.028 9.853E-01
  4294.285 9.846E-01
  4294.543 9.846E-01
  4294.800 9.850E-01
  4295.058 9.860E-01
  4295.315 9.875E-01
  4295.572 9.894E-01
  4295.830 9.909E-01
  4296.087 9.913E-01
  4296.345 9.913E-01
  4296.602 9.912E-01
  4296.859 9.912E-01
  4297.117 9.912E-01
  4297.374 9.914E-01
  4297.632 9.915E-01
  4297.889 9.917E-01
  4298.146 9.917E-01
  4298.404 9.916E-01
  4298.661 9.914E-01
  4298.919 9.910E-01
  4299.176 9.907E-01
  4299.433 9.904E-01
  4299.691 9.902E-01
  4299.948 9.900E-01
  4300.206 9.899E-01
  4300.463 9.898E-01
  4300.720 9.897E-01
  4300.978 9.896E-01
  4301.235 9.896E-01
  4301.493 9.896E-01
  4301.750 9.892E-01
  4302.007 9.885E-01
  4302.265 9.876E-01
  4302.522 9.869E-01
  4302.780 9.863E-01
  4303.037 9.859E-01
  4303.294 9.857E-01
  4303.552 9.856E-01
  4303.809 9.856E-01
  4304.067 9.859E-01
  4304.324 9.864E-01
  4304.581 9.869E-01
  4304.839 9.870E-01
  4305.096 9.870E-01
  4305.354 9.868E-01
  4305.611 9.866E-01
  4305.868 9.864E-01
  4306.126 9.861E-01
  4306.383 9.858E-01
  4306.641 9.854E-01
  4306.898 9.850E-01
  4307.155 9.846E-01
  4307.413 9.843E-01
  4307.670 9.840E-01
  4307.928 9.838E-01
  4308.185 9.836E-01
  4308.442 9.835E-01
  4308.700 9.833E-01
  4308.957 9.832E-01
  4309.215 9.830E-01
  4309.472 9.827E-01
  4309.729 9.823E-01
  4309.987 9.820E-01
  4310.244 9.817E-01
  4310.502 9.813E-01
  4310.759 9.810E-01
  4311.016 9.807E-01
  4311.274 9.803E-01
  4311.531 9.799E-01
  4311.789 9.794E-01
  4312.046 9.789E-01
  4312.303 9.783E-01
  4312.561 9.778E-01
  4312.818 9.772E-01
  4313.076 9.767E-01
  4313.333 9.761E-01
  4313.590 9.755E-01
  4313.848 9.750E-01
  4314.105 9.744E-01
  4314.363 9.739E-01
  4314.620 9.734E-01
  4314.877 9.728E-01
  4315.135 9.723E-01
  4315.392 9.718E-01
  4315.650 9.712E-01
  4315.907 9.705E-01
  4316.164 9.696E-01
  4316.422 9.688E-01
  4316.679 9.679E-01
  4316.937 9.671E-01
  4317.194 9.661E-01
  4317.451 9.648E-01
  4317.709 9.634E-01
  4317.966 9.622E-01
  4318.224 9.612E-01
  4318.481 9.602E-01
  4318.738 9.591E-01
  4318.996 9.581E-01
  4319.253 9.573E-01
  4319.511 9.567E-01
  4319.768 9.563E-01
  4320.025 9.559E-01
  4320.283 9.551E-01
  4320.540 9.541E-01
  4320.798 9.531E-01
  4321.055 9.520E-01
  4321.312 9.508E-01
  4321.570 9.494E-01
  4321.827 9.480E-01
  4322.085 9.466E-01
  4322.342 9.451E-01
  4322.599 9.435E-01
  4322.857 9.418E-01
  4323.114 9.401E-01
  4323.372 9.383E-01
  4323.629 9.364E-01
  4323.886 9.345E-01
  4324.144 9.324E-01
  4324.401 9.302E-01
  4324.659 9.278E-01
  4324.916 9.254E-01
  4325.173 9.230E-01
  4325.431 9.205E-01
  4325.688 9.179E-01
  4325.946 9.152E-01
  4326.203 9.126E-01
  4326.460 9.098E-01
  4326.718 9.070E-01
  4326.975 9.040E-01
  4327.233 9.009E-01
  4327.490 8.976E-01
  4327.747 8.941E-01
  4328.005 8.904E-01
  4328.262 8.864E-01
  4328.520 8.822E-01
  4328.777 8.779E-01
  4329.034 8.734E-01
  4329.292 8.688E-01
  4329.549 8.641E-01
  4329.807 8.592E-01
  4330.064 8.542E-01
  4330.321 8.491E-01
  4330.579 8.438E-01
  4330.836 8.381E-01
  4331.094 8.321E-01
  4331.351 8.259E-01
  4331.608 8.195E-01
  4331.866 8.128E-01
  4332.123 8.058E-01
  4332.381 7.986E-01
  4332.638 7.912E-01
  4332.895 7.834E-01
  4333.153 7.754E-01
  4333.410 7.671E-01
  4333.668 7.583E-01
  4333.925 7.492E-01
  4334.182 7.398E-01
  4334.440 7.300E-01
  4334.697 7.199E-01
  4334.955 7.094E-01
  4335.212 6.986E-01
  4335.469 6.874E-01
  4335.727 6.758E-01
  4335.984 6.639E-01
  4336.242 6.516E-01
  4336.499 6.390E-01
  4336.756 6.260E-01
  4337.014 6.126E-01
  4337.271 5.989E-01
  4337.529 5.848E-01
  4337.786 5.704E-01
  4338.043 5.556E-01
  4338.301 5.405E-01
  4338.558 5.248E-01
  4338.816 5.080E-01
  4339.073 4.890E-01
  4339.330 4.678E-01
  4339.588 4.470E-01
  4339.845 4.300E-01
  4340.103 4.184E-01
  4340.360 4.128E-01
  4340.617 4.135E-01
  4340.875 4.203E-01
  4341.132 4.331E-01
  4341.390 4.511E-01
  4341.647 4.724E-01
  4341.904 4.934E-01
  4342.162 5.119E-01
  4342.419 5.285E-01
  4342.677 5.441E-01
  4342.934 5.592E-01
  4343.191 5.740E-01
  4343.449 5.884E-01
  4343.706 6.025E-01
  4343.964 6.162E-01
  4344.221 6.296E-01
  4344.478 6.426E-01
  4344.736 6.553E-01
  4344.993 6.675E-01
  4345.251 6.794E-01
  4345.508 6.910E-01
  4345.765 7.021E-01
  4346.023 7.130E-01
  4346.280 7.234E-01
  4346.538 7.335E-01
  4346.795 7.433E-01
  4347.052 7.526E-01
  4347.310 7.617E-01
  4347.567 7.704E-01
  4347.825 7.788E-01
  4348.082 7.869E-01
  4348.339 7.946E-01
  4348.597 8.021E-01
  4348.854 8.093E-01
  4349.112 8.163E-01
  4349.369 8.231E-01
  4349.626 8.295E-01
  4349.884 8.357E-01
  4350.141 8.415E-01
  4350.399 8.469E-01
  4350.656 8.514E-01
  4350.913 8.557E-01
  4351.171 8.600E-01
  4351.428 8.643E-01
  4351.686 8.686E-01
  4351.943 8.730E-01
  4352.200 8.775E-01
  4352.458 8.822E-01
  4352.715 8.869E-01
  4352.973 8.917E-01
  4353.230 8.961E-01
  4353.487 8.999E-01
  4353.745 9.034E-01
  4354.002 9.067E-01
  4354.260 9.098E-01
  4354.517 9.128E-01
  4354.774 9.156E-01
  4355.032 9.184E-01
  4355.289 9.210E-01
  4355.547 9.235E-01
  4355.804 9.259E-01
  4356.061 9.282E-01
  4356.319 9.303E-01
  4356.576 9.324E-01
  4356.834 9.344E-01
  4357.091 9.363E-01
  4357.348 9.381E-01
  4357.606 9.400E-01
  4357.863 9.417E-01
  4358.121 9.435E-01
  4358.378 9.452E-01
  4358.635 9.468E-01
  4358.893 9.483E-01
  4359.150 9.498E-01
  4359.408 9.512E-01
  4359.665 9.525E-01
  4359.922 9.538E-01
  4360.180 9.549E-01
  4360.437 9.560E-01
  4360.695 9.570E-01
  4360.952 9.579E-01
  4361.209 9.588E-01
  4361.467 9.598E-01
  4361.724 9.608E-01
  4361.982 9.618E-01
  4362.239 9.628E-01
  4362.496 9.639E-01
  4362.754 9.650E-01
  4363.011 9.660E-01
  4363.269 9.670E-01
  4363.526 9.679E-01
  4363.783 9.687E-01
  4364.041 9.694E-01
  4364.298 9.701E-01
  4364.556 9.707E-01
  4364.813 9.713E-01
  4365.070 9.718E-01
  4365.328 9.724E-01
  4365.585 9.729E-01
  4365.843 9.732E-01
  4366.100 9.736E-01
  4366.357 9.740E-01
  4366.615 9.744E-01
  4366.872 9.747E-01
  4367.130 9.747E-01
  4367.387 9.747E-01
  4367.644 9.749E-01
  4367.902 9.753E-01
  4368.159 9.759E-01
  4368.417 9.764E-01
  4368.674 9.770E-01
  4368.931 9.777E-01
  4369.189 9.785E-01
  4369.446 9.794E-01
  4369.704 9.802E-01
  4369.961 9.806E-01
  4370.218 9.808E-01
  4370.476 9.809E-01
  4370.733 9.810E-01
  4370.991 9.810E-01
  4371.248 9.806E-01
  4371.505 9.802E-01
  4371.763 9.799E-01
  4372.020 9.800E-01
  4372.278 9.803E-01
  4372.535 9.808E-01
  4372.792 9.814E-01
  4373.050 9.819E-01
  4373.307 9.824E-01
  4373.565 9.831E-01
  4373.822 9.837E-01
  4374.079 9.841E-01
  4374.337 9.843E-01
  4374.594 9.846E-01
  4374.852 9.848E-01
  4375.109 9.852E-01
  4375.366 9.855E-01
  4375.624 9.857E-01
  4375.881 9.855E-01
  4376.139 9.853E-01
  4376.396 9.852E-01
  4376.653 9.852E-01
  4376.911 9.853E-01
  4377.168 9.854E-01
  4377.426 9.857E-01
  4377.683 9.861E-01
  4377.940 9.866E-01
  4378.198 9.870E-01
  4378.455 9.872E-01
  4378.713 9.872E-01
  4378.970 9.872E-01
  4379.227 9.871E-01
  4379.485 9.870E-01
  4379.742 9.869E-01
  4380.000 9.867E-01
  4380.257 9.865E-01
  4380.514 9.861E-01
  4380.772 9.856E-01
  4381.029 9.849E-01
  4381.287 9.840E-01
  4381.544 9.829E-01
  4381.801 9.817E-01
  4382.059 9.804E-01
  4382.316 9.791E-01
  4382.574 9.778E-01
  4382.831 9.767E-01
  4383.088 9.754E-01
  4383.346 9.737E-01
  4383.603 9.714E-01
  4383.861 9.693E-01
  4384.118 9.673E-01
  4384.375 9.651E-01
  4384.633 9.629E-01
  4384.890 9.603E-01
  4385.148 9.573E-01
  4385.405 9.536E-01
  4385.662 9.492E-01
  4385.920 9.435E-01
  4386.177 9.345E-01
  4386.435 9.219E-01
  4386.692 9.060E-01
  4386.949 8.870E-01
  4387.207 8.681E-01
  4387.464 8.525E-01
  4387.722 8.420E-01
  4387.979 8.374E-01
  4388.236 8.393E-01
  4388.494 8.477E-01
  4388.751 8.619E-01
  4389.009 8.795E-01
  4389.266 8.977E-01
  4389.523 9.131E-01
  4389.781 9.252E-01
  4390.038 9.349E-01
  4390.296 9.428E-01
  4390.553 9.496E-01
  4390.810 9.555E-01
  4391.068 9.611E-01
  4391.325 9.666E-01
  4391.583 9.722E-01
  4391.840 9.776E-01
  4392.097 9.815E-01
  4392.355 9.838E-01
  4392.612 9.855E-01
  4392.870 9.868E-01
  4393.127 9.880E-01
  4393.384 9.889E-01
  4393.642 9.895E-01
  4393.899 9.898E-01
  4394.157 9.900E-01
  4394.414 9.902E-01
  4394.671 9.901E-01
  4394.929 9.901E-01
  4395.186 9.902E-01
  4395.444 9.905E-01
  4395.701 9.908E-01
  4395.958 9.913E-01
  4396.216 9.919E-01
  4396.473 9.926E-01
  4396.731 9.931E-01
  4396.988 9.937E-01
  4397.245 9.941E-01
  4397.503 9.944E-01
  4397.760 9.945E-01
  4398.018 9.947E-01
  4398.275 9.948E-01
  4398.532 9.948E-01
  4398.790 9.949E-01
  4399.047 9.949E-01
  4399.305 9.949E-01
  4399.562 9.950E-01
  4399.819 9.950E-01
  4400.077 9.950E-01
  4400.334 9.950E-01
  4400.592 9.951E-01
  4400.849 9.952E-01
  4401.106 9.953E-01
  4401.364 9.955E-01
  4401.621 9.955E-01
  4401.879 9.956E-01
  4402.136 9.957E-01
  4402.393 9.958E-01
  4402.651 9.958E-01
  4402.908 9.959E-01
  4403.166 9.960E-01
  4403.423 9.960E-01
  4403.680 9.961E-01
  4403.938 9.962E-01
  4404.195 9.963E-01
  4404.453 9.964E-01
  4404.710 9.964E-01
  4404.967 9.965E-01
  4405.225 9.966E-01
  4405.482 9.966E-01
  4405.740 9.967E-01
  4405.997 9.967E-01
  4406.254 9.968E-01
  4406.512 9.968E-01
  4406.769 9.968E-01
  4407.027 9.969E-01
  4407.284 9.969E-01
  4407.541 9.969E-01
  4407.799 9.969E-01
  4408.056 9.968E-01
  4408.314 9.967E-01
  4408.571 9.966E-01
  4408.828 9.963E-01
  4409.086 9.960E-01
  4409.343 9.959E-01
  4409.601 9.957E-01
  4409.858 9.956E-01
  4410.115 9.952E-01
  4410.373 9.948E-01
  4410.630 9.945E-01
  4410.888 9.944E-01
  4411.145 9.944E-01
  4411.402 9.947E-01
  4411.660 9.949E-01
  4411.917 9.952E-01
  4412.175 9.957E-01
  4412.432 9.963E-01
  4412.689 9.968E-01
  4412.947 9.972E-01
  4413.204 9.973E-01
  4413.462 9.971E-01
  4413.719 9.965E-01
  4413.976 9.958E-01
  4414.234 9.953E-01
  4414.491 9.949E-01
  4414.749 9.948E-01
  4415.006 9.948E-01
  4415.263 9.949E-01
  4415.521 9.948E-01
  4415.778 9.944E-01
  4416.036 9.942E-01
  4416.293 9.941E-01
  4416.550 9.940E-01
  4416.808 9.939E-01
  4417.065 9.939E-01
  4417.323 9.942E-01
  4417.580 9.947E-01
  4417.837 9.955E-01
  4418.095 9.964E-01
  4418.352 9.968E-01
  4418.610 9.967E-01
  4418.867 9.963E-01
  4419.124 9.961E-01
  4419.382 9.959E-01
  4419.639 9.958E-01
  4419.897 9.959E-01
  4420.154 9.961E-01
  4420.411 9.965E-01
  4420.669 9.970E-01
  4420.926 9.976E-01
  4421.184 9.978E-01
  4421.441 9.980E-01
  4421.698 9.980E-01
  4421.956 9.981E-01
  4422.213 9.982E-01
  4422.471 9.982E-01
  4422.728 9.982E-01
  4422.985 9.982E-01
  4423.243 9.982E-01
  4423.500 9.982E-01
  4423.758 9.982E-01
  4424.015 9.982E-01
  4424.272 9.982E-01
  4424.530 9.982E-01
  4424.787 9.980E-01
  4425.045 9.977E-01
  4425.302 9.975E-01
  4425.559 9.974E-01
  4425.817 9.973E-01
  4426.074 9.973E-01
  4426.332 9.972E-01
  4426.589 9.970E-01
  4426.846 9.964E-01
  4427.104 9.959E-01
  4427.361 9.956E-01
  4427.619 9.953E-01
  4427.876 9.952E-01
  4428.133 9.952E-01
  4428.391 9.955E-01
  4428.648 9.959E-01
  4428.906 9.964E-01
  4429.163 9.971E-01
  4429.420 9.977E-01
  4429.678 9.978E-01
  4429.935 9.974E-01
  4430.193 9.971E-01
  4430.450 9.969E-01
  4430.707 9.967E-01
  4430.965 9.967E-01
  4431.222 9.966E-01
  4431.480 9.966E-01
  4431.737 9.966E-01
  4431.994 9.967E-01
  4432.252 9.968E-01
  4432.509 9.965E-01
  4432.767 9.954E-01
  4433.024 9.941E-01
  4433.281 9.930E-01
  4433.539 9.923E-01
  4433.796 9.920E-01
  4434.054 9.920E-01
  4434.311 9.922E-01
  4434.568 9.927E-01
  4434.826 9.934E-01
  4435.083 9.941E-01
  4435.341 9.943E-01
  4435.598 9.932E-01
  4435.855 9.908E-01
  4436.113 9.867E-01
  4436.370 9.807E-01
  4436.628 9.740E-01
  4436.885 9.683E-01
  4437.142 9.645E-01
  4437.400 9.629E-01
  4437.657 9.634E-01
  4437.915 9.660E-01
  4438.172 9.702E-01
  4438.429 9.758E-01
  4438.687 9.825E-01
  4438.944 9.887E-01
  4439.202 9.928E-01
  4439.459 9.950E-01
  4439.716 9.961E-01
  4439.974 9.967E-01
  4440.231 9.971E-01
  4440.489 9.974E-01
  4440.746 9.976E-01
  4441.003 9.976E-01
  4441.261 9.977E-01
  4441.518 9.977E-01
  4441.776 9.978E-01
  4442.033 9.978E-01
  4442.290 9.977E-01
  4442.548 9.976E-01
  4442.805 9.974E-01
  4443.063 9.973E-01
  4443.320 9.972E-01
  4443.577 9.972E-01
  4443.835 9.971E-01
  4444.092 9.972E-01
  4444.350 9.973E-01
  4444.607 9.975E-01
  4444.864 9.977E-01
  4445.122 9.979E-01
  4445.379 9.980E-01
  4445.637 9.979E-01
  4445.894 9.975E-01
  4446.151 9.971E-01
  4446.409 9.968E-01
  4446.666 9.966E-01
  4446.924 9.965E-01
  4447.181 9.964E-01
  4447.438 9.965E-01
  4447.696 9.967E-01
  4447.953 9.970E-01
  4448.211 9.974E-01
  4448.468 9.977E-01
  4448.725 9.979E-01
  4448.983 9.979E-01
  4449.240 9.980E-01
  4449.498 9.980E-01
  4449.755 9.980E-01
  4450.012 9.980E-01
  4450.270 9.978E-01
  4450.527 9.976E-01
  4450.785 9.975E-01
  4451.042 9.973E-01
  4451.299 9.971E-01
  4451.557 9.970E-01
  4451.814 9.970E-01
  4452.072 9.970E-01
  4452.329 9.971E-01
  4452.586 9.972E-01
  4452.844 9.974E-01
  4453.101 9.976E-01
  4453.359 9.977E-01
  4453.616 9.978E-01
  4453.873 9.979E-01
  4454.131 9.978E-01
  4454.388 9.977E-01
  4454.646 9.975E-01
  4454.903 9.974E-01
  4455.160 9.971E-01
  4455.418 9.968E-01
  4455.675 9.966E-01
  4455.933 9.964E-01
  4456.190 9.963E-01
  4456.447 9.963E-01
  4456.705 9.964E-01
  4456.962 9.965E-01
  4457.220 9.966E-01
  4457.477 9.967E-01
  4457.734 9.969E-01
  4457.992 9.969E-01
  4458.249 9.969E-01
  4458.507 9.967E-01
  4458.764 9.966E-01
  4459.021 9.965E-01
  4459.279 9.963E-01
  4459.536 9.961E-01
  4459.794 9.960E-01
  4460.051 9.958E-01
  4460.308 9.956E-01
  4460.566 9.952E-01
  4460.823 9.949E-01
  4461.081 9.946E-01
  4461.338 9.944E-01
  4461.595 9.941E-01
  4461.853 9.938E-01
  4462.110 9.932E-01
  4462.368 9.922E-01
  4462.625 9.910E-01
  4462.882 9.899E-01
  4463.140 9.891E-01
  4463.397 9.884E-01
  4463.655 9.878E-01
  4463.912 9.874E-01
  4464.169 9.871E-01
  4464.427 9.869E-01
  4464.684 9.870E-01
  4464.942 9.869E-01
  4465.199 9.861E-01
  4465.456 9.848E-01
  4465.714 9.833E-01
  4465.971 9.815E-01
  4466.229 9.794E-01
  4466.486 9.768E-01
  4466.743 9.738E-01
  4467.001 9.703E-01
  4467.258 9.660E-01
  4467.516 9.610E-01
  4467.773 9.551E-01
  4468.030 9.481E-01
  4468.288 9.395E-01
  4468.545 9.291E-01
  4468.803 9.172E-01
  4469.060 9.048E-01
  4469.317 8.933E-01
  4469.575 8.825E-01
  4469.832 8.706E-01
  4470.090 8.537E-01
  4470.347 8.296E-01
  4470.604 8.032E-01
  4470.862 7.808E-01
  4471.119 7.654E-01
  4471.377 7.576E-01
  4471.634 7.572E-01
  4471.891 7.651E-01
  4472.149 7.823E-01
  4472.406 8.088E-01
  4472.664 8.423E-01
  4472.921 8.762E-01
  4473.178 9.032E-01
  4473.436 9.223E-01
  4473.693 9.362E-01
  4473.951 9.468E-01
  4474.208 9.550E-01
  4474.465 9.615E-01
  4474.723 9.668E-01
  4474.980 9.712E-01
  4475.238 9.750E-01
  4475.495 9.782E-01
  4475.752 9.809E-01
  4476.010 9.832E-01
  4476.267 9.851E-01
  4476.525 9.867E-01
  4476.782 9.880E-01
  4477.039 9.891E-01
  4477.297 9.900E-01
  4477.554 9.908E-01
  4477.812 9.915E-01
  4478.069 9.921E-01
  4478.326 9.926E-01
  4478.584 9.928E-01
  4478.841 9.927E-01
  4479.099 9.924E-01
  4479.356 9.916E-01
  4479.613 9.868E-01
  4479.871 9.717E-01
  4480.128 9.460E-01
  4480.386 9.207E-01
  4480.643 9.023E-01
  4480.900 8.913E-01
  4481.158 8.872E-01
  4481.415 8.895E-01
  4481.673 8.980E-01
  4481.930 9.135E-01
  4482.187 9.363E-01
  4482.445 9.635E-01
  4482.702 9.847E-01
  4482.960 9.933E-01
  4483.217 9.953E-01
  4483.474 9.957E-01
  4483.732 9.959E-01
  4483.989 9.962E-01
  4484.247 9.966E-01
  4484.504 9.971E-01
  4484.761 9.976E-01
  4485.019 9.978E-01
  4485.276 9.978E-01
  4485.534 9.974E-01
  4485.791 9.971E-01
  4486.048 9.968E-01
  4486.306 9.967E-01
  4486.563 9.967E-01
  4486.821 9.967E-01
  4487.078 9.969E-01
  4487.335 9.971E-01
  4487.593 9.974E-01
  4487.850 9.976E-01
  4488.108 9.977E-01
  4488.365 9.976E-01
  4488.622 9.975E-01
  4488.880 9.974E-01
  4489.137 9.974E-01
  4489.395 9.975E-01
  4489.652 9.976E-01
  4489.909 9.977E-01
  4490.167 9.977E-01
  4490.424 9.976E-01
  4490.682 9.975E-01
  4490.939 9.974E-01
  4491.196 9.973E-01
  4491.454 9.973E-01
  4491.711 9.973E-01
  4491.969 9.974E-01
  4492.226 9.977E-01
  4492.483 9.981E-01
  4492.741 9.985E-01
  4492.998 9.987E-01
  4493.256 9.988E-01
  4493.513 9.989E-01
  4493.770 9.990E-01
  4494.028 9.990E-01
  4494.285 9.990E-01
  4494.543 9.990E-01
  4494.800 9.991E-01
  4495.057 9.991E-01
  4495.315 9.991E-01
  4495.572 9.991E-01
  4495.830 9.991E-01
  4496.087 9.991E-01
  4496.344 9.991E-01
  4496.602 9.990E-01
  4496.859 9.988E-01
  4497.117 9.987E-01
  4497.374 9.986E-01
  4497.631 9.986E-01
  4497.889 9.985E-01
  4498.146 9.985E-01
  4498.404 9.985E-01
  4498.661 9.985E-01
  4498.918 9.986E-01
  4499.176 9.988E-01
  4499.433 9.989E-01
  4499.691 9.989E-01
  4499.948 9.989E-01
  4500.205 9.987E-01
  4500.463 9.985E-01
  4500.720 9.985E-01
  4500.978 9.984E-01
  4501.235 9.984E-01
  4501.492 9.984E-01
  4501.750 9.985E-01
  4502.007 9.987E-01
  4502.265 9.989E-01
  4502.522 9.991E-01
  4502.779 9.993E-01
  4503.037 9.994E-01
  4503.294 9.994E-01
  4503.552 9.994E-01
  4503.809 9.994E-01
  4504.066 9.994E-01
  4504.324 9.994E-01
  4504.581 9.994E-01
  4504.839 9.994E-01
  4505.096 9.994E-01
  4505.353 9.994E-01
  4505.611 9.994E-01
  4505.868 9.994E-01
  4506.126 9.994E-01
  4506.383 9.994E-01
  4506.640 9.992E-01
  4506.898 9.988E-01
  4507.155 9.976E-01
  4507.413 9.964E-01
  4507.670 9.956E-01
  4507.927 9.950E-01
  4508.185 9.947E-01
  4508.442 9.946E-01
  4508.700 9.949E-01
  4508.957 9.955E-01
  4509.214 9.963E-01
  4509.472 9.975E-01
  4509.729 9.986E-01
  4509.987 9.990E-01
  4510.244 9.992E-01
  4510.501 9.993E-01
  4510.759 9.993E-01
  4511.016 9.992E-01
  4511.274 9.988E-01
  4511.531 9.981E-01
  4511.788 9.976E-01
  4512.046 9.972E-01
  4512.303 9.970E-01
  4512.561 9.969E-01
  4512.818 9.970E-01
  4513.075 9.972E-01
  4513.333 9.976E-01
  4513.590 9.981E-01
  4513.848 9.985E-01
  4514.105 9.984E-01
  4514.362 9.979E-01
  4514.620 9.974E-01
  4514.877 9.970E-01
  4515.135 9.968E-01
  4515.392 9.967E-01
  4515.649 9.968E-01
  4515.907 9.969E-01
  4516.164 9.972E-01
  4516.422 9.976E-01
  4516.679 9.982E-01
  4516.936 9.985E-01
  4517.194 9.985E-01
  4517.451 9.985E-01
  4517.709 9.986E-01
  4517.966 9.987E-01
  4518.223 9.988E-01
  4518.481 9.990E-01
  4518.738 9.989E-01
  4518.996 9.986E-01
  4519.253 9.981E-01
  4519.510 9.978E-01
  4519.768 9.975E-01
  4520.025 9.974E-01
  4520.283 9.974E-01
  4520.540 9.975E-01
  4520.797 9.977E-01
  4521.055 9.978E-01
  4521.312 9.973E-01
  4521.570 9.962E-01
  4521.827 9.950E-01
  4522.084 9.940E-01
  4522.342 9.934E-01
  4522.599 9.932E-01
  4522.857 9.933E-01
  4523.114 9.934E-01
  4523.371 9.929E-01
  4523.629 9.916E-01
  4523.886 9.900E-01
  4524.144 9.888E-01
  4524.401 9.876E-01
  4524.658 9.869E-01
  4524.916 9.868E-01
  4525.173 9.875E-01
  4525.431 9.890E-01
  4525.688 9.913E-01
  4525.945 9.944E-01
  4526.203 9.972E-01
  4526.460 9.989E-01
  4526.718 9.994E-01
  4526.975 9.995E-01
  4527.232 9.995E-01
  4527.490 9.994E-01
  4527.747 9.989E-01
  4528.005 9.979E-01
  4528.262 9.968E-01
  4528.519 9.959E-01
  4528.777 9.954E-01
  4529.034 9.951E-01
  4529.292 9.949E-01
  4529.549 9.950E-01
  4529.806 9.954E-01
  4530.064 9.962E-01
  4530.321 9.972E-01
  4530.579 9.982E-01
  4530.836 9.987E-01
  4531.093 9.989E-01
  4531.351 9.990E-01
  4531.608 9.991E-01
  4531.866 9.993E-01
  4532.123 9.993E-01
  4532.380 9.993E-01
  4532.638 9.992E-01
  4532.895 9.987E-01
  4533.153 9.978E-01
  4533.410 9.970E-01
  4533.667 9.965E-01
  4533.925 9.962E-01
  4534.182 9.961E-01
  4534.440 9.961E-01
  4534.697 9.965E-01
  4534.954 9.970E-01
  4535.212 9.977E-01
  4535.469 9.986E-01
  4535.727 9.993E-01
  4535.984 9.996E-01
  4536.241 9.996E-01
  4536.499 9.996E-01
  4536.756 9.996E-01
  4537.014 9.996E-01
  4537.271 9.996E-01
  4537.528 9.996E-01
  4537.786 9.996E-01
  4538.043 9.996E-01
  4538.301 9.996E-01
  4538.558 9.996E-01
  4538.815 9.996E-01
  4539.073 9.996E-01
  4539.330 9.996E-01
  4539.588 9.996E-01
  4539.845 9.996E-01
  4540.102 9.995E-01
  4540.360 9.994E-01
  4540.617 9.992E-01
  4540.875 9.991E-01
  4541.132 9.990E-01
  4541.389 9.990E-01
  4541.647 9.990E-01
  4541.904 9.990E-01
  4542.162 9.991E-01
  4542.419 9.992E-01
  4542.676 9.994E-01
  4542.934 9.996E-01
  4543.191 9.997E-01
  4543.449 9.996E-01
  4543.706 9.996E-01
  4543.963 9.995E-01
  4544.221 9.994E-01
  4544.478 9.994E-01
  4544.736 9.993E-01
  4544.993 9.993E-01
  4545.250 9.993E-01
  4545.508 9.993E-01
  4545.765 9.994E-01
  4546.023 9.994E-01
  4546.280 9.995E-01
  4546.537 9.996E-01
  4546.795 9.996E-01
  4547.052 9.996E-01
  4547.310 9.996E-01
  4547.567 9.996E-01
  4547.824 9.993E-01
  4548.082 9.979E-01
  4548.339 9.948E-01
  4548.597 9.918E-01
  4548.854 9.896E-01
  4549.111 9.882E-01
  4549.369 9.875E-01
  4549.626 9.876E-01
  4549.884 9.884E-01
  4550.141 9.899E-01
  4550.398 9.923E-01
  4550.656 9.952E-01
  4550.913 9.976E-01
  4551.171 9.971E-01
  4551.428 9.942E-01
  4551.685 9.912E-01
  4551.943 9.889E-01
  4552.200 9.875E-01
  4552.458 9.869E-01
  4552.715 9.870E-01
  4552.972 9.878E-01
  4553.230 9.894E-01
  4553.487 9.919E-01
  4553.745 9.950E-01
  4554.002 9.976E-01
  4554.259 9.986E-01
  4554.517 9.984E-01
  4554.774 9.974E-01
  4555.032 9.965E-01
  4555.289 9.959E-01
  4555.546 9.956E-01
  4555.804 9.955E-01
  4556.061 9.957E-01
  4556.319 9.961E-01
  4556.576 9.967E-01
  4556.833 9.974E-01
  4557.091 9.982E-01
  4557.348 9.985E-01
  4557.606 9.980E-01
  4557.863 9.974E-01
  4558.120 9.970E-01
  4558.378 9.967E-01
  4558.635 9.966E-01
  4558.893 9.967E-01
  4559.150 9.970E-01
  4559.407 9.974E-01
  4559.665 9.981E-01
  4559.922 9.989E-01
  4560.180 9.995E-01
  4560.437 9.997E-01
  4560.694 9.997E-01
  4560.952 9.997E-01
  4561.209 9.997E-01
  4561.467 9.997E-01
  4561.724 9.997E-01
  4561.981 9.997E-01
  4562.239 9.997E-01
  4562.496 9.996E-01
  4562.754 9.994E-01
  4563.011 9.993E-01
  4563.268 9.993E-01
  4563.526 9.992E-01
  4563.783 9.992E-01
  4564.041 9.992E-01
  4564.298 9.992E-01
  4564.555 9.992E-01
  4564.813 9.993E-01
  4565.070 9.994E-01
  4565.328 9.995E-01
  4565.585 9.995E-01
  4565.842 9.995E-01
  4566.100 9.995E-01
  4566.357 9.990E-01
  4566.615 9.977E-01
  4566.872 9.963E-01
  4567.129 9.951E-01
  4567.387 9.943E-01
  4567.644 9.939E-01
  4567.902 9.938E-01
  4568.159 9.940E-01
  4568.416 9.946E-01
  4568.674 9.955E-01
  4568.931 9.969E-01
  4569.189 9.984E-01
  4569.446 9.992E-01
  4569.703 9.994E-01
  4569.961 9.995E-01
  4570.218 9.995E-01
  4570.476 9.995E-01
  4570.733 9.993E-01
  4570.990 9.991E-01
  4571.248 9.990E-01
  4571.505 9.988E-01
  4571.763 9.988E-01
  4572.020 9.987E-01
  4572.277 9.988E-01
  4572.535 9.989E-01
  4572.792 9.990E-01
  4573.050 9.992E-01
  4573.307 9.992E-01
  4573.564 9.987E-01
  4573.822 9.980E-01
  4574.079 9.975E-01
  4574.337 9.971E-01
  4574.594 9.969E-01
  4574.851 9.969E-01
  4575.109 9.969E-01
  4575.366 9.970E-01
  4575.624 9.973E-01
  4575.881 9.979E-01
  4576.138 9.986E-01
  4576.396 9.989E-01
  4576.653 9.990E-01
  4576.911 9.991E-01
  4577.168 9.992E-01
  4577.425 9.994E-01
  4577.683 9.996E-01
  4577.940 9.997E-01
  4578.198 9.996E-01
  4578.455 9.995E-01
  4578.712 9.994E-01
  4578.970 9.993E-01
  4579.227 9.993E-01
  4579.485 9.992E-01
  4579.742 9.992E-01
  4579.999 9.993E-01
  4580.257 9.993E-01
  4580.514 9.994E-01
  4580.772 9.995E-01
  4581.029 9.996E-01
  4581.286 9.996E-01
  4581.544 9.995E-01
  4581.801 9.993E-01
  4582.059 9.991E-01
  4582.316 9.985E-01
  4582.573 9.972E-01
  4582.831 9.956E-01
  4583.088 9.943E-01
  4583.346 9.935E-01
  4583.603 9.931E-01
  4583.860 9.931E-01
  4584.118 9.935E-01
  4584.375 9.941E-01
  4584.633 9.951E-01
  4584.890 9.966E-01
  4585.147 9.982E-01
  4585.405 9.992E-01
  4585.662 9.996E-01
  4585.920 9.996E-01
  4586.177 9.996E-01
  4586.434 9.996E-01
  4586.692 9.992E-01
  4586.949 9.985E-01
  4587.207 9.975E-01
  4587.464 9.968E-01
  4587.721 9.963E-01
  4587.979 9.960E-01
  4588.236 9.958E-01
  4588.494 9.958E-01
  4588.751 9.959E-01
  4589.008 9.963E-01
  4589.266 9.969E-01
  4589.523 9.977E-01
  4589.781 9.980E-01
  4590.038 9.979E-01
  4590.295 9.978E-01
  4590.553 9.978E-01
  4590.810 9.978E-01
  4591.068 9.979E-01
  4591.325 9.980E-01
  4591.582 9.981E-01
  4591.840 9.983E-01
  4592.097 9.985E-01
  4592.355 9.988E-01
  4592.612 9.990E-01
  4592.869 9.991E-01
  4593.127 9.993E-01
  4593.384 9.995E-01
  4593.642 9.997E-01
  4593.899 9.997E-01
  4594.156 9.997E-01
  4594.414 9.996E-01
  4594.671 9.994E-01
  4594.929 9.991E-01
  4595.186 9.987E-01
  4595.443 9.984E-01
  4595.701 9.982E-01
  4595.958 9.981E-01
  4596.216 9.982E-01
  4596.473 9.983E-01
  4596.730 9.985E-01
  4596.988 9.988E-01
  4597.245 9.991E-01
  4597.503 9.995E-01
  4597.760 9.996E-01
  4598.017 9.997E-01
  4598.275 9.997E-01
  4598.532 9.997E-01
  4598.790 9.997E-01
  4599.047 9.997E-01
  4599.304 9.997E-01
  4599.562 9.997E-01
  4599.819 9.997E-01
