  3980.000 8.136E-01
  3980.172 8.188E-01
  3980.343 8.222E-01
  3980.515 8.257E-01
  3980.686 8.294E-01
  3980.858 8.332E-01
  3981.030 8.370E-01
  3981.201 8.407E-01
  3981.373 8.443E-01
  3981.544 8.478E-01
  3981.716 8.511E-01
  3981.888 8.544E-01
  3982.059 8.575E-01
  3982.231 8.606E-01
  3982.402 8.636E-01
  3982.574 8.666E-01
  3982.746 8.695E-01
  3982.917 8.723E-01
  3983.089 8.750E-01
  3983.260 8.777E-01
  3983.432 8.804E-01
  3983.604 8.830E-01
  3983.775 8.855E-01
  3983.947 8.879E-01
  3984.118 8.902E-01
  3984.290 8.925E-01
  3984.462 8.948E-01
  3984.633 8.970E-01
  3984.805 8.991E-01
  3984.976 9.012E-01
  3985.148 9.032E-01
  3985.320 9.051E-01
  3985.491 9.070E-01
  3985.663 9.089E-01
  3985.834 9.106E-01
  3986.006 9.124E-01
  3986.178 9.141E-01
  3986.349 9.158E-01
  3986.521 9.174E-01
  3986.692 9.190E-01
  3986.864 9.206E-01
  3987.036 9.221E-01
  3987.207 9.236E-01
  3987.379 9.250E-01
  3987.550 9.264E-01
  3987.722 9.278E-01
  3987.894 9.291E-01
  3988.065 9.304E-01
  3988.237 9.317E-01
  3988.408 9.329E-01
  3988.580 9.341E-01
  3988.752 9.353E-01
  3988.923 9.364E-01
  3989.095 9.375E-01
  3989.266 9.386E-01
  3989.438 9.396E-01
  3989.610 9.406E-01
  3989.781 9.416E-01
  3989.953 9.425E-01
  3990.124 9.432E-01
  3990.296 9.438E-01
  3990.468 9.444E-01
  3990.639 9.449E-01
  3990.811 9.453E-01
  3990.982 9.453E-01
  3991.154 9.448E-01
  3991.326 9.443E-01
  3991.497 9.440E-01
  3991.669 9.442E-01
  3991.840 9.449E-01
  3992.012 9.459E-01
  3992.184 9.475E-01
  3992.355 9.495E-01
  3992.527 9.516E-01
  3992.698 9.532E-01
  3992.870 9.541E-01
  3993.042 9.546E-01
  3993.213 9.549E-01
  3993.385 9.553E-01
  3993.556 9.559E-01
  3993.728 9.566E-01
  3993.900 9.573E-01
  3994.071 9.579E-01
  3994.243 9.580E-01
  3994.414 9.575E-01
  3994.586 9.568E-01
  3994.758 9.564E-01
  3994.929 9.565E-01
  3995.101 9.570E-01
  3995.272 9.580E-01
  3995.444 9.595E-01
  3995.616 9.613E-01
  3995.787 9.632E-01
  3995.959 9.646E-01
  3996.130 9.654E-01
  3996.302 9.659E-01
  3996.474 9.663E-01
  3996.645 9.667E-01
  3996.817 9.670E-01
  3996.988 9.670E-01
  3997.160 9.666E-01
  3997.332 9.659E-01
  3997.503 9.652E-01
  3997.675 9.647E-01
  3997.846 9.644E-01
  3998.018 9.642E-01
  3998.190 9.642E-01
  3998.361 9.645E-01
  3998.533 9.654E-01
  3998.704 9.665E-01
  3998.876 9.674E-01
  3999.048 9.682E-01
  3999.219 9.690E-01
  3999.391 9.699E-01
  3999.562 9.707E-01
  3999.734 9.713E-01
  3999.906 9.717E-01
  4000.077 9.719E-01
  4000.249 9.720E-01
  4000.420 9.722E-01
  4000.592 9.723E-01
  4000.764 9.724E-01
  4000.935 9.725E-01
  4001.107 9.725E-01
  4001.278 9.725E-01
  4001.450 9.723E-01
  4001.622 9.718E-01
  4001.793 9.707E-01
  4001.965 9.692E-01
  4002.136 9.677E-01
  4002.308 9.666E-01
  4002.480 9.660E-01
  4002.651 9.658E-01
  4002.823 9.661E-01
  4002.994 9.668E-01
  4003.166 9.678E-01
  4003.338 9.688E-01
  4003.509 9.695E-01
  4003.681 9.697E-01
  4003.852 9.697E-01
  4004.024 9.695E-01
  4004.196 9.693E-01
  4004.367 9.689E-01
  4004.539 9.685E-01
  4004.710 9.680E-01
  4004.882 9.676E-01
  4005.054 9.670E-01
  4005.225 9.665E-01
  4005.397 9.661E-01
  4005.568 9.657E-01
  4005.740 9.653E-01
  4005.912 9.648E-01
  4006.083 9.641E-01
  4006.255 9.633E-01
  4006.426 9.622E-01
  4006.598 9.611E-01
  4006.770 9.597E-01
  4006.941 9.582E-01
  4007.113 9.564E-01
  4007.284 9.544E-01
  4007.456 9.523E-01
  4007.628 9.501E-01
  4007.799 9.478E-01
  4007.971 9.454E-01
  4008.142 9.429E-01
  4008.314 9.404E-01
  4008.486 9.378E-01
  4008.657 9.353E-01
  4008.829 9.330E-01
  4009.000 9.313E-01
  4009.172 9.304E-01
  4009.344 9.304E-01
  4009.515 9.313E-01
  4009.687 9.330E-01
  4009.858 9.354E-01
  4010.030 9.382E-01
  4010.202 9.412E-01
  4010.373 9.442E-01
  4010.545 9.470E-01
  4010.716 9.496E-01
  4010.888 9.520E-01
  4011.060 9.542E-01
  4011.231 9.562E-01
  4011.403 9.581E-01
  4011.574 9.597E-01
  4011.746 9.611E-01
  4011.918 9.623E-01
  4012.089 9.634E-01
  4012.261 9.644E-01
  4012.432 9.655E-01
  4012.604 9.665E-01
  4012.776 9.675E-01
  4012.947 9.685E-01
  4013.119 9.695E-01
  4013.290 9.705E-01
  4013.462 9.713E-01
  4013.634 9.719E-01
  4013.805 9.725E-01
  4013.977 9.730E-01
  4014.148 9.734E-01
  4014.320 9.738E-01
  4014.492 9.741E-01
  4014.663 9.741E-01
  4014.835 9.740E-01
  4015.006 9.738E-01
  4015.178 9.736E-01
  4015.350 9.734E-01
  4015.521 9.731E-01
  4015.693 9.728E-01
  4015.864 9.728E-01
  4016.036 9.730E-01
  4016.208 9.734E-01
  4016.379 9.738E-01
  4016.551 9.742E-01
  4016.722 9.746E-01
  4016.894 9.751E-01
  4017.066 9.754E-01
  4017.237 9.755E-01
  4017.409 9.754E-01
  4017.580 9.753E-01
  4017.752 9.751E-01
  4017.924 9.749E-01
  4018.095 9.746E-01
  4018.267 9.743E-01
  4018.438 9.739E-01
  4018.610 9.735E-01
  4018.782 9.730E-01
  4018.953 9.724E-01
  4019.125 9.718E-01
  4019.296 9.712E-01
  4019.468 9.705E-01
  4019.640 9.697E-01
  4019.811 9.689E-01
  4019.983 9.680E-01
  4020.154 9.671E-01
  4020.326 9.660E-01
  4020.498 9.649E-01
  4020.669 9.636E-01
  4020.841 9.622E-01
  4021.012 9.606E-01
  4021.184 9.590E-01
  4021.356 9.571E-01
  4021.527 9.550E-01
  4021.699 9.527E-01
  4021.870 9.501E-01
  4022.042 9.475E-01
  4022.214 9.448E-01
  4022.385 9.419E-01
  4022.557 9.386E-01
  4022.728 9.346E-01
  4022.900 9.297E-01
  4023.072 9.236E-01
  4023.243 9.161E-01
  4023.415 9.073E-01
  4023.586 8.978E-01
  4023.758 8.880E-01
  4023.930 8.782E-01
  4024.101 8.687E-01
  4024.273 8.596E-01
  4024.444 8.507E-01
  4024.616 8.414E-01
  4024.788 8.304E-01
  4024.959 8.170E-01
  4025.131 8.014E-01
  4025.302 7.834E-01
  4025.474 7.627E-01
  4025.646 7.405E-01
  4025.817 7.200E-01
  4025.989 7.046E-01
  4026.160 6.968E-01
  4026.332 6.974E-01
  4026.504 7.059E-01
  4026.675 7.212E-01
  4026.847 7.425E-01
  4027.018 7.674E-01
  4027.190 7.923E-01
  4027.362 8.148E-01
  4027.533 8.339E-01
  4027.705 8.499E-01
  4027.876 8.635E-01
  4028.048 8.752E-01
  4028.220 8.855E-01
  4028.391 8.947E-01
  4028.563 9.031E-01
  4028.734 9.109E-01
  4028.906 9.181E-01
  4029.078 9.248E-01
  4029.249 9.311E-01
  4029.421 9.368E-01
  4029.592 9.418E-01
  4029.764 9.460E-01
  4029.936 9.496E-01
  4030.107 9.527E-01
  4030.279 9.555E-01
  4030.450 9.580E-01
  4030.622 9.602E-01
  4030.794 9.622E-01
  4030.965 9.639E-01
  4031.137 9.656E-01
  4031.308 9.671E-01
  4031.480 9.684E-01
  4031.652 9.696E-01
  4031.823 9.706E-01
  4031.995 9.713E-01
  4032.166 9.717E-01
  4032.338 9.720E-01
  4032.510 9.725E-01
  4032.681 9.731E-01
  4032.853 9.739E-01
  4033.024 9.749E-01
  4033.196 9.760E-01
  4033.368 9.773E-01
  4033.539 9.786E-01
  4033.711 9.797E-01
  4033.882 9.805E-01
  4034.054 9.810E-01
  4034.226 9.813E-01
  4034.397 9.814E-01
  4034.569 9.812E-01
  4034.740 9.811E-01
  4034.912 9.810E-01
  4035.084 9.811E-01
  4035.255 9.814E-01
  4035.427 9.818E-01
  4035.598 9.825E-01
  4035.770 9.832E-01
  4035.942 9.841E-01
  4036.113 9.848E-01
  4036.285 9.853E-01
  4036.456 9.856E-01
  4036.628 9.859E-01
  4036.800 9.861E-01
  4036.971 9.863E-01
  4037.143 9.864E-01
  4037.314 9.864E-01
  4037.486 9.864E-01
  4037.658 9.865E-01
  4037.829 9.865E-01
  4038.001 9.867E-01
  4038.172 9.868E-01
  4038.344 9.868E-01
  4038.516 9.869E-01
  4038.687 9.869E-01
  4038.859 9.870E-01
  4039.030 9.871E-01
  4039.202 9.872E-01
  4039.374 9.873E-01
  4039.545 9.876E-01
  4039.717 9.879E-01
  4039.888 9.882E-01
  4040.060 9.885E-01
  4040.232 9.886E-01
  4040.403 9.885E-01
  4040.575 9.882E-01
  4040.746 9.878E-01
  4040.918 9.874E-01
  4041.090 9.872E-01
  4041.261 9.871E-01
  4041.433 9.871E-01
  4041.604 9.874E-01
  4041.776 9.878E-01
  4041.948 9.883E-01
  4042.119 9.887E-01
  4042.291 9.890E-01
  4042.462 9.891E-01
  4042.634 9.889E-01
  4042.806 9.886E-01
  4042.977 9.883E-01
  4043.149 9.879E-01
  4043.320 9.876E-01
  4043.492 9.875E-01
  4043.664 9.875E-01
  4043.835 9.875E-01
  4044.007 9.877E-01
  4044.178 9.880E-01
  4044.350 9.883E-01
  4044.522 9.887E-01
  4044.693 9.889E-01
  4044.865 9.891E-01
  4045.036 9.891E-01
  4045.208 9.891E-01
  4045.380 9.891E-01
  4045.551 9.891E-01
  4045.723 9.892E-01
  4045.894 9.892E-01
  4046.066 9.892E-01
  4046.238 9.893E-01
  4046.409 9.895E-01
  4046.581 9.896E-01
  4046.752 9.898E-01
  4046.924 9.898E-01
  4047.096 9.898E-01
  4047.267 9.898E-01
  4047.439 9.898E-01
  4047.610 9.898E-01
  4047.782 9.898E-01
  4047.954 9.896E-01
  4048.125 9.894E-01
  4048.297 9.890E-01
  4048.468 9.887E-01
  4048.640 9.885E-01
  4048.812 9.883E-01
  4048.983 9.883E-01
  4049.155 9.884E-01
  4049.326 9.884E-01
  4049.498 9.885E-01
  4049.670 9.886E-01
  4049.841 9.887E-01
  4050.013 9.887E-01
  4050.184 9.887E-01
  4050.356 9.888E-01
  4050.528 9.889E-01
  4050.699 9.890E-01
  4050.871 9.892E-01
  4051.042 9.892E-01
  4051.214 9.892E-01
  4051.386 9.891E-01
  4051.557 9.890E-01
  4051.729 9.890E-01
  4051.900 9.890E-01
  4052.072 9.890E-01
  4052.244 9.889E-01
  4052.415 9.889E-01
  4052.587 9.889E-01
  4052.758 9.889E-01
  4052.930 9.889E-01
  4053.102 9.888E-01
  4053.273 9.887E-01
  4053.445 9.886E-01
  4053.616 9.885E-01
  4053.788 9.884E-01
  4053.960 9.884E-01
  4054.131 9.884E-01
  4054.303 9.884E-01
  4054.474 9.885E-01
  4054.646 9.885E-01
  4054.818 9.886E-01
  4054.989 9.886E-01
  4055.161 9.886E-01
  4055.332 9.885E-01
  4055.504 9.885E-01
  4055.676 9.884E-01
  4055.847 9.884E-01
  4056.019 9.882E-01
  4056.190 9.880E-01
  4056.362 9.876E-01
  4056.534 9.872E-01
  4056.705 9.868E-01
  4056.877 9.865E-01
  4057.048 9.863E-01
  4057.220 9.862E-01
  4057.392 9.862E-01
  4057.563 9.864E-01
  4057.735 9.867E-01
  4057.906 9.869E-01
  4058.078 9.871E-01
  4058.250 9.872E-01
  4058.421 9.872E-01
  4058.593 9.871E-01
  4058.764 9.869E-01
  4058.936 9.867E-01
  4059.108 9.866E-01
  4059.279 9.865E-01
  4059.451 9.864E-01
  4059.622 9.863E-01
  4059.794 9.862E-01
  4059.966 9.862E-01
  4060.137 9.861E-01
  4060.309 9.860E-01
  4060.480 9.859E-01
  4060.652 9.858E-01
  4060.824 9.856E-01
  4060.995 9.854E-01
  4061.167 9.852E-01
  4061.338 9.850E-01
  4061.510 9.848E-01
  4061.682 9.847E-01
  4061.853 9.846E-01
  4062.025 9.846E-01
  4062.196 9.845E-01
  4062.368 9.846E-01
  4062.540 9.846E-01
  4062.711 9.846E-01
  4062.883 9.844E-01
  4063.054 9.843E-01
  4063.226 9.841E-01
  4063.398 9.839E-01
  4063.569 9.838E-01
  4063.741 9.837E-01
  4063.912 9.836E-01
  4064.084 9.835E-01
  4064.256 9.835E-01
  4064.427 9.834E-01
  4064.599 9.833E-01
  4064.770 9.832E-01
  4064.942 9.830E-01
  4065.114 9.828E-01
  4065.285 9.827E-01
  4065.457 9.825E-01
  4065.628 9.824E-01
  4065.800 9.821E-01
  4065.972 9.812E-01
  4066.143 9.791E-01
  4066.315 9.751E-01
  4066.486 9.704E-01
  4066.658 9.666E-01
  4066.830 9.640E-01
  4067.001 9.629E-01
  4067.173 9.632E-01
  4067.344 9.649E-01
  4067.516 9.680E-01
  4067.688 9.723E-01
  4067.859 9.764E-01
  4068.031 9.787E-01
  4068.202 9.795E-01
  4068.374 9.795E-01
  4068.546 9.793E-01
  4068.717 9.789E-01
  4068.889 9.783E-01
  4069.060 9.776E-01
  4069.232 9.766E-01
  4069.404 9.758E-01
  4069.575 9.751E-01
  4069.747 9.747E-01
  4069.918 9.745E-01
  4070.090 9.745E-01
  4070.262 9.746E-01
  4070.433 9.748E-01
  4070.605 9.751E-01
  4070.776 9.752E-01
  4070.948 9.750E-01
  4071.120 9.746E-01
  4071.291 9.739E-01
  4071.463 9.730E-01
  4071.634 9.721E-01
  4071.806 9.713E-01
  4071.978 9.707E-01
  4072.149 9.702E-01
  4072.321 9.700E-01
  4072.492 9.700E-01
  4072.664 9.702E-01
  4072.836 9.706E-01
  4073.007 9.709E-01
  4073.179 9.710E-01
  4073.350 9.706E-01
  4073.522 9.694E-01
  4073.694 9.669E-01
  4073.865 9.626E-01
  4074.037 9.572E-01
  4074.208 9.516E-01
  4074.380 9.467E-01
  4074.552 9.431E-01
  4074.723 9.406E-01
  4074.895 9.389E-01
  4075.066 9.377E-01
  4075.238 9.368E-01
  4075.410 9.363E-01
  4075.581 9.361E-01
  4075.753 9.360E-01
  4075.924 9.362E-01
  4076.096 9.374E-01
  4076.268 9.400E-01
  4076.439 9.438E-01
  4076.611 9.483E-01
  4076.782 9.520E-01
  4076.954 9.540E-01
  4077.126 9.547E-01
  4077.297 9.547E-01
  4077.469 9.545E-01
  4077.640 9.543E-01
  4077.812 9.540E-01
  4077.984 9.539E-01
  4078.155 9.540E-01
  4078.327 9.543E-01
  4078.498 9.548E-01
  4078.670 9.550E-01
  4078.842 9.547E-01
  4079.013 9.542E-01
  4079.185 9.536E-01
  4079.356 9.529E-01
  4079.528 9.522E-01
  4079.700 9.514E-01
  4079.871 9.507E-01
  4080.043 9.499E-01
  4080.214 9.491E-01
  4080.386 9.483E-01
  4080.558 9.474E-01
  4080.729 9.466E-01
  4080.901 9.457E-01
  4081.072 9.448E-01
  4081.244 9.438E-01
  4081.416 9.428E-01
  4081.587 9.417E-01
  4081.759 9.406E-01
  4081.930 9.395E-01
  4082.102 9.383E-01
  4082.274 9.372E-01
  4082.445 9.362E-01
  4082.617 9.351E-01
  4082.788 9.341E-01
  4082.960 9.330E-01
  4083.132 9.320E-01
  4083.303 9.308E-01
  4083.475 9.295E-01
  4083.646 9.282E-01
  4083.818 9.269E-01
  4083.990 9.255E-01
  4084.161 9.241E-01
  4084.333 9.226E-01
  4084.504 9.211E-01
  4084.676 9.196E-01
  4084.848 9.181E-01
  4085.019 9.165E-01
  4085.191 9.149E-01
  4085.362 9.133E-01
  4085.534 9.116E-01
  4085.706 9.099E-01
  4085.877 9.082E-01
  4086.049 9.065E-01
  4086.220 9.046E-01
  4086.392 9.027E-01
  4086.564 9.008E-01
  4086.735 8.988E-01
  4086.907 8.967E-01
  4087.078 8.946E-01
  4087.250 8.925E-01
  4087.422 8.903E-01
  4087.593 8.880E-01
  4087.765 8.858E-01
  4087.936 8.834E-01
  4088.108 8.810E-01
  4088.280 8.785E-01
  4088.451 8.760E-01
  4088.623 8.733E-01
  4088.794 8.706E-01
  4088.966 8.678E-01
  4089.138 8.650E-01
  4089.309 8.621E-01
  4089.481 8.592E-01
  4089.652 8.562E-01
  4089.824 8.531E-01
  4089.996 8.499E-01
  4090.167 8.467E-01
  4090.339 8.434E-01
  4090.510 8.399E-01
  4090.682 8.364E-01
  4090.854 8.328E-01
  4091.025 8.291E-01
  4091.197 8.253E-01
  4091.368 8.214E-01
  4091.540 8.174E-01
  4091.712 8.134E-01
  4091.883 8.092E-01
  4092.055 8.049E-01
  4092.226 8.005E-01
  4092.398 7.960E-01
  4092.570 7.914E-01
  4092.741 7.867E-01
  4092.913 7.819E-01
  4093.084 7.770E-01
  4093.256 7.719E-01
  4093.428 7.668E-01
  4093.599 7.615E-01
  4093.771 7.561E-01
  4093.942 7.506E-01
  4094.114 7.450E-01
  4094.286 7.392E-01
  4094.457 7.333E-01
  4094.629 7.273E-01
  4094.800 7.212E-01
  4094.972 7.149E-01
  4095.144 7.085E-01
  4095.315 7.019E-01
  4095.487 6.953E-01
  4095.658 6.885E-01
  4095.830 6.815E-01
  4096.002 6.744E-01
  4096.173 6.672E-01
  4096.345 6.599E-01
  4096.516 6.524E-01
  4096.688 6.447E-01
  4096.860 6.370E-01
  4097.031 6.291E-01
  4097.203 6.211E-01
  4097.374 6.129E-01
  4097.546 6.046E-01
  4097.718 5.962E-01
  4097.889 5.876E-01
  4098.061 5.790E-01
  4098.232 5.701E-01
  4098.404 5.612E-01
  4098.576 5.522E-01
  4098.747 5.430E-01
  4098.919 5.337E-01
  4099.090 5.243E-01
  4099.262 5.148E-01
  4099.434 5.052E-01
  4099.605 4.955E-01
  4099.777 4.856E-01
  4099.948 4.756E-01
  4100.120 4.655E-01
  4100.292 4.551E-01
  4100.463 4.443E-01
  4100.635 4.328E-01
  4100.806 4.202E-01
  4100.978 4.066E-01
  4101.150 3.932E-01
  4101.321 3.817E-01
  4101.493 3.735E-01
  4101.664 3.695E-01
  4101.836 3.700E-01
  4102.008 3.749E-01
  4102.179 3.838E-01
  4102.351 3.959E-01
  4102.522 4.095E-01
  4102.694 4.230E-01
  4102.866 4.354E-01
  4103.037 4.468E-01
  4103.209 4.576E-01
  4103.380 4.680E-01
  4103.552 4.781E-01
  4103.724 4.881E-01
  4103.895 4.980E-01
  4104.067 5.078E-01
  4104.238 5.175E-01
  4104.410 5.270E-01
  4104.582 5.364E-01
  4104.753 5.458E-01
  4104.925 5.550E-01
  4105.096 5.640E-01
  4105.268 5.730E-01
  4105.440 5.818E-01
  4105.611 5.906E-01
  4105.783 5.991E-01
  4105.954 6.076E-01
  4106.126 6.159E-01
  4106.298 6.241E-01
  4106.469 6.322E-01
  4106.641 6.401E-01
  4106.812 6.479E-01
  4106.984 6.555E-01
  4107.156 6.630E-01
  4107.327 6.704E-01
  4107.499 6.776E-01
  4107.670 6.847E-01
  4107.842 6.917E-01
  4108.014 6.985E-01
  4108.185 7.052E-01
  4108.357 7.117E-01
  4108.528 7.182E-01
  4108.700 7.244E-01
  4108.872 7.306E-01
  4109.043 7.366E-01
  4109.215 7.425E-01
  4109.386 7.483E-01
  4109.558 7.539E-01
  4109.730 7.594E-01
  4109.901 7.648E-01
  4110.073 7.700E-01
  4110.244 7.751E-01
  4110.416 7.800E-01
  4110.588 7.848E-01
  4110.759 7.895E-01
  4110.931 7.942E-01
  4111.102 7.987E-01
  4111.274 8.032E-01
  4111.446 8.076E-01
  4111.617 8.120E-01
  4111.789 8.162E-01
  4111.960 8.204E-01
  4112.132 8.244E-01
  4112.304 8.283E-01
  4112.475 8.321E-01
  4112.647 8.358E-01
  4112.818 8.394E-01
  4112.990 8.429E-01
  4113.162 8.463E-01
  4113.333 8.497E-01
  4113.505 8.530E-01
  4113.676 8.562E-01
  4113.848 8.593E-01
  4114.020 8.624E-01
  4114.191 8.654E-01
  4114.363 8.682E-01
  4114.534 8.710E-01
  4114.706 8.738E-01
  4114.878 8.764E-01
  4115.049 8.790E-01
  4115.221 8.816E-01
  4115.392 8.840E-01
  4115.564 8.864E-01
  4115.736 8.888E-01
  4115.907 8.911E-01
  4116.079 8.933E-01
  4116.250 8.955E-01
  4116.422 8.976E-01
  4116.594 8.996E-01
  4116.765 9.016E-01
  4116.937 9.036E-01
  4117.108 9.055E-01
  4117.280 9.073E-01
  4117.452 9.091E-01
  4117.623 9.108E-01
  4117.795 9.125E-01
  4117.966 9.141E-01
  4118.138 9.156E-01
  4118.310 9.169E-01
  4118.481 9.182E-01
  4118.653 9.193E-01
  4118.824 9.203E-01
  4118.996 9.213E-01
  4119.168 9.221E-01
  4119.339 9.226E-01
  4119.511 9.223E-01
  4119.682 9.203E-01
  4119.854 9.151E-01
  4120.026 9.058E-01
  4120.197 8.932E-01
  4120.369 8.806E-01
  4120.540 8.707E-01
  4120.712 8.653E-01
  4120.884 8.650E-01
  4121.055 8.698E-01
  4121.227 8.796E-01
  4121.398 8.932E-01
  4121.570 9.085E-01
  4121.742 9.221E-01
  4121.913 9.318E-01
  4122.085 9.376E-01
  4122.256 9.411E-01
  4122.428 9.433E-01
  4122.600 9.449E-01
  4122.771 9.463E-01
  4122.943 9.476E-01
  4123.114 9.488E-01
  4123.286 9.500E-01
  4123.458 9.511E-01
  4123.629 9.521E-01
  4123.801 9.530E-01
  4123.972 9.539E-01
  4124.144 9.546E-01
  4124.316 9.554E-01
  4124.487 9.561E-01
  4124.659 9.569E-01
  4124.830 9.576E-01
  4125.002 9.583E-01
  4125.174 9.589E-01
  4125.345 9.596E-01
  4125.517 9.602E-01
  4125.688 9.609E-01
  4125.860 9.615E-01
  4126.032 9.620E-01
  4126.203 9.626E-01
  4126.375 9.631E-01
  4126.546 9.635E-01
  4126.718 9.638E-01
  4126.890 9.632E-01
  4127.061 9.602E-01
  4127.233 9.530E-01
  4127.404 9.418E-01
  4127.576 9.307E-01
  4127.748 9.224E-01
  4127.919 9.179E-01
  4128.091 9.172E-01
  4128.262 9.203E-01
  4128.434 9.273E-01
  4128.606 9.377E-01
  4128.777 9.501E-01
  4128.949 9.610E-01
  4129.120 9.671E-01
  4129.292 9.696E-01
  4129.464 9.705E-01
  4129.635 9.704E-01
  4129.807 9.685E-01
  4129.978 9.625E-01
  4130.150 9.510E-01
  4130.322 9.369E-01
  4130.493 9.248E-01
  4130.665 9.168E-01
  4130.836 9.133E-01
  4131.008 9.143E-01
  4131.180 9.199E-01
  4131.351 9.301E-01
  4131.523 9.438E-01
  4131.694 9.581E-01
  4131.866 9.681E-01
  4132.038 9.726E-01
  4132.209 9.737E-01
  4132.381 9.734E-01
  4132.552 9.730E-01
  4132.724 9.727E-01
  4132.896 9.728E-01
  4133.067 9.732E-01
  4133.239 9.738E-01
  4133.410 9.747E-01
  4133.582 9.758E-01
  4133.754 9.770E-01
  4133.925 9.778E-01
  4134.097 9.784E-01
  4134.268 9.786E-01
  4134.440 9.788E-01
  4134.612 9.790E-01
  4134.783 9.791E-01
  4134.955 9.793E-01
  4135.126 9.794E-01
  4135.298 9.795E-01
  4135.470 9.796E-01
  4135.641 9.797E-01
  4135.813 9.798E-01
  4135.984 9.799E-01
  4136.156 9.799E-01
  4136.328 9.799E-01
  4136.499 9.799E-01
  4136.671 9.798E-01
  4136.842 9.798E-01
  4137.014 9.797E-01
  4137.186 9.797E-01
  4137.357 9.796E-01
  4137.529 9.795E-01
  4137.700 9.794E-01
  4137.872 9.793E-01
  4138.044 9.791E-01
  4138.215 9.790E-01
  4138.387 9.788E-01
  4138.558 9.787E-01
  4138.730 9.784E-01
  4138.902 9.781E-01
  4139.073 9.778E-01
  4139.245 9.774E-01
  4139.416 9.769E-01
  4139.588 9.763E-01
  4139.760 9.757E-01
  4139.931 9.750E-01
  4140.103 9.741E-01
  4140.274 9.732E-01
  4140.446 9.721E-01
  4140.618 9.709E-01
  4140.789 9.694E-01
  4140.961 9.677E-01
  4141.132 9.657E-01
  4141.304 9.630E-01
  4141.476 9.594E-01
  4141.647 9.550E-01
  4141.819 9.502E-01
  4141.990 9.449E-01
  4142.162 9.391E-01
  4142.334 9.326E-01
  4142.505 9.250E-01
  4142.677 9.160E-01
  4142.848 9.055E-01
  4143.020 8.937E-01
  4143.192 8.816E-01
  4143.363 8.708E-01
  4143.535 8.629E-01
  4143.706 8.591E-01
  4143.878 8.600E-01
  4144.050 8.653E-01
  4144.221 8.741E-01
  4144.393 8.853E-01
  4144.564 8.975E-01
  4144.736 9.094E-01
  4144.908 9.200E-01
  4145.079 9.289E-01
  4145.251 9.366E-01
  4145.422 9.433E-01
  4145.594 9.494E-01
  4145.766 9.548E-01
  4145.937 9.592E-01
  4146.109 9.621E-01
  4146.280 9.638E-01
  4146.452 9.651E-01
  4146.624 9.664E-01
  4146.795 9.677E-01
  4146.967 9.693E-01
  4147.138 9.710E-01
  4147.310 9.730E-01
  4147.482 9.753E-01
  4147.653 9.777E-01
  4147.825 9.797E-01
  4147.996 9.811E-01
  4148.168 9.821E-01
  4148.340 9.828E-01
  4148.511 9.834E-01
  4148.683 9.840E-01
  4148.854 9.844E-01
  4149.026 9.848E-01
  4149.198 9.850E-01
  4149.369 9.851E-01
  4149.541 9.851E-01
  4149.712 9.852E-01
  4149.884 9.854E-01
  4150.056 9.856E-01
  4150.227 9.859E-01
  4150.399 9.863E-01
  4150.570 9.867E-01
  4150.742 9.873E-01
  4150.914 9.878E-01
  4151.085 9.882E-01
  4151.257 9.886E-01
  4151.428 9.889E-01
  4151.600 9.892E-01
  4151.772 9.895E-01
  4151.943 9.895E-01
  4152.115 9.889E-01
  4152.286 9.873E-01
  4152.458 9.850E-01
  4152.630 9.829E-01
  4152.801 9.813E-01
  4152.973 9.806E-01
  4153.144 9.806E-01
  4153.316 9.813E-01
  4153.488 9.829E-01
  4153.659 9.851E-01
  4153.831 9.877E-01
  4154.002 9.898E-01
  4154.174 9.910E-01
  4154.346 9.915E-01
  4154.517 9.917E-01
  4154.689 9.918E-01
  4154.860 9.919E-01
  4155.032 9.920E-01
  4155.204 9.921E-01
  4155.375 9.922E-01
  4155.547 9.923E-01
  4155.718 9.924E-01
  4155.890 9.925E-01
  4156.062 9.925E-01
  4156.233 9.925E-01
  4156.405 9.926E-01
  4156.576 9.927E-01
  4156.748 9.928E-01
  4156.920 9.929E-01
  4157.091 9.930E-01
  4157.263 9.931E-01
  4157.434 9.932E-01
  4157.606 9.933E-01
  4157.778 9.934E-01
  4157.949 9.934E-01
  4158.121 9.935E-01
  4158.292 9.935E-01
  4158.464 9.936E-01
  4158.636 9.936E-01
  4158.807 9.937E-01
  4158.979 9.938E-01
  4159.150 9.938E-01
  4159.322 9.939E-01
  4159.494 9.939E-01
  4159.665 9.939E-01
  4159.837 9.939E-01
  4160.008 9.938E-01
  4160.180 9.938E-01
  4160.352 9.938E-01
  4160.523 9.938E-01
  4160.695 9.938E-01
  4160.866 9.939E-01
  4161.038 9.940E-01
  4161.210 9.941E-01
  4161.381 9.940E-01
  4161.553 9.935E-01
  4161.724 9.918E-01
  4161.896 9.883E-01
  4162.068 9.839E-01
  4162.239 9.800E-01
  4162.411 9.772E-01
  4162.582 9.759E-01
  4162.754 9.759E-01
  4162.926 9.772E-01
  4163.097 9.798E-01
  4163.269 9.838E-01
  4163.440 9.882E-01
  4163.612 9.916E-01
  4163.784 9.933E-01
  4163.955 9.938E-01
  4164.127 9.938E-01
  4164.298 9.935E-01
  4164.470 9.932E-01
  4164.642 9.928E-01
  4164.813 9.925E-01
  4164.985 9.924E-01
  4165.156 9.924E-01
  4165.328 9.926E-01
  4165.500 9.930E-01
  4165.671 9.935E-01
  4165.843 9.940E-01
  4166.014 9.944E-01
  4166.186 9.945E-01
  4166.358 9.944E-01
  4166.529 9.942E-01
  4166.701 9.940E-01
  4166.872 9.937E-01
  4167.044 9.934E-01
  4167.216 9.929E-01
  4167.387 9.921E-01
  4167.559 9.908E-01
  4167.730 9.887E-01
  4167.902 9.858E-01
  4168.074 9.821E-01
  4168.245 9.778E-01
  4168.417 9.735E-01
  4168.588 9.699E-01
  4168.760 9.677E-01
  4168.932 9.672E-01
  4169.103 9.684E-01
  4169.275 9.711E-01
  4169.446 9.749E-01
  4169.618 9.792E-01
  4169.790 9.835E-01
  4169.961 9.872E-01
  4170.133 9.898E-01
  4170.304 9.916E-01
  4170.476 9.927E-01
  4170.648 9.934E-01
  4170.819 9.938E-01
  4170.991 9.940E-01
  4171.162 9.941E-01
  4171.334 9.940E-01
  4171.506 9.940E-01
  4171.677 9.941E-01
  4171.849 9.941E-01
  4172.020 9.943E-01
  4172.192 9.944E-01
  4172.364 9.945E-01
  4172.535 9.940E-01
  4172.707 9.927E-01
  4172.878 9.910E-01
  4173.050 9.893E-01
  4173.222 9.879E-01
  4173.393 9.864E-01
  4173.565 9.848E-01
  4173.736 9.835E-01
  4173.908 9.833E-01
  4174.080 9.842E-01
  4174.251 9.858E-01
  4174.423 9.876E-01
  4174.594 9.891E-01
  4174.766 9.908E-01
  4174.938 9.928E-01
  4175.109 9.946E-01
  4175.281 9.956E-01
  4175.452 9.959E-01
  4175.624 9.958E-01
  4175.796 9.956E-01
  4175.967 9.955E-01
  4176.139 9.955E-01
  4176.310 9.955E-01
  4176.482 9.957E-01
  4176.654 9.958E-01
  4176.825 9.961E-01
  4176.997 9.963E-01
  4177.168 9.964E-01
  4177.340 9.964E-01
  4177.512 9.962E-01
  4177.683 9.959E-01
  4177.855 9.954E-01
  4178.026 9.945E-01
  4178.198 9.934E-01
  4178.370 9.923E-01
  4178.541 9.916E-01
  4178.713 9.912E-01
  4178.884 9.911E-01
  4179.056 9.915E-01
  4179.228 9.923E-01
  4179.399 9.933E-01
  4179.571 9.945E-01
  4179.742 9.955E-01
  4179.914 9.960E-01
  4180.086 9.959E-01
  4180.257 9.952E-01
  4180.429 9.944E-01
  4180.600 9.937E-01
  4180.772 9.933E-01
  4180.944 9.931E-01
  4181.115 9.932E-01
  4181.287 9.935E-01
  4181.458 9.942E-01
  4181.630 9.951E-01
  4181.802 9.960E-01
  4181.973 9.966E-01
  4182.145 9.969E-01
  4182.316 9.970E-01
  4182.488 9.970E-01
  4182.660 9.970E-01
  4182.831 9.970E-01
  4183.003 9.970E-01
  4183.174 9.969E-01
  4183.346 9.968E-01
  4183.518 9.967E-01
  4183.689 9.967E-01
  4183.861 9.966E-01
  4184.032 9.966E-01
  4184.204 9.967E-01
  4184.376 9.967E-01
  4184.547 9.967E-01
  4184.719 9.967E-01
  4184.890 9.966E-01
  4185.062 9.966E-01
  4185.234 9.966E-01
  4185.405 9.966E-01
  4185.577 9.966E-01
  4185.748 9.967E-01
  4185.920 9.968E-01
  4186.092 9.969E-01
  4186.263 9.969E-01
  4186.435 9.967E-01
  4186.606 9.963E-01
  4186.778 9.960E-01
  4186.950 9.957E-01
  4187.121 9.955E-01
  4187.293 9.953E-01
  4187.464 9.952E-01
  4187.636 9.954E-01
  4187.808 9.957E-01
  4187.979 9.961E-01
  4188.151 9.964E-01
  4188.322 9.966E-01
  4188.494 9.967E-01
  4188.666 9.964E-01
  4188.837 9.954E-01
  4189.009 9.936E-01
  4189.180 9.918E-01
  4189.352 9.904E-01
  4189.524 9.896E-01
  4189.695 9.893E-01
  4189.867 9.896E-01
  4190.038 9.903E-01
  4190.210 9.917E-01
  4190.382 9.934E-01
  4190.553 9.951E-01
  4190.725 9.961E-01
  4190.896 9.966E-01
  4191.068 9.968E-01
  4191.240 9.969E-01
  4191.411 9.970E-01
  4191.583 9.971E-01
  4191.754 9.972E-01
  4191.926 9.972E-01
  4192.098 9.972E-01
  4192.269 9.972E-01
  4192.441 9.972E-01
  4192.612 9.970E-01
  4192.784 9.967E-01
  4192.956 9.963E-01
  4193.127 9.960E-01
  4193.299 9.958E-01
  4193.470 9.957E-01
  4193.642 9.958E-01
  4193.814 9.960E-01
  4193.985 9.963E-01
  4194.157 9.968E-01
  4194.328 9.972E-01
  4194.500 9.975E-01
  4194.672 9.977E-01
  4194.843 9.977E-01
  4195.015 9.977E-01
  4195.186 9.977E-01
  4195.358 9.977E-01
  4195.530 9.976E-01
  4195.701 9.976E-01
  4195.873 9.976E-01
  4196.044 9.976E-01
  4196.216 9.977E-01
  4196.388 9.977E-01
  4196.559 9.977E-01
  4196.731 9.978E-01
  4196.902 9.978E-01
  4197.074 9.978E-01
  4197.246 9.978E-01
  4197.417 9.976E-01
  4197.589 9.975E-01
  4197.760 9.974E-01
  4197.932 9.973E-01
  4198.104 9.973E-01
  4198.275 9.973E-01
  4198.447 9.973E-01
  4198.618 9.973E-01
  4198.790 9.972E-01
  4198.962 9.972E-01
  4199.133 9.972E-01
  4199.305 9.971E-01
  4199.476 9.970E-01
  4199.648 9.968E-01
  4199.820 9.964E-01
  4199.991 9.957E-01
  4200.163 9.948E-01
  4200.334 9.940E-01
  4200.506 9.934E-01
  4200.678 9.932E-01
  4200.849 9.932E-01
  4201.021 9.936E-01
  4201.192 9.942E-01
  4201.364 9.951E-01
  4201.536 9.961E-01
  4201.707 9.970E-01
  4201.879 9.974E-01
  4202.050 9.976E-01
  4202.222 9.976E-01
  4202.394 9.976E-01
  4202.565 9.976E-01
  4202.737 9.976E-01
  4202.908 9.977E-01
  4203.080 9.977E-01
  4203.252 9.977E-01
  4203.423 9.978E-01
  4203.595 9.978E-01
  4203.766 9.978E-01
  4203.938 9.979E-01
  4204.110 9.979E-01
  4204.281 9.979E-01
  4204.453 9.979E-01
  4204.624 9.979E-01
  4204.796 9.978E-01
  4204.968 9.977E-01
  4205.139 9.977E-01
  4205.311 9.976E-01
  4205.482 9.975E-01
  4205.654 9.975E-01
  4205.826 9.975E-01
  4205.997 9.975E-01
  4206.169 9.976E-01
  4206.340 9.977E-01
  4206.512 9.977E-01
  4206.684 9.977E-01
  4206.855 9.978E-01
  4207.027 9.978E-01
  4207.198 9.978E-01
  4207.370 9.979E-01
  4207.542 9.979E-01
  4207.713 9.979E-01
  4207.885 9.979E-01
  4208.056 9.979E-01
  4208.228 9.980E-01
  4208.400 9.980E-01
  4208.571 9.980E-01
  4208.743 9.980E-01
  4208.914 9.980E-01
  4209.086 9.980E-01
  4209.258 9.980E-01
  4209.429 9.980E-01
  4209.601 9.979E-01
  4209.772 9.979E-01
  4209.944 9.979E-01
  4210.116 9.979E-01
  4210.287 9.979E-01
  4210.459 9.979E-01
  4210.630 9.980E-01
  4210.802 9.980E-01
  4210.974 9.980E-01
  4211.145 9.981E-01
  4211.317 9.981E-01
  4211.488 9.981E-01
  4211.660 9.981E-01
  4211.832 9.981E-01
  4212.003 9.981E-01
  4212.175 9.981E-01
  4212.346 9.981E-01
  4212.518 9.980E-01
  4212.690 9.980E-01
  4212.861 9.979E-01
  4213.033 9.978E-01
  4213.204 9.978E-01
  4213.376 9.978E-01
  4213.548 9.978E-01
  4213.719 9.978E-01
  4213.891 9.978E-01
  4214.062 9.978E-01
  4214.234 9.978E-01
  4214.406 9.978E-01
  4214.577 9.977E-01
  4214.749 9.975E-01
  4214.920 9.974E-01
  4215.092 9.972E-01
  4215.264 9.971E-01
  4215.435 9.970E-01
  4215.607 9.970E-01
  4215.778 9.971E-01
  4215.950 9.971E-01
  4216.122 9.971E-01
  4216.293 9.969E-01
  4216.465 9.963E-01
  4216.636 9.956E-01
  4216.808 9.951E-01
  4216.980 9.947E-01
  4217.151 9.945E-01
  4217.323 9.946E-01
  4217.494 9.950E-01
  4217.666 9.955E-01
  4217.838 9.963E-01
  4218.009 9.971E-01
  4218.181 9.977E-01
  4218.352 9.979E-01
  4218.524 9.980E-01
  4218.696 9.980E-01
  4218.867 9.980E-01
  4219.039 9.980E-01
  4219.210 9.980E-01
  4219.382 9.980E-01
  4219.554 9.980E-01
  4219.725 9.980E-01
  4219.897 9.981E-01
  4220.068 9.981E-01
  4220.240 9.981E-01
  4220.412 9.981E-01
  4220.583 9.981E-01
  4220.755 9.981E-01
  4220.926 9.981E-01
  4221.098 9.980E-01
  4221.270 9.979E-01
  4221.441 9.977E-01
  4221.613 9.975E-01
  4221.784 9.973E-01
  4221.956 9.972E-01
  4222.128 9.971E-01
  4222.299 9.969E-01
  4222.471 9.968E-01
  4222.642 9.968E-01
  4222.814 9.969E-01
  4222.986 9.970E-01
  4223.157 9.971E-01
  4223.329 9.973E-01
  4223.500 9.973E-01
  4223.672 9.974E-01
  4223.844 9.975E-01
  4224.015 9.975E-01
  4224.187 9.974E-01
  4224.358 9.973E-01
  4224.530 9.972E-01
  4224.702 9.972E-01
  4224.873 9.972E-01
  4225.045 9.973E-01
  4225.216 9.975E-01
  4225.388 9.977E-01
  4225.560 9.979E-01
  4225.731 9.980E-01
  4225.903 9.980E-01
  4226.074 9.980E-01
  4226.246 9.980E-01
  4226.418 9.980E-01
  4226.589 9.979E-01
  4226.761 9.978E-01
  4226.932 9.976E-01
  4227.104 9.975E-01
  4227.276 9.973E-01
  4227.447 9.972E-01
  4227.619 9.971E-01
  4227.790 9.972E-01
  4227.962 9.972E-01
  4228.134 9.974E-01
  4228.305 9.975E-01
  4228.477 9.977E-01
  4228.648 9.979E-01
  4228.820 9.980E-01
  4228.992 9.981E-01
  4229.163 9.981E-01
  4229.335 9.981E-01
  4229.506 9.980E-01
  4229.678 9.979E-01
  4229.850 9.976E-01
  4230.021 9.970E-01
  4230.193 9.959E-01
  4230.364 9.946E-01
  4230.536 9.935E-01
  4230.708 9.929E-01
  4230.879 9.926E-01
  4231.051 9.927E-01
  4231.222 9.932E-01
  4231.394 9.941E-01
  4231.566 9.952E-01
  4231.737 9.964E-01
  4231.909 9.971E-01
  4232.080 9.968E-01
  4232.252 9.954E-01
  4232.424 9.928E-01
  4232.595 9.899E-01
  4232.767 9.875E-01
  4232.938 9.860E-01
  4233.110 9.854E-01
  4233.282 9.857E-01
  4233.453 9.869E-01
  4233.625 9.890E-01
  4233.796 9.917E-01
  4233.968 9.945E-01
  4234.140 9.966E-01
  4234.311 9.976E-01
  4234.483 9.979E-01
  4234.654 9.980E-01
  4234.826 9.980E-01
  4234.998 9.979E-01
  4235.169 9.979E-01
  4235.341 9.979E-01
  4235.512 9.978E-01
  4235.684 9.978E-01
  4235.856 9.978E-01
  4236.027 9.977E-01
  4236.199 9.974E-01
  4236.370 9.971E-01
  4236.542 9.968E-01
  4236.714 9.966E-01
  4236.885 9.964E-01
  4237.057 9.963E-01
  4237.228 9.964E-01
  4237.400 9.965E-01
  4237.572 9.968E-01
  4237.743 9.971E-01
  4237.915 9.974E-01
  4238.086 9.976E-01
  4238.258 9.977E-01
  4238.430 9.977E-01
  4238.601 9.977E-01
  4238.773 9.977E-01
  4238.944 9.978E-01
  4239.116 9.978E-01
  4239.288 9.978E-01
  4239.459 9.978E-01
  4239.631 9.979E-01
  4239.802 9.979E-01
  4239.974 9.979E-01
  4240.146 9.978E-01
  4240.317 9.978E-01
  4240.489 9.977E-01
  4240.660 9.976E-01
  4240.832 9.975E-01
  4241.004 9.971E-01
  4241.175 9.966E-01
  4241.347 9.959E-01
  4241.518 9.944E-01
  4241.690 9.923E-01
  4241.862 9.900E-01
  4242.033 9.883E-01
  4242.205 9.874E-01
  4242.376 9.873E-01
  4242.548 9.878E-01
  4242.720 9.890E-01
  4242.891 9.908E-01
  4243.063 9.931E-01
  4243.234 9.953E-01
  4243.406 9.968E-01
  4243.578 9.975E-01
  4243.749 9.977E-01
  4243.921 9.977E-01
  4244.092 9.976E-01
  4244.264 9.975E-01
  4244.436 9.974E-01
  4244.607 9.973E-01
  4244.779 9.973E-01
  4244.950 9.973E-01
  4245.122 9.974E-01
  4245.294 9.975E-01
  4245.465 9.975E-01
  4245.637 9.976E-01
  4245.808 9.975E-01
  4245.980 9.973E-01
  4246.152 9.971E-01
  4246.323 9.969E-01
  4246.495 9.967E-01
  4246.666 9.966E-01
  4246.838 9.966E-01
  4247.010 9.967E-01
  4247.181 9.968E-01
  4247.353 9.971E-01
  4247.524 9.973E-01
  4247.696 9.975E-01
  4247.868 9.976E-01
  4248.039 9.977E-01
  4248.211 9.977E-01
  4248.382 9.977E-01
  4248.554 9.977E-01
  4248.726 9.976E-01
  4248.897 9.975E-01
  4249.069 9.972E-01
  4249.240 9.968E-01
  4249.412 9.964E-01
  4249.584 9.961E-01
  4249.755 9.959E-01
  4249.927 9.959E-01
  4250.098 9.959E-01
  4250.270 9.961E-01
  4250.442 9.964E-01
  4250.613 9.968E-01
  4250.785 9.971E-01
  4250.956 9.972E-01
  4251.128 9.973E-01
  4251.300 9.973E-01
  4251.471 9.973E-01
  4251.643 9.972E-01
  4251.814 9.972E-01
  4251.986 9.971E-01
  4252.158 9.970E-01
  4252.329 9.969E-01
  4252.501 9.968E-01
  4252.672 9.964E-01
  4252.844 9.958E-01
  4253.016 9.952E-01
  4253.187 9.947E-01
  4253.359 9.944E-01
  4253.530 9.943E-01
  4253.702 9.943E-01
  4253.874 9.945E-01
  4254.045 9.948E-01
  4254.217 9.952E-01
  4254.388 9.957E-01
  4254.560 9.961E-01
  4254.732 9.964E-01
  4254.903 9.965E-01
  4255.075 9.967E-01
  4255.246 9.968E-01
  4255.418 9.970E-01
  4255.590 9.971E-01
  4255.761 9.972E-01
  4255.933 9.972E-01
  4256.104 9.972E-01
  4256.276 9.971E-01
  4256.448 9.970E-01
  4256.619 9.967E-01
  4256.791 9.963E-01
  4256.962 9.960E-01
  4257.134 9.957E-01
  4257.306 9.955E-01
  4257.477 9.953E-01
  4257.649 9.953E-01
  4257.820 9.953E-01
  4257.992 9.955E-01
  4258.164 9.956E-01
  4258.335 9.954E-01
  4258.507 9.949E-01
  4258.678 9.944E-01
  4258.850 9.941E-01
  4259.022 9.940E-01
  4259.193 9.941E-01
  4259.365 9.943E-01
  4259.536 9.946E-01
  4259.708 9.952E-01
  4259.880 9.958E-01
  4260.051 9.964E-01
  4260.223 9.968E-01
  4260.394 9.969E-01
  4260.566 9.968E-01
  4260.738 9.968E-01
  4260.909 9.967E-01
  4261.081 9.966E-01
  4261.252 9.964E-01
  4261.424 9.962E-01
  4261.596 9.961E-01
  4261.767 9.961E-01
  4261.939 9.961E-01
  4262.110 9.961E-01
  4262.282 9.962E-01
  4262.454 9.964E-01
  4262.625 9.965E-01
  4262.797 9.966E-01
  4262.968 9.967E-01
  4263.140 9.967E-01
  4263.312 9.966E-01
  4263.483 9.966E-01
  4263.655 9.966E-01
  4263.826 9.966E-01
  4263.998 9.966E-01
  4264.170 9.966E-01
  4264.341 9.966E-01
  4264.513 9.966E-01
  4264.684 9.966E-01
  4264.856 9.965E-01
  4265.028 9.964E-01
  4265.199 9.963E-01
  4265.371 9.962E-01
  4265.542 9.959E-01
  4265.714 9.952E-01
  4265.886 9.932E-01
  4266.057 9.884E-01
  4266.229 9.790E-01
  4266.400 9.653E-01
  4266.572 9.505E-01
  4266.744 9.380E-01
  4266.915 9.293E-01
  4267.087 9.249E-01
  4267.258 9.254E-01
  4267.430 9.310E-01
  4267.602 9.415E-01
  4267.773 9.557E-01
  4267.945 9.701E-01
  4268.116 9.813E-01
  4268.288 9.881E-01
  4268.460 9.918E-01
  4268.631 9.938E-01
  4268.803 9.944E-01
  4268.974 9.939E-01
  4269.146 9.930E-01
  4269.318 9.921E-01
  4269.489 9.916E-01
  4269.661 9.914E-01
  4269.832 9.915E-01
  4270.004 9.919E-01
  4270.176 9.926E-01
  4270.347 9.936E-01
  4270.519 9.947E-01
  4270.690 9.955E-01
  4270.862 9.958E-01
  4271.034 9.959E-01
  4271.205 9.959E-01
  4271.377 9.958E-01
  4271.548 9.958E-01
  4271.720 9.958E-01
  4271.892 9.958E-01
  4272.063 9.958E-01
  4272.235 9.958E-01
  4272.406 9.958E-01
  4272.578 9.956E-01
  4272.750 9.955E-01
  4272.921 9.953E-01
  4273.093 9.952E-01
  4273.264 9.951E-01
  4273.436 9.951E-01
  4273.608 9.951E-01
  4273.779 9.952E-01
  4273.951 9.954E-01
  4274.122 9.956E-01
  4274.294 9.957E-01
  4274.466 9.957E-01
  4274.637 9.956E-01
  4274.809 9.953E-01
  4274.980 9.950E-01
  4275.152 9.948E-01
  4275.324 9.946E-01
  4275.495 9.945E-01
  4275.667 9.944E-01
  4275.838 9.944E-01
  4276.010 9.944E-01
  4276.182 9.945E-01
  4276.353 9.946E-01
  4276.525 9.947E-01
  4276.696 9.947E-01
  4276.868 9.946E-01
  4277.040 9.945E-01
  4277.211 9.945E-01
  4277.383 9.944E-01
  4277.554 9.941E-01
  4277.726 9.936E-01
  4277.898 9.929E-01
  4278.069 9.923E-01
  4278.241 9.919E-01
  4278.412 9.917E-01
  4278.584 9.916E-01
  4278.756 9.918E-01
  4278.927 9.922E-01
  4279.099 9.928E-01
  4279.270 9.935E-01
  4279.442 9.941E-01
  4279.614 9.945E-01
  4279.785 9.947E-01
  4279.957 9.948E-01
  4280.128 9.948E-01
  4280.300 9.949E-01
  4280.472 9.948E-01
  4280.643 9.948E-01
  4280.815 9.947E-01
  4280.986 9.947E-01
  4281.158 9.946E-01
  4281.330 9.945E-01
  4281.501 9.944E-01
  4281.673 9.941E-01
  4281.844 9.936E-01
  4282.016 9.930E-01
  4282.188 9.925E-01
  4282.359 9.921E-01
  4282.531 9.919E-01
  4282.702 9.918E-01
  4282.874 9.919E-01
  4283.046 9.922E-01
  4283.217 9.926E-01
  4283.389 9.930E-01
  4283.560 9.934E-01
  4283.732 9.935E-01
  4283.904 9.935E-01
  4284.075 9.934E-01
  4284.247 9.931E-01
  4284.418 9.928E-01
  4284.590 9.926E-01
  4284.762 9.925E-01
  4284.933 9.925E-01
  4285.105 9.925E-01
  4285.276 9.926E-01
  4285.448 9.927E-01
  4285.620 9.929E-01
  4285.791 9.931E-01
  4285.963 9.932E-01
  4286.134 9.933E-01
  4286.306 9.933E-01
  4286.478 9.932E-01
  4286.649 9.932E-01
  4286.821 9.932E-01
  4286.992 9.932E-01
  4287.164 9.932E-01
  4287.336 9.932E-01
  4287.507 9.931E-01
  4287.679 9.931E-01
  4287.850 9.930E-01
  4288.022 9.929E-01
  4288.194 9.928E-01
  4288.365 9.927E-01
  4288.537 9.926E-01
  4288.708 9.926E-01
  4288.880 9.926E-01
  4289.052 9.925E-01
  4289.223 9.924E-01
  4289.395 9.923E-01
  4289.566 9.922E-01
  4289.738 9.920E-01
  4289.910 9.919E-01
  4290.081 9.917E-01
  4290.253 9.916E-01
  4290.424 9.916E-01
  4290.596 9.915E-01
  4290.768 9.914E-01
  4290.939 9.913E-01
  4291.111 9.912E-01
  4291.282 9.911E-01
  4291.454 9.910E-01
  4291.626 9.909E-01
  4291.797 9.909E-01
  4291.969 9.910E-01
  4292.140 9.911E-01
  4292.312 9.913E-01
  4292.484 9.913E-01
  4292.655 9.914E-01
  4292.827 9.914E-01
  4292.998 9.913E-01
  4293.170 9.910E-01
  4293.342 9.903E-01
  4293.513 9.888E-01
  4293.685 9.863E-01
  4293.856 9.838E-01
  4294.028 9.817E-01
  4294.200 9.804E-01
  4294.371 9.798E-01
  4294.543 9.800E-01
  4294.714 9.810E-01
  4294.886 9.827E-01
  4295.058 9.849E-01
  4295.229 9.872E-01
  4295.401 9.888E-01
  4295.572 9.894E-01
  4295.744 9.894E-01
  4295.916 9.891E-01
  4296.087 9.887E-01
  4296.259 9.884E-01
  4296.430 9.882E-01
  4296.602 9.881E-01
  4296.774 9.882E-01
  4296.945 9.883E-01
  4297.117 9.884E-01
  4297.288 9.887E-01
  4297.460 9.889E-01
  4297.632 9.890E-01
  4297.803 9.890E-01
  4297.975 9.889E-01
  4298.146 9.888E-01
  4298.318 9.887E-01
  4298.490 9.886E-01
  4298.661 9.885E-01
  4298.833 9.883E-01
  4299.004 9.881E-01
  4299.176 9.878E-01
  4299.348 9.875E-01
  4299.519 9.871E-01
  4299.691 9.867E-01
  4299.862 9.865E-01
  4300.034 9.863E-01
  4300.206 9.863E-01
  4300.377 9.863E-01
  4300.549 9.863E-01
  4300.720 9.865E-01
  4300.892 9.866E-01
  4301.064 9.866E-01
  4301.235 9.864E-01
  4301.407 9.862E-01
  4301.578 9.860E-01
  4301.750 9.858E-01
  4301.922 9.856E-01
  4302.093 9.853E-01
  4302.265 9.847E-01
  4302.436 9.838E-01
  4302.608 9.828E-01
  4302.780 9.820E-01
  4302.951 9.813E-01
  4303.123 9.808E-01
  4303.294 9.806E-01
  4303.466 9.806E-01
  4303.638 9.810E-01
  4303.809 9.817E-01
  4303.981 9.824E-01
  4304.152 9.829E-01
  4304.324 9.832E-01
  4304.496 9.832E-01
  4304.667 9.831E-01
  4304.839 9.830E-01
  4305.010 9.828E-01
  4305.182 9.827E-01
  4305.354 9.825E-01
  4305.525 9.824E-01
  4305.697 9.822E-01
  4305.868 9.820E-01
  4306.040 9.818E-01
  4306.212 9.815E-01
  4306.383 9.813E-01
  4306.555 9.810E-01
  4306.726 9.807E-01
  4306.898 9.803E-01
  4307.070 9.799E-01
  4307.241 9.795E-01
  4307.413 9.792E-01
  4307.584 9.789E-01
  4307.756 9.786E-01
  4307.928 9.785E-01
  4308.099 9.783E-01
  4308.271 9.782E-01
  4308.442 9.782E-01
  4308.614 9.781E-01
  4308.786 9.780E-01
  4308.957 9.778E-01
  4309.129 9.776E-01
  4309.300 9.773E-01
  4309.472 9.770E-01
  4309.644 9.767E-01
  4309.815 9.764E-01
  4309.987 9.761E-01
  4310.158 9.758E-01
  4310.330 9.755E-01
  4310.502 9.752E-01
  4310.673 9.749E-01
  4310.845 9.746E-01
  4311.016 9.743E-01
  4311.188 9.740E-01
  4311.360 9.737E-01
  4311.531 9.734E-01
  4311.703 9.730E-01
  4311.874 9.726E-01
  4312.046 9.722E-01
  4312.218 9.717E-01
  4312.389 9.711E-01
  4312.561 9.706E-01
  4312.732 9.701E-01
  4312.904 9.697E-01
  4313.076 9.692E-01
  4313.247 9.688E-01
  4313.419 9.684E-01
  4313.590 9.680E-01
  4313.762 9.676E-01
  4313.934 9.671E-01
  4314.105 9.666E-01
  4314.277 9.660E-01
  4314.448 9.654E-01
  4314.620 9.649E-01
  4314.792 9.644E-01
  4314.963 9.640E-01
  4315.135 9.636E-01
  4315.306 9.632E-01
  4315.478 9.628E-01
  4315.650 9.624E-01
  4315.821 9.620E-01
  4315.993 9.615E-01
  4316.164 9.609E-01
  4316.336 9.601E-01
  4316.508 9.593E-01
  4316.679 9.584E-01
  4316.851 9.576E-01
  4317.022 9.569E-01
  4317.194 9.562E-01
  4317.366 9.556E-01
  4317.537 9.549E-01
  4317.709 9.541E-01
  4317.880 9.531E-01
  4318.052 9.518E-01
  4318.224 9.506E-01
  4318.395 9.495E-01
  4318.567 9.486E-01
  4318.738 9.477E-01
  4318.910 9.469E-01
  4319.082 9.463E-01
  4319.253 9.459E-01
  4319.425 9.457E-01
  4319.596 9.453E-01
  4319.768 9.447E-01
  4319.940 9.440E-01
  4320.111 9.432E-01
  4320.283 9.424E-01
  4320.454 9.416E-01
  4320.626 9.407E-01
  4320.798 9.397E-01
  4320.969 9.387E-01
  4321.141 9.377E-01
  4321.312 9.366E-01
  4321.484 9.355E-01
  4321.656 9.344E-01
  4321.827 9.333E-01
  4321.999 9.321E-01
  4322.170 9.309E-01
  4322.342 9.297E-01
  4322.514 9.284E-01
  4322.685 9.271E-01
  4322.857 9.258E-01
  4323.028 9.244E-01
  4323.200 9.230E-01
  4323.372 9.215E-01
  4323.543 9.201E-01
  4323.715 9.186E-01
  4323.886 9.170E-01
  4324.058 9.154E-01
  4324.230 9.138E-01
  4324.401 9.121E-01
  4324.573 9.103E-01
  4324.744 9.085E-01
  4324.916 9.065E-01
  4325.088 9.045E-01
  4325.259 9.025E-01
  4325.431 9.005E-01
  4325.602 8.986E-01
  4325.774 8.966E-01
  4325.946 8.946E-01
  4326.117 8.926E-01
  4326.289 8.906E-01
  4326.460 8.885E-01
  4326.632 8.864E-01
  4326.804 8.842E-01
  4326.975 8.818E-01
  4327.147 8.795E-01
  4327.318 8.770E-01
  4327.490 8.746E-01
  4327.662 8.720E-01
  4327.833 8.693E-01
  4328.005 8.666E-01
  4328.176 8.638E-01
  4328.348 8.609E-01
  4328.520 8.578E-01
  4328.691 8.546E-01
  4328.863 8.513E-01
  4329.034 8.480E-01
  4329.206 8.447E-01
  4329.378 8.413E-01
  4329.549 8.379E-01
  4329.721 8.344E-01
  4329.892 8.310E-01
  4330.064 8.275E-01
  4330.236 8.239E-01
  4330.407 8.202E-01
  4330.579 8.163E-01
  4330.750 8.124E-01
  4330.922 8.083E-01
  4331.094 8.041E-01
  4331.265 7.997E-01
  4331.437 7.952E-01
  4331.608 7.906E-01
  4331.780 7.860E-01
  4331.952 7.813E-01
  4332.123 7.765E-01
  4332.295 7.717E-01
  4332.466 7.668E-01
  4332.638 7.618E-01
  4332.810 7.567E-01
  4332.981 7.515E-01
  4333.153 7.460E-01
  4333.324 7.404E-01
  4333.496 7.347E-01
  4333.668 7.289E-01
  4333.839 7.229E-01
  4334.011 7.169E-01
  4334.182 7.107E-01
  4334.354 7.044E-01
  4334.526 6.980E-01
  4334.697 6.914E-01
  4334.869 6.847E-01
  4335.040 6.779E-01
  4335.212 6.710E-01
  4335.384 6.639E-01
  4335.555 6.567E-01
  4335.727 6.494E-01
  4335.898 6.419E-01
  4336.070 6.343E-01
  4336.242 6.266E-01
  4336.413 6.188E-01
  4336.585 6.108E-01
  4336.756 6.027E-01
  4336.928 5.945E-01
  4337.100 5.862E-01
  4337.271 5.777E-01
  4337.443 5.691E-01
  4337.614 5.604E-01
  4337.786 5.516E-01
  4337.958 5.426E-01
  4338.129 5.335E-01
  4338.301 5.243E-01
  4338.472 5.150E-01
  4338.644 5.055E-01
  4338.816 4.958E-01
  4338.987 4.857E-01
  4339.159 4.750E-01
  4339.330 4.629E-01
  4339.502 4.490E-01
  4339.674 4.331E-01
  4339.845 4.170E-01
  4340.017 4.028E-01
  4340.188 3.924E-01
  4340.360 3.867E-01
  4340.532 3.862E-01
  4340.703 3.908E-01
  4340.875 4.004E-01
  4341.046 4.139E-01
  4341.218 4.299E-01
  4341.390 4.460E-01
  4341.561 4.605E-01
  4341.733 4.729E-01
  4341.904 4.839E-01
  4342.076 4.941E-01
  4342.248 5.040E-01
  4342.419 5.135E-01
  4342.591 5.230E-01
  4342.762 5.322E-01
  4342.934 5.414E-01
  4343.106 5.504E-01
  4343.277 5.593E-01
  4343.449 5.681E-01
  4343.620 5.768E-01
  4343.792 5.853E-01
  4343.964 5.937E-01
  4344.135 6.021E-01
  4344.307 6.102E-01
  4344.478 6.183E-01
  4344.650 6.262E-01
  4344.822 6.340E-01
  4344.993 6.416E-01
  4345.165 6.491E-01
  4345.336 6.565E-01
  4345.508 6.638E-01
  4345.680 6.709E-01
  4345.851 6.779E-01
  4346.023 6.848E-01
  4346.194 6.916E-01
  4346.366 6.982E-01
  4346.538 7.047E-01
  4346.709 7.111E-01
  4346.881 7.173E-01
  4347.052 7.235E-01
  4347.224 7.294E-01
  4347.396 7.353E-01
  4347.567 7.410E-01
  4347.739 7.466E-01
  4347.910 7.521E-01
  4348.082 7.575E-01
  4348.254 7.628E-01
  4348.425 7.680E-01
  4348.597 7.731E-01
  4348.768 7.780E-01
  4348.940 7.829E-01
  4349.112 7.876E-01
  4349.283 7.922E-01
  4349.455 7.968E-01
  4349.626 8.012E-01
  4349.798 8.055E-01
  4349.970 8.098E-01
  4350.141 8.139E-01
  4350.313 8.180E-01
  4350.484 8.219E-01
  4350.656 8.255E-01
  4350.828 8.287E-01
  4350.999 8.313E-01
  4351.171 8.337E-01
  4351.342 8.362E-01
  4351.514 8.389E-01
  4351.686 8.419E-01
  4351.857 8.451E-01
  4352.029 8.485E-01
  4352.200 8.522E-01
  4352.372 8.562E-01
  4352.544 8.603E-01
  4352.715 8.642E-01
  4352.887 8.676E-01
  4353.058 8.706E-01
  4353.230 8.735E-01
  4353.402 8.762E-01
  4353.573 8.788E-01
  4353.745 8.813E-01
  4353.916 8.837E-01
  4354.088 8.861E-01
  4354.260 8.884E-01
  4354.431 8.907E-01
  4354.603 8.929E-01
  4354.774 8.950E-01
  4354.946 8.972E-01
  4355.118 8.992E-01
  4355.289 9.012E-01
  4355.461 9.032E-01
  4355.632 9.051E-01
  4355.804 9.070E-01
  4355.976 9.088E-01
  4356.147 9.105E-01
  4356.319 9.122E-01
  4356.490 9.139E-01
  4356.662 9.155E-01
  4356.834 9.170E-01
  4357.005 9.185E-01
  4357.177 9.199E-01
  4357.348 9.214E-01
  4357.520 9.229E-01
  4357.692 9.243E-01
  4357.863 9.257E-01
  4358.035 9.272E-01
  4358.206 9.286E-01
  4358.378 9.300E-01
  4358.550 9.313E-01
  4358.721 9.326E-01
  4358.893 9.338E-01
  4359.064 9.350E-01
  4359.236 9.361E-01
  4359.408 9.372E-01
  4359.579 9.383E-01
  4359.751 9.394E-01
  4359.922 9.404E-01
  4360.094 9.415E-01
  4360.266 9.424E-01
  4360.437 9.434E-01
  4360.609 9.442E-01
  4360.780 9.451E-01
  4360.952 9.459E-01
  4361.124 9.466E-01
  4361.295 9.473E-01
  4361.467 9.480E-01
  4361.638 9.487E-01
  4361.810 9.496E-01
  4361.982 9.505E-01
  4362.153 9.514E-01
  4362.325 9.523E-01
  4362.496 9.532E-01
  4362.668 9.541E-01
  4362.840 9.550E-01
  4363.011 9.559E-01
  4363.183 9.567E-01
  4363.354 9.574E-01
  4363.526 9.581E-01
  4363.698 9.587E-01
  4363.869 9.594E-01
  4364.041 9.600E-01
  4364.212 9.606E-01
  4364.384 9.612E-01
  4364.556 9.617E-01
  4364.727 9.622E-01
  4364.899 9.627E-01
  4365.070 9.632E-01
  4365.242 9.636E-01
  4365.414 9.641E-01
  4365.585 9.647E-01
  4365.757 9.652E-01
  4365.928 9.656E-01
  4366.100 9.659E-01
  4366.272 9.662E-01
  4366.443 9.665E-01
  4366.615 9.668E-01
  4366.786 9.672E-01
  4366.958 9.676E-01
  4367.130 9.679E-01
  4367.301 9.681E-01
  4367.473 9.681E-01
  4367.644 9.681E-01
  4367.816 9.681E-01
  4367.988 9.683E-01
  4368.159 9.685E-01
  4368.331 9.689E-01
  4368.502 9.695E-01
  4368.674 9.702E-01
  4368.846 9.711E-01
  4369.017 9.720E-01
  4369.189 9.729E-01
  4369.360 9.734E-01
  4369.532 9.738E-01
  4369.704 9.742E-01
  4369.875 9.745E-01
  4370.047 9.749E-01
  4370.218 9.752E-01
  4370.390 9.755E-01
  4370.562 9.756E-01
  4370.733 9.756E-01
  4370.905 9.757E-01
  4371.076 9.758E-01
  4371.248 9.758E-01
  4371.420 9.758E-01
  4371.591 9.756E-01
  4371.763 9.753E-01
  4371.934 9.751E-01
  4372.106 9.751E-01
  4372.278 9.753E-01
  4372.449 9.756E-01
  4372.621 9.760E-01
  4372.792 9.766E-01
  4372.964 9.774E-01
  4373.136 9.782E-01
  4373.307 9.790E-01
  4373.479 9.794E-01
  4373.650 9.795E-01
  4373.822 9.795E-01
  4373.994 9.795E-01
  4374.165 9.795E-01
  4374.337 9.796E-01
  4374.508 9.797E-01
  4374.680 9.800E-01
  4374.852 9.804E-01
  4375.023 9.809E-01
  4375.195 9.814E-01
  4375.366 9.817E-01
  4375.538 9.819E-01
  4375.710 9.820E-01
  4375.881 9.819E-01
  4376.053 9.817E-01
  4376.224 9.813E-01
  4376.396 9.808E-01
  4376.568 9.806E-01
  4376.739 9.804E-01
  4376.911 9.805E-01
  4377.082 9.807E-01
  4377.254 9.811E-01
  4377.426 9.815E-01
  4377.597 9.821E-01
  4377.769 9.826E-01
  4377.940 9.831E-01
  4378.112 9.833E-01
  4378.284 9.834E-01
  4378.455 9.834E-01
  4378.627 9.834E-01
  4378.798 9.833E-01
  4378.970 9.832E-01
  4379.142 9.830E-01
  4379.313 9.829E-01
  4379.485 9.828E-01
  4379.656 9.827E-01
  4379.828 9.826E-01
  4380.000 9.826E-01
  4380.171 9.825E-01
  4380.343 9.824E-01
  4380.514 9.822E-01
  4380.686 9.820E-01
  4380.858 9.815E-01
  4381.029 9.810E-01
  4381.201 9.803E-01
  4381.372 9.795E-01
  4381.544 9.786E-01
  4381.716 9.777E-01
  4381.887 9.767E-01
  4382.059 9.757E-01
  4382.230 9.748E-01
  4382.402 9.739E-01
  4382.574 9.730E-01
  4382.745 9.721E-01
  4382.917 9.713E-01
  4383.088 9.706E-01
  4383.260 9.699E-01
  4383.432 9.692E-01
  4383.603 9.682E-01
  4383.775 9.665E-01
  4383.946 9.643E-01
  4384.118 9.622E-01
  4384.290 9.605E-01
  4384.461 9.591E-01
  4384.633 9.577E-01
  4384.804 9.564E-01
  4384.976 9.553E-01
  4385.148 9.545E-01
  4385.319 9.536E-01
  4385.491 9.524E-01
  4385.662 9.502E-01
  4385.834 9.469E-01
  4386.006 9.431E-01
  4386.177 9.388E-01
  4386.349 9.335E-01
  4386.520 9.265E-01
  4386.692 9.176E-01
  4386.864 9.070E-01
  4387.035 8.948E-01
  4387.207 8.810E-01
  4387.378 8.665E-01
  4387.550 8.531E-01
  4387.722 8.423E-01
  4387.893 8.357E-01
  4388.065 8.339E-01
  4388.236 8.368E-01
  4388.408 8.438E-01
  4388.580 8.541E-01
  4388.751 8.669E-01
  4388.923 8.808E-01
  4389.094 8.942E-01
  4389.266 9.060E-01
  4389.438 9.158E-01
  4389.609 9.231E-01
  4389.781 9.277E-01
  4389.952 9.309E-01
  4390.124 9.336E-01
  4390.296 9.366E-01
  4390.467 9.401E-01
  4390.639 9.440E-01
  4390.810 9.484E-01
  4390.982 9.534E-01
  4391.154 9.590E-01
  4391.325 9.649E-01
  4391.497 9.702E-01
  4391.668 9.739E-01
  4391.840 9.762E-01
  4392.012 9.779E-01
  4392.183 9.794E-01
  4392.355 9.807E-01
  4392.526 9.819E-01
  4392.698 9.831E-01
  4392.870 9.840E-01
  4393.041 9.848E-01
  4393.213 9.854E-01
  4393.384 9.860E-01
  4393.556 9.865E-01
  4393.728 9.870E-01
  4393.899 9.874E-01
  4394.071 9.877E-01
  4394.242 9.878E-01
  4394.414 9.878E-01
  4394.586 9.878E-01
  4394.757 9.879E-01
  4394.929 9.879E-01
  4395.100 9.878E-01
  4395.272 9.879E-01
  4395.444 9.881E-01
  4395.615 9.885E-01
  4395.787 9.890E-01
  4395.958 9.896E-01
  4396.130 9.901E-01
  4396.302 9.906E-01
  4396.473 9.911E-01
  4396.645 9.916E-01
  4396.816 9.920E-01
  4396.988 9.923E-01
  4397.160 9.924E-01
  4397.331 9.926E-01
  4397.503 9.927E-01
  4397.674 9.928E-01
  4397.846 9.929E-01
  4398.018 9.930E-01
  4398.189 9.931E-01
  4398.361 9.933E-01
  4398.532 9.934E-01
  4398.704 9.934E-01
  4398.876 9.935E-01
  4399.047 9.935E-01
  4399.219 9.935E-01
  4399.390 9.935E-01
  4399.562 9.935E-01
  4399.734 9.935E-01
  4399.905 9.935E-01
  4400.077 9.936E-01
  4400.248 9.936E-01
  4400.420 9.937E-01
  4400.592 9.938E-01
  4400.763 9.939E-01
  4400.935 9.940E-01
  4401.106 9.941E-01
  4401.278 9.942E-01
  4401.450 9.943E-01
  4401.621 9.944E-01
  4401.793 9.945E-01
  4401.964 9.945E-01
  4402.136 9.945E-01
  4402.308 9.945E-01
  4402.479 9.945E-01
  4402.651 9.946E-01
  4402.822 9.946E-01
  4402.994 9.947E-01
  4403.166 9.948E-01
  4403.337 9.949E-01
  4403.509 9.950E-01
  4403.680 9.951E-01
  4403.852 9.952E-01
  4404.024 9.952E-01
  4404.195 9.952E-01
  4404.367 9.952E-01
  4404.538 9.952E-01
  4404.710 9.953E-01
  4404.882 9.953E-01
  4405.053 9.954E-01
  4405.225 9.955E-01
  4405.396 9.955E-01
  4405.568 9.956E-01
  4405.740 9.957E-01
  4405.911 9.957E-01
  4406.083 9.957E-01
  4406.254 9.958E-01
  4406.426 9.958E-01
  4406.598 9.958E-01
  4406.769 9.958E-01
  4406.941 9.958E-01
  4407.112 9.959E-01
  4407.284 9.959E-01
  4407.456 9.960E-01
  4407.627 9.960E-01
  4407.799 9.961E-01
  4407.970 9.961E-01
  4408.142 9.961E-01
  4408.314 9.960E-01
  4408.485 9.959E-01
  4408.657 9.958E-01
  4408.828 9.957E-01
  4409.000 9.955E-01
  4409.172 9.953E-01
  4409.343 9.951E-01
  4409.515 9.949E-01
  4409.686 9.949E-01
  4409.858 9.949E-01
  4410.030 9.950E-01
  4410.201 9.950E-01
  4410.373 9.949E-01
  4410.544 9.946E-01
  4410.716 9.943E-01
  4410.888 9.940E-01
  4411.059 9.937E-01
  4411.231 9.935E-01
  4411.402 9.935E-01
  4411.574 9.937E-01
  4411.746 9.941E-01
  4411.917 9.947E-01
  4412.089 9.953E-01
  4412.260 9.959E-01
  4412.432 9.963E-01
  4412.604 9.966E-01
  4412.775 9.966E-01
  4412.947 9.966E-01
  4413.118 9.966E-01
  4413.290 9.966E-01
  4413.462 9.965E-01
  4413.633 9.965E-01
  4413.805 9.964E-01
  4413.976 9.961E-01
  4414.148 9.955E-01
  4414.320 9.948E-01
  4414.491 9.942E-01
  4414.663 9.938E-01
  4414.834 9.936E-01
  4415.006 9.936E-01
  4415.178 9.938E-01
  4415.349 9.943E-01
  4415.521 9.949E-01
  4415.692 9.955E-01
  4415.864 9.958E-01
  4416.036 9.954E-01
  4416.207 9.944E-01
  4416.379 9.934E-01
  4416.550 9.926E-01
  4416.722 9.921E-01
  4416.894 9.919E-01
  4417.065 9.920E-01
  4417.237 9.925E-01
  4417.408 9.933E-01
  4417.580 9.945E-01
  4417.752 9.956E-01
  4417.923 9.965E-01
  4418.095 9.969E-01
  4418.266 9.970E-01
  4418.438 9.970E-01
  4418.610 9.969E-01
  4418.781 9.965E-01
  4418.953 9.960E-01
  4419.124 9.956E-01
  4419.296 9.953E-01
  4419.468 9.951E-01
  4419.639 9.951E-01
  4419.811 9.952E-01
  4419.982 9.954E-01
  4420.154 9.958E-01
  4420.326 9.963E-01
  4420.497 9.967E-01
  4420.669 9.970E-01
  4420.840 9.972E-01
  4421.012 9.972E-01
  4421.184 9.973E-01
  4421.355 9.974E-01
  4421.527 9.974E-01
  4421.698 9.975E-01
  4421.870 9.975E-01
  4422.042 9.976E-01
  4422.213 9.976E-01
  4422.385 9.976E-01
  4422.556 9.976E-01
  4422.728 9.976E-01
  4422.900 9.976E-01
  4423.071 9.976E-01
  4423.243 9.977E-01
  4423.414 9.977E-01
  4423.586 9.977E-01
  4423.758 9.977E-01
  4423.929 9.977E-01
  4424.101 9.977E-01
  4424.272 9.977E-01
  4424.444 9.977E-01
  4424.616 9.977E-01
  4424.787 9.977E-01
  4424.959 9.976E-01
  4425.130 9.975E-01
  4425.302 9.972E-01
  4425.474 9.970E-01
  4425.645 9.968E-01
  4425.817 9.967E-01
  4425.988 9.966E-01
  4426.160 9.966E-01
  4426.332 9.967E-01
  4426.503 9.969E-01
  4426.675 9.970E-01
  4426.846 9.971E-01
  4427.018 9.968E-01
  4427.190 9.961E-01
  4427.361 9.950E-01
  4427.533 9.941E-01
  4427.704 9.935E-01
  4427.876 9.932E-01
  4428.048 9.932E-01
  4428.219 9.935E-01
  4428.391 9.940E-01
  4428.562 9.949E-01
  4428.734 9.959E-01
  4428.906 9.969E-01
  4429.077 9.975E-01
  4429.249 9.977E-01
  4429.420 9.976E-01
  4429.592 9.975E-01
  4429.764 9.974E-01
  4429.935 9.973E-01
  4430.107 9.971E-01
  4430.278 9.968E-01
  4430.450 9.965E-01
  4430.622 9.963E-01
  4430.793 9.962E-01
  4430.965 9.962E-01
  4431.136 9.963E-01
  4431.308 9.964E-01
  4431.480 9.965E-01
  4431.651 9.966E-01
  4431.823 9.966E-01
  4431.994 9.967E-01
  4432.166 9.966E-01
  4432.338 9.965E-01
  4432.509 9.965E-01
  4432.681 9.964E-01
  4432.852 9.961E-01
  4433.024 9.954E-01
  4433.196 9.939E-01
  4433.367 9.921E-01
  4433.539 9.906E-01
  4433.710 9.895E-01
  4433.882 9.889E-01
  4434.054 9.889E-01
  4434.225 9.893E-01
  4434.397 9.902E-01
  4434.568 9.916E-01
  4434.740 9.933E-01
  4434.912 9.949E-01
  4435.083 9.956E-01
  4435.255 9.957E-01
  4435.426 9.952E-01
  4435.598 9.942E-01
  4435.770 9.927E-01
  4435.941 9.907E-01
  4436.113 9.885E-01
  4436.284 9.859E-01
  4436.456 9.824E-01
  4436.628 9.780E-01
  4436.799 9.727E-01
  4436.971 9.675E-01
  4437.142 9.633E-01
  4437.314 9.606E-01
  4437.486 9.598E-01
  4437.657 9.605E-01
  4437.829 9.629E-01
  4438.000 9.670E-01
  4438.172 9.723E-01
  4438.344 9.782E-01
  4438.515 9.835E-01
  4438.687 9.877E-01
  4438.858 9.906E-01
  4439.030 9.925E-01
  4439.202 9.938E-01
  4439.373 9.947E-01
  4439.545 9.953E-01
  4439.716 9.958E-01
  4439.888 9.961E-01
  4440.060 9.964E-01
  4440.231 9.966E-01
  4440.403 9.968E-01
  4440.574 9.970E-01
  4440.746 9.971E-01
  4440.918 9.972E-01
  4441.089 9.973E-01
  4441.261 9.973E-01
  4441.432 9.973E-01
  4441.604 9.973E-01
  4441.776 9.973E-01
  4441.947 9.973E-01
  4442.119 9.973E-01
  4442.290 9.974E-01
  4442.462 9.974E-01
  4442.634 9.974E-01
  4442.805 9.974E-01
  4442.977 9.972E-01
  4443.148 9.969E-01
  4443.320 9.966E-01
  4443.492 9.964E-01
  4443.663 9.963E-01
  4443.835 9.963E-01
  4444.006 9.963E-01
  4444.178 9.964E-01
  4444.350 9.967E-01
  4444.521 9.970E-01
  4444.693 9.973E-01
  4444.864 9.975E-01
  4445.036 9.976E-01
  4445.208 9.977E-01
  4445.379 9.977E-01
  4445.551 9.977E-01
  4445.722 9.977E-01
  4445.894 9.976E-01
  4446.066 9.974E-01
  4446.237 9.970E-01
  4446.409 9.966E-01
  4446.580 9.962E-01
  4446.752 9.960E-01
  4446.924 9.959E-01
  4447.095 9.959E-01
  4447.267 9.960E-01
  4447.438 9.962E-01
  4447.610 9.965E-01
  4447.782 9.968E-01
  4447.953 9.971E-01
  4448.125 9.973E-01
  4448.296 9.974E-01
  4448.468 9.974E-01
  4448.640 9.975E-01
  4448.811 9.975E-01
  4448.983 9.976E-01
  4449.154 9.976E-01
  4449.326 9.977E-01
  4449.498 9.977E-01
  4449.669 9.976E-01
  4449.841 9.975E-01
  4450.012 9.975E-01
  4450.184 9.974E-01
  4450.356 9.974E-01
  4450.527 9.973E-01
  4450.699 9.972E-01
  4450.870 9.970E-01
  4451.042 9.968E-01
  4451.214 9.967E-01
  4451.385 9.966E-01
  4451.557 9.965E-01
  4451.728 9.964E-01
  4451.900 9.963E-01
  4452.072 9.964E-01
  4452.243 9.965E-01
  4452.415 9.968E-01
  4452.586 9.969E-01
  4452.758 9.970E-01
  4452.930 9.972E-01
  4453.101 9.973E-01
  4453.273 9.974E-01
  4453.444 9.974E-01
  4453.616 9.975E-01
  4453.788 9.974E-01
  4453.959 9.974E-01
  4454.131 9.974E-01
  4454.302 9.973E-01
  4454.474 9.972E-01
  4454.646 9.970E-01
  4454.817 9.969E-01
  4454.989 9.967E-01
  4455.160 9.966E-01
  4455.332 9.965E-01
  4455.504 9.963E-01
  4455.675 9.961E-01
  4455.847 9.958E-01
  4456.018 9.957E-01
  4456.190 9.956E-01
  4456.362 9.956E-01
  4456.533 9.956E-01
  4456.705 9.956E-01
  4456.876 9.958E-01
  4457.048 9.960E-01
  4457.220 9.962E-01
  4457.391 9.963E-01
  4457.563 9.964E-01
  4457.734 9.964E-01
  4457.906 9.963E-01
  4458.078 9.962E-01
  4458.249 9.961E-01
  4458.421 9.960E-01
  4458.592 9.960E-01
  4458.764 9.959E-01
  4458.936 9.957E-01
  4459.107 9.956E-01
  4459.279 9.955E-01
  4459.450 9.954E-01
  4459.622 9.953E-01
  4459.794 9.951E-01
  4459.965 9.950E-01
  4460.137 9.949E-01
  4460.308 9.947E-01
  4460.480 9.945E-01
  4460.652 9.943E-01
  4460.823 9.941E-01
  4460.995 9.938E-01
  4461.166 9.934E-01
  4461.338 9.931E-01
  4461.510 9.929E-01
  4461.681 9.927E-01
  4461.853 9.925E-01
  4462.024 9.923E-01
  4462.196 9.921E-01
  4462.368 9.919E-01
  4462.539 9.914E-01
  4462.711 9.905E-01
  4462.882 9.892E-01
  4463.054 9.879E-01
  4463.226 9.868E-01
  4463.397 9.860E-01
  4463.569 9.854E-01
  4463.740 9.851E-01
  4463.912 9.850E-01
  4464.084 9.852E-01
  4464.255 9.856E-01
  4464.427 9.861E-01
  4464.598 9.862E-01
  4464.770 9.858E-01
  4464.942 9.852E-01
  4465.113 9.844E-01
  4465.285 9.834E-01
  4465.456 9.825E-01
  4465.628 9.814E-01
  4465.800 9.802E-01
  4465.971 9.789E-01
  4466.143 9.774E-01
  4466.314 9.758E-01
  4466.486 9.740E-01
  4466.658 9.720E-01
  4466.829 9.698E-01
  4467.001 9.672E-01
  4467.172 9.644E-01
  4467.344 9.614E-01
  4467.516 9.579E-01
  4467.687 9.540E-01
  4467.859 9.498E-01
  4468.030 9.451E-01
  4468.202 9.400E-01
  4468.374 9.343E-01
  4468.545 9.277E-01
  4468.717 9.202E-01
  4468.888 9.116E-01
  4469.060 9.021E-01
  4469.232 8.921E-01
  4469.403 8.825E-01
  4469.575 8.740E-01
  4469.746 8.671E-01
  4469.918 8.617E-01
  4470.090 8.570E-01
  4470.261 8.512E-01
  4470.433 8.418E-01
  4470.604 8.261E-01
  4470.776 8.040E-01
  4470.948 7.785E-01
  4471.119 7.539E-01
  4471.291 7.339E-01
  4471.462 7.212E-01
  4471.634 7.177E-01
  4471.806 7.242E-01
  4471.977 7.411E-01
  4472.149 7.666E-01
  4472.320 7.975E-01
  4472.492 8.284E-01
  4472.664 8.552E-01
  4472.835 8.767E-01
  4473.007 8.936E-01
  4473.178 9.070E-01
  4473.350 9.180E-01
  4473.522 9.270E-01
  4473.693 9.345E-01
  4473.865 9.408E-01
  4474.036 9.461E-01
  4474.208 9.507E-01
  4474.380 9.549E-01
  4474.551 9.586E-01
  4474.723 9.619E-01
  4474.894 9.650E-01
  4475.066 9.679E-01
  4475.238 9.705E-01
  4475.409 9.728E-01
  4475.581 9.750E-01
  4475.752 9.769E-01
  4475.924 9.786E-01
  4476.096 9.801E-01
  4476.267 9.815E-01
  4476.439 9.827E-01
  4476.610 9.838E-01
  4476.782 9.848E-01
  4476.954 9.858E-01
  4477.125 9.866E-01
  4477.297 9.874E-01
  4477.468 9.880E-01
  4477.640 9.887E-01
  4477.812 9.892E-01
  4477.983 9.897E-01
  4478.155 9.901E-01
  4478.326 9.905E-01
  4478.498 9.909E-01
  4478.670 9.912E-01
  4478.841 9.915E-01
  4479.013 9.915E-01
  4479.184 9.914E-01
  4479.356 9.911E-01
  4479.528 9.908E-01
  4479.699 9.903E-01
  4479.871 9.884E-01
  4480.042 9.824E-01
  4480.214 9.675E-01
  4480.386 9.409E-01
  4480.557 9.073E-01
  4480.729 8.759E-01
  4480.900 8.525E-01
  4481.072 8.391E-01
  4481.244 8.357E-01
  4481.415 8.424E-01
  4481.587 8.593E-01
  4481.758 8.860E-01
  4481.930 9.196E-01
  4482.102 9.527E-01
  4482.273 9.768E-01
  4482.445 9.890E-01
  4482.616 9.934E-01
  4482.788 9.944E-01
  4482.960 9.945E-01
  4483.131 9.945E-01
  4483.303 9.945E-01
  4483.474 9.946E-01
  4483.646 9.949E-01
  4483.818 9.952E-01
  4483.989 9.957E-01
  4484.161 9.962E-01
  4484.332 9.967E-01
  4484.504 9.971E-01
  4484.676 9.973E-01
  4484.847 9.974E-01
  4485.019 9.974E-01
  4485.190 9.975E-01
  4485.362 9.975E-01
  4485.534 9.975E-01
  4485.705 9.973E-01
  4485.877 9.969E-01
  4486.048 9.965E-01
  4486.220 9.961E-01
  4486.392 9.959E-01
  4486.563 9.959E-01
  4486.735 9.959E-01
  4486.906 9.961E-01
  4487.078 9.964E-01
  4487.250 9.968E-01
  4487.421 9.972E-01
  4487.593 9.976E-01
  4487.764 9.978E-01
  4487.936 9.979E-01
  4488.108 9.978E-01
  4488.279 9.976E-01
  4488.451 9.973E-01
  4488.622 9.969E-01
  4488.794 9.967E-01
  4488.966 9.966E-01
  4489.137 9.966E-01
  4489.309 9.967E-01
  4489.480 9.968E-01
  4489.652 9.971E-01
  4489.824 9.975E-01
  4489.995 9.979E-01
  4490.167 9.982E-01
  4490.338 9.982E-01
  4490.510 9.980E-01
  4490.682 9.975E-01
  4490.853 9.970E-01
  4491.025 9.966E-01
  4491.196 9.963E-01
  4491.368 9.962E-01
  4491.540 9.962E-01
  4491.711 9.963E-01
  4491.883 9.967E-01
  4492.054 9.971E-01
  4492.226 9.977E-01
  4492.398 9.982E-01
  4492.569 9.984E-01
  4492.741 9.985E-01
  4492.912 9.985E-01
  4493.084 9.986E-01
  4493.256 9.986E-01
  4493.427 9.986E-01
  4493.599 9.987E-01
  4493.770 9.987E-01
  4493.942 9.987E-01
  4494.114 9.987E-01
  4494.285 9.988E-01
  4494.457 9.989E-01
  4494.628 9.989E-01
  4494.800 9.989E-01
  4494.972 9.989E-01
  4495.143 9.989E-01
  4495.315 9.988E-01
  4495.486 9.988E-01
  4495.658 9.988E-01
  4495.830 9.988E-01
  4496.001 9.988E-01
  4496.173 9.989E-01
  4496.344 9.989E-01
  4496.516 9.989E-01
  4496.688 9.989E-01
  4496.859 9.989E-01
  4497.031 9.988E-01
  4497.202 9.986E-01
  4497.374 9.984E-01
  4497.546 9.983E-01
  4497.717 9.982E-01
  4497.889 9.982E-01
  4498.060 9.982E-01
  4498.232 9.983E-01
  4498.404 9.983E-01
  4498.575 9.984E-01
  4498.747 9.986E-01
  4498.918 9.986E-01
  4499.090 9.987E-01
  4499.262 9.987E-01
  4499.433 9.987E-01
  4499.605 9.987E-01
  4499.776 9.988E-01
  4499.948 9.989E-01
  4500.120 9.989E-01
  4500.291 9.988E-01
  4500.463 9.986E-01
  4500.634 9.983E-01
  4500.806 9.981E-01
  4500.978 9.979E-01
  4501.149 9.978E-01
  4501.321 9.978E-01
  4501.492 9.979E-01
  4501.664 9.980E-01
  4501.836 9.983E-01
  4502.007 9.986E-01
  4502.179 9.989E-01
  4502.350 9.991E-01
  4502.522 9.992E-01
  4502.694 9.992E-01
  4502.865 9.992E-01
  4503.037 9.992E-01
  4503.208 9.992E-01
  4503.380 9.992E-01
  4503.552 9.992E-01
  4503.723 9.992E-01
  4503.895 9.992E-01
  4504.066 9.992E-01
  4504.238 9.992E-01
  4504.410 9.992E-01
  4504.581 9.992E-01
  4504.753 9.992E-01
  4504.924 9.992E-01
  4505.096 9.993E-01
  4505.268 9.993E-01
  4505.439 9.993E-01
  4505.611 9.993E-01
  4505.782 9.993E-01
  4505.954 9.993E-01
  4506.126 9.993E-01
  4506.297 9.993E-01
  4506.469 9.993E-01
  4506.640 9.992E-01
  4506.812 9.992E-01
  4506.984 9.991E-01
  4507.155 9.988E-01
  4507.327 9.980E-01
  4507.498 9.966E-01
  4507.670 9.950E-01
  4507.842 9.937E-01
  4508.013 9.928E-01
  4508.185 9.923E-01
  4508.356 9.922E-01
  4508.528 9.925E-01
  4508.700 9.932E-01
  4508.871 9.944E-01
  4509.043 9.959E-01
  4509.214 9.975E-01
  4509.386 9.984E-01
  4509.558 9.987E-01
  4509.729 9.989E-01
  4509.901 9.990E-01
  4510.072 9.991E-01
  4510.244 9.992E-01
  4510.416 9.992E-01
  4510.587 9.993E-01
  4510.759 9.993E-01
  4510.930 9.992E-01
  4511.102 9.992E-01
  4511.274 9.992E-01
  4511.445 9.991E-01
  4511.617 9.987E-01
  4511.788 9.981E-01
  4511.960 9.975E-01
  4512.132 9.969E-01
  4512.303 9.966E-01
  4512.475 9.964E-01
  4512.646 9.965E-01
  4512.818 9.967E-01
  4512.990 9.970E-01
  4513.161 9.976E-01
  4513.333 9.982E-01
  4513.504 9.988E-01
  4513.676 9.991E-01
  4513.848 9.992E-01
  4514.019 9.992E-01
  4514.191 9.990E-01
  4514.362 9.986E-01
  4514.534 9.978E-01
  4514.706 9.969E-01
  4514.877 9.961E-01
  4515.049 9.956E-01
  4515.220 9.952E-01
  4515.392 9.952E-01
  4515.564 9.954E-01
  4515.735 9.958E-01
  4515.907 9.964E-01
  4516.078 9.972E-01
  4516.250 9.979E-01
  4516.422 9.982E-01
  4516.593 9.981E-01
  4516.765 9.979E-01
  4516.936 9.977E-01
  4517.108 9.976E-01
  4517.280 9.976E-01
  4517.451 9.976E-01
  4517.623 9.978E-01
  4517.794 9.980E-01
  4517.966 9.983E-01
  4518.138 9.985E-01
  4518.309 9.987E-01
  4518.481 9.988E-01
  4518.652 9.989E-01
  4518.824 9.989E-01
  4518.996 9.989E-01
  4519.167 9.987E-01
  4519.339 9.983E-01
  4519.510 9.977E-01
  4519.682 9.970E-01
  4519.854 9.965E-01
  4520.025 9.963E-01
  4520.197 9.962E-01
  4520.368 9.962E-01
  4520.540 9.965E-01
  4520.712 9.969E-01
  4520.883 9.976E-01
  4521.055 9.983E-01
  4521.226 9.988E-01
  4521.398 9.989E-01
  4521.570 9.984E-01
  4521.741 9.971E-01
  4521.913 9.949E-01
  4522.084 9.927E-01
  4522.256 9.911E-01
  4522.428 9.900E-01
  4522.599 9.896E-01
  4522.771 9.898E-01
  4522.942 9.906E-01
  4523.114 9.919E-01
  4523.286 9.939E-01
  4523.457 9.959E-01
  4523.629 9.971E-01
  4523.800 9.964E-01
  4523.972 9.941E-01
  4524.144 9.908E-01
  4524.315 9.876E-01
  4524.487 9.853E-01
  4524.658 9.839E-01
  4524.830 9.835E-01
  4525.002 9.842E-01
  4525.173 9.858E-01
  4525.345 9.884E-01
  4525.516 9.917E-01
  4525.688 9.949E-01
  4525.860 9.974E-01
  4526.031 9.987E-01
  4526.203 9.992E-01
  4526.374 9.993E-01
  4526.546 9.993E-01
  4526.718 9.993E-01
  4526.889 9.993E-01
  4527.061 9.994E-01
  4527.232 9.994E-01
  4527.404 9.994E-01
  4527.576 9.994E-01
  4527.747 9.994E-01
  4527.919 9.993E-01
  4528.090 9.989E-01
  4528.262 9.982E-01
  4528.434 9.971E-01
  4528.605 9.960E-01
  4528.777 9.951E-01
  4528.948 9.945E-01
  4529.120 9.943E-01
  4529.292 9.943E-01
  4529.463 9.947E-01
  4529.635 9.952E-01
  4529.806 9.961E-01
  4529.978 9.971E-01
  4530.150 9.979E-01
  4530.321 9.984E-01
  4530.493 9.986E-01
  4530.664 9.986E-01
  4530.836 9.987E-01
  4531.008 9.988E-01
  4531.179 9.989E-01
  4531.351 9.991E-01
  4531.522 9.991E-01
  4531.694 9.992E-01
  4531.866 9.992E-01
  4532.037 9.992E-01
  4532.209 9.992E-01
  4532.380 9.992E-01
  4532.552 9.993E-01
  4532.724 9.993E-01
  4532.895 9.992E-01
  4533.067 9.990E-01
  4533.238 9.984E-01
  4533.410 9.976E-01
  4533.582 9.964E-01
  4533.753 9.954E-01
  4533.925 9.947E-01
  4534.096 9.943E-01
  4534.268 9.943E-01
  4534.440 9.946E-01
  4534.611 9.952E-01
  4534.783 9.961E-01
  4534.954 9.972E-01
  4535.126 9.982E-01
  4535.298 9.990E-01
  4535.469 9.994E-01
  4535.641 9.995E-01
  4535.812 9.995E-01
  4535.984 9.995E-01
  4536.156 9.995E-01
  4536.327 9.995E-01
  4536.499 9.995E-01
  4536.670 9.995E-01
  4536.842 9.995E-01
  4537.014 9.995E-01
  4537.185 9.994E-01
  4537.357 9.994E-01
  4537.528 9.994E-01
  4537.700 9.994E-01
  4537.872 9.994E-01
  4538.043 9.994E-01
  4538.215 9.995E-01
  4538.386 9.995E-01
  4538.558 9.995E-01
  4538.730 9.995E-01
  4538.901 9.995E-01
  4539.073 9.995E-01
  4539.244 9.995E-01
  4539.416 9.995E-01
  4539.588 9.995E-01
  4539.759 9.995E-01
  4539.931 9.995E-01
  4540.102 9.995E-01
  4540.274 9.995E-01
  4540.446 9.994E-01
  4540.617 9.993E-01
  4540.789 9.991E-01
  4540.960 9.988E-01
  4541.132 9.986E-01
  4541.304 9.985E-01
  4541.475 9.985E-01
  4541.647 9.985E-01
  4541.818 9.986E-01
  4541.990 9.987E-01
  4542.162 9.989E-01
  4542.333 9.992E-01
  4542.505 9.994E-01
  4542.676 9.995E-01
  4542.848 9.996E-01
  4543.020 9.996E-01
  4543.191 9.996E-01
  4543.363 9.996E-01
  4543.534 9.996E-01
  4543.706 9.995E-01
  4543.878 9.995E-01
  4544.049 9.995E-01
  4544.221 9.994E-01
  4544.392 9.993E-01
  4544.564 9.993E-01
  4544.736 9.992E-01
  4544.907 9.992E-01
  4545.079 9.991E-01
  4545.250 9.991E-01
  4545.422 9.992E-01
  4545.594 9.992E-01
  4545.765 9.993E-01
  4545.937 9.994E-01
  4546.108 9.995E-01
  4546.280 9.995E-01
  4546.452 9.995E-01
  4546.623 9.995E-01
  4546.795 9.995E-01
  4546.966 9.995E-01
  4547.138 9.995E-01
  4547.310 9.995E-01
  4547.481 9.995E-01
  4547.653 9.996E-01
  4547.824 9.996E-01
  4547.996 9.995E-01
  4548.168 9.993E-01
  4548.339 9.984E-01
  4548.511 9.963E-01
  4548.682 9.926E-01
  4548.854 9.885E-01
  4549.026 9.849E-01
  4549.197 9.825E-01
  4549.369 9.813E-01
  4549.540 9.812E-01
  4549.712 9.822E-01
  4549.884 9.844E-01
  4550.055 9.877E-01
  4550.227 9.918E-01
  4550.398 9.957E-01
  4550.570 9.982E-01
  4550.742 9.992E-01
  4550.913 9.995E-01
  4551.085 9.995E-01
  4551.256 9.992E-01
  4551.428 9.983E-01
  4551.600 9.964E-01
  4551.771 9.933E-01
  4551.943 9.899E-01
  4552.114 9.871E-01
  4552.286 9.851E-01
  4552.458 9.841E-01
  4552.629 9.840E-01
  4552.801 9.850E-01
  4552.972 9.869E-01
  4553.144 9.897E-01
  4553.316 9.931E-01
  4553.487 9.961E-01
  4553.659 9.981E-01
  4553.830 9.989E-01
  4554.002 9.992E-01
  4554.174 9.991E-01
  4554.345 9.989E-01
  4554.517 9.987E-01
  4554.688 9.984E-01
  4554.860 9.979E-01
  4555.032 9.970E-01
  4555.203 9.957E-01
  4555.375 9.946E-01
  4555.546 9.939E-01
  4555.718 9.936E-01
  4555.890 9.936E-01
  4556.061 9.939E-01
  4556.233 9.945E-01
  4556.404 9.954E-01
  4556.576 9.966E-01
  4556.748 9.979E-01
  4556.919 9.989E-01
  4557.091 9.994E-01
  4557.262 9.995E-01
  4557.434 9.994E-01
  4557.606 9.990E-01
  4557.777 9.983E-01
  4557.949 9.973E-01
  4558.120 9.964E-01
  4558.292 9.957E-01
  4558.464 9.953E-01
  4558.635 9.952E-01
  4558.807 9.953E-01
  4558.978 9.957E-01
  4559.150 9.964E-01
  4559.322 9.973E-01
  4559.493 9.982E-01
  4559.665 9.990E-01
  4559.836 9.994E-01
  4560.008 9.996E-01
  4560.180 9.996E-01
  4560.351 9.996E-01
  4560.523 9.996E-01
  4560.694 9.996E-01
  4560.866 9.996E-01
  4561.038 9.996E-01
  4561.209 9.996E-01
  4561.381 9.996E-01
  4561.552 9.996E-01
  4561.724 9.996E-01
  4561.896 9.996E-01
  4562.067 9.996E-01
  4562.239 9.996E-01
  4562.410 9.996E-01
  4562.582 9.996E-01
  4562.754 9.995E-01
  4562.925 9.994E-01
  4563.097 9.992E-01
  4563.268 9.991E-01
  4563.440 9.990E-01
  4563.612 9.989E-01
  4563.783 9.989E-01
  4563.955 9.989E-01
  4564.126 9.989E-01
  4564.298 9.990E-01
  4564.470 9.992E-01
  4564.641 9.993E-01
  4564.813 9.994E-01
  4564.984 9.994E-01
  4565.156 9.994E-01
  4565.328 9.994E-01
  4565.499 9.994E-01
  4565.671 9.994E-01
  4565.842 9.994E-01
  4566.014 9.994E-01
  4566.186 9.995E-01
  4566.357 9.995E-01
  4566.529 9.995E-01
  4566.700 9.992E-01
  4566.872 9.985E-01
  4567.044 9.970E-01
  4567.215 9.954E-01
  4567.387 9.940E-01
  4567.558 9.931E-01
  4567.730 9.926E-01
  4567.902 9.925E-01
  4568.073 9.929E-01
  4568.245 9.937E-01
  4568.416 9.949E-01
  4568.588 9.965E-01
  4568.760 9.980E-01
  4568.931 9.990E-01
  4569.103 9.993E-01
  4569.274 9.994E-01
  4569.446 9.994E-01
  4569.618 9.994E-01
  4569.789 9.994E-01
  4569.961 9.994E-01
  4570.132 9.994E-01
  4570.304 9.995E-01
  4570.476 9.995E-01
  4570.647 9.995E-01
  4570.819 9.995E-01
  4570.990 9.994E-01
  4571.162 9.991E-01
  4571.334 9.988E-01
  4571.505 9.986E-01
  4571.677 9.984E-01
  4571.848 9.983E-01
  4572.020 9.982E-01
  4572.192 9.983E-01
  4572.363 9.984E-01
  4572.535 9.986E-01
  4572.706 9.989E-01
  4572.878 9.993E-01
  4573.050 9.995E-01
  4573.221 9.995E-01
  4573.393 9.996E-01
  4573.564 9.995E-01
  4573.736 9.992E-01
  4573.908 9.987E-01
  4574.079 9.979E-01
  4574.251 9.973E-01
  4574.422 9.968E-01
  4574.594 9.965E-01
  4574.766 9.964E-01
  4574.937 9.965E-01
  4575.109 9.968E-01
  4575.280 9.972E-01
  4575.452 9.977E-01
  4575.624 9.982E-01
  4575.795 9.985E-01
  4575.967 9.986E-01
  4576.138 9.986E-01
  4576.310 9.985E-01
  4576.482 9.986E-01
  4576.653 9.986E-01
  4576.825 9.988E-01
  4576.996 9.990E-01
  4577.168 9.993E-01
  4577.340 9.995E-01
  4577.511 9.996E-01
  4577.683 9.996E-01
  4577.854 9.996E-01
  4578.026 9.996E-01
  4578.198 9.996E-01
  4578.369 9.996E-01
  4578.541 9.995E-01
  4578.712 9.994E-01
  4578.884 9.993E-01
  4579.056 9.992E-01
  4579.227 9.991E-01
  4579.399 9.990E-01
  4579.570 9.990E-01
  4579.742 9.990E-01
  4579.914 9.991E-01
  4580.085 9.992E-01
  4580.257 9.993E-01
  4580.428 9.994E-01
  4580.600 9.995E-01
  4580.772 9.995E-01
  4580.943 9.996E-01
  4581.115 9.996E-01
  4581.286 9.996E-01
  4581.458 9.996E-01
  4581.630 9.996E-01
  4581.801 9.995E-01
  4581.973 9.993E-01
  4582.144 9.990E-01
  4582.316 9.988E-01
  4582.488 9.986E-01
  4582.659 9.982E-01
  4582.831 9.972E-01
  4583.002 9.955E-01
  4583.174 9.933E-01
  4583.346 9.915E-01
  4583.517 9.903E-01
  4583.689 9.898E-01
  4583.860 9.897E-01
  4584.032 9.902E-01
  4584.204 9.912E-01
  4584.375 9.928E-01
  4584.547 9.949E-01
  4584.718 9.971E-01
  4584.890 9.986E-01
  4585.062 9.993E-01
  4585.233 9.995E-01
  4585.405 9.995E-01
  4585.576 9.995E-01
  4585.748 9.995E-01
  4585.920 9.995E-01
  4586.091 9.995E-01
  4586.263 9.995E-01
  4586.434 9.996E-01
  4586.606 9.996E-01
  4586.778 9.996E-01
  4586.949 9.994E-01
  4587.121 9.991E-01
  4587.292 9.982E-01
  4587.464 9.971E-01
  4587.636 9.959E-01
  4587.807 9.950E-01
  4587.979 9.945E-01
  4588.150 9.943E-01
  4588.322 9.943E-01
  4588.494 9.947E-01
  4588.665 9.954E-01
  4588.837 9.963E-01
  4589.008 9.973E-01
  4589.180 9.980E-01
  4589.352 9.982E-01
  4589.523 9.982E-01
  4589.695 9.981E-01
  4589.866 9.981E-01
  4590.038 9.980E-01
  4590.210 9.979E-01
  4590.381 9.978E-01
  4590.553 9.979E-01
  4590.724 9.981E-01
  4590.896 9.982E-01
  4591.068 9.982E-01
  4591.239 9.981E-01
  4591.411 9.980E-01
  4591.582 9.980E-01
  4591.754 9.981E-01
  4591.926 9.983E-01
  4592.097 9.984E-01
  4592.269 9.985E-01
  4592.440 9.986E-01
  4592.612 9.989E-01
  4592.784 9.991E-01
  4592.955 9.994E-01
  4593.127 9.995E-01
  4593.298 9.996E-01
  4593.470 9.996E-01
  4593.642 9.996E-01
  4593.813 9.996E-01
  4593.985 9.996E-01
  4594.156 9.996E-01
  4594.328 9.997E-01
  4594.500 9.997E-01
  4594.671 9.996E-01
  4594.843 9.996E-01
  4595.014 9.994E-01
  4595.186 9.991E-01
  4595.358 9.986E-01
  4595.529 9.982E-01
  4595.701 9.979E-01
  4595.872 9.977E-01
  4596.044 9.976E-01
  4596.216 9.977E-01
  4596.387 9.979E-01
  4596.559 9.982E-01
  4596.730 9.986E-01
  4596.902 9.990E-01
  4597.074 9.994E-01
  4597.245 9.996E-01
  4597.417 9.997E-01
  4597.588 9.997E-01
  4597.760 9.996E-01
  4597.932 9.996E-01
  4598.103 9.996E-01
  4598.275 9.995E-01
  4598.446 9.995E-01
  4598.618 9.995E-01
  4598.790 9.995E-01
  4598.961 9.996E-01
  4599.133 9.996E-01
  4599.304 9.996E-01
  4599.476 9.997E-01
  4599.648 9.997E-01
  4599.819 9.997E-01
  4599.991 9.997E-01
