  3980.000 9.966E-01
  3980.572 9.924E-01
  3981.144 9.904E-01
  3981.716 9.885E-01
  3982.288 9.878E-01
  3982.860 9.880E-01
  3983.432 9.883E-01
  3984.004 9.888E-01
  3984.576 9.901E-01
  3985.148 9.923E-01
  3985.720 9.947E-01
  3986.292 9.965E-01
  3986.864 9.976E-01
  3987.436 9.981E-01
  3988.008 9.985E-01
  3988.580 9.988E-01
  3989.152 9.988E-01
  3989.724 9.983E-01
  3990.296 9.979E-01
  3990.868 9.976E-01
  3991.440 9.973E-01
  3992.012 9.964E-01
  3992.584 9.921E-01
  3993.156 9.872E-01
  3993.728 9.840E-01
  3994.300 9.823E-01
  3994.872 9.819E-01
  3995.444 9.824E-01
  3996.016 9.840E-01
  3996.588 9.867E-01
  3997.160 9.911E-01
  3997.732 9.969E-01
  3998.304 9.978E-01
  3998.876 9.977E-01
  3999.448 9.977E-01
  4000.020 9.975E-01
  4000.592 9.972E-01
  4001.164 9.970E-01
  4001.736 9.969E-01
  4002.308 9.963E-01
  4002.880 9.935E-01
  4003.452 9.912E-01
  4004.024 9.899E-01
  4004.596 9.893E-01
  4005.168 9.894E-01
  4005.740 9.895E-01
  4006.312 9.870E-01
  4006.884 9.752E-01
  4007.456 9.621E-01
  4008.028 9.531E-01
  4008.600 9.470E-01
  4009.172 9.445E-01
  4009.744 9.460E-01
  4010.316 9.515E-01
  4010.888 9.613E-01
  4011.460 9.757E-01
  4012.032 9.918E-01
  4012.604 9.971E-01
  4013.176 9.982E-01
  4013.748 9.985E-01
  4014.320 9.987E-01
  4014.892 9.988E-01
  4015.464 9.989E-01
  4016.036 9.990E-01
  4016.608 9.990E-01
  4017.180 9.987E-01
  4017.752 9.984E-01
  4018.324 9.982E-01
  4018.896 9.980E-01
  4019.468 9.973E-01
  4020.040 9.950E-01
  4020.612 9.930E-01
  4021.184 9.910E-01
  4021.756 9.867E-01
  4022.328 9.830E-01
  4022.900 9.779E-01
  4023.472 9.665E-01
  4024.044 9.424E-01
  4024.616 9.229E-01
  4025.188 9.114E-01
  4025.760 9.056E-01
  4026.332 9.060E-01
  4026.904 9.131E-01
  4027.476 9.249E-01
  4028.048 9.433E-01
  4028.620 9.672E-01
  4029.192 9.870E-01
  4029.764 9.932E-01
  4030.336 9.951E-01
  4030.908 9.963E-01
  4031.480 9.973E-01
  4032.052 9.972E-01
  4032.624 9.957E-01
  4033.196 9.934E-01
  4033.768 9.916E-01
  4034.340 9.907E-01
  4034.912 9.906E-01
  4035.484 9.911E-01
  4036.056 9.917E-01
  4036.628 9.919E-01
  4037.200 9.922E-01
  4037.772 9.938E-01
  4038.344 9.939E-01
  4038.916 9.914E-01
  4039.488 9.889E-01
  4040.060 9.874E-01
  4040.632 9.866E-01
  4041.204 9.851E-01
  4041.776 9.848E-01
  4042.348 9.848E-01
  4042.920 9.853E-01
  4043.492 9.872E-01
  4044.064 9.905E-01
  4044.636 9.920E-01
  4045.208 9.935E-01
  4045.780 9.955E-01
  4046.352 9.978E-01
  4046.924 9.982E-01
  4047.496 9.983E-01
  4048.068 9.983E-01
  4048.640 9.983E-01
  4049.212 9.984E-01
  4049.784 9.986E-01
  4050.356 9.987E-01
  4050.928 9.987E-01
  4051.500 9.984E-01
  4052.072 9.979E-01
  4052.644 9.974E-01
  4053.216 9.971E-01
  4053.788 9.970E-01
  4054.360 9.970E-01
  4054.932 9.970E-01
  4055.504 9.972E-01
  4056.076 9.975E-01
  4056.648 9.974E-01
  4057.220 9.966E-01
  4057.792 9.958E-01
  4058.364 9.946E-01
  4058.936 9.935E-01
  4059.508 9.929E-01
  4060.080 9.927E-01
  4060.652 9.923E-01
  4061.224 9.925E-01
  4061.796 9.934E-01
  4062.368 9.946E-01
  4062.940 9.955E-01
  4063.512 9.966E-01
  4064.084 9.974E-01
  4064.656 9.977E-01
  4065.228 9.981E-01
  4065.800 9.984E-01
  4066.372 9.981E-01
  4066.944 9.964E-01
  4067.516 9.906E-01
  4068.088 9.854E-01
  4068.660 9.818E-01
  4069.232 9.787E-01
  4069.804 9.738E-01
  4070.376 9.704E-01
  4070.948 9.694E-01
  4071.520 9.707E-01
  4072.092 9.718E-01
  4072.664 9.707E-01
  4073.236 9.645E-01
  4073.808 9.556E-01
  4074.380 9.506E-01
  4074.952 9.499E-01
  4075.524 9.483E-01
  4076.096 9.494E-01
  4076.668 9.534E-01
  4077.240 9.621E-01
  4077.812 9.707E-01
  4078.384 9.791E-01
  4078.956 9.859E-01
  4079.528 9.882E-01
  4080.100 9.888E-01
  4080.672 9.899E-01
  4081.244 9.906E-01
  4081.816 9.908E-01
  4082.388 9.899E-01
  4082.960 9.882E-01
  4083.532 9.873E-01
  4084.104 9.870E-01
  4084.676 9.865E-01
  4085.248 9.861E-01
  4085.820 9.858E-01
  4086.392 9.850E-01
  4086.964 9.829E-01
  4087.536 9.818E-01
  4088.108 9.816E-01
  4088.680 9.813E-01
  4089.252 9.821E-01
  4089.824 9.838E-01
  4090.396 9.845E-01
  4090.968 9.848E-01
  4091.540 9.866E-01
  4092.112 9.881E-01
  4092.684 9.870E-01
  4093.256 9.842E-01
  4093.828 9.810E-01
  4094.400 9.772E-01
  4094.972 9.718E-01
  4095.544 9.673E-01
  4096.116 9.623E-01
  4096.688 9.563E-01
  4097.260 9.488E-01
  4097.832 9.379E-01
  4098.404 9.200E-01
  4098.976 8.876E-01
  4099.548 8.416E-01
  4100.120 7.965E-01
  4100.692 7.597E-01
  4101.264 7.375E-01
  4101.836 7.315E-01
  4102.408 7.411E-01
  4102.980 7.667E-01
  4103.552 8.073E-01
  4104.124 8.567E-01
  4104.696 9.022E-01
  4105.268 9.327E-01
  4105.840 9.516E-01
  4106.412 9.637E-01
  4106.984 9.726E-01
  4107.556 9.796E-01
  4108.128 9.833E-01
  4108.700 9.844E-01
  4109.272 9.850E-01
  4109.844 9.851E-01
  4110.416 9.853E-01
  4110.988 9.860E-01
  4111.560 9.869E-01
  4112.132 9.876E-01
  4112.704 9.889E-01
  4113.276 9.906E-01
  4113.848 9.913E-01
  4114.420 9.917E-01
  4114.992 9.923E-01
  4115.564 9.926E-01
  4116.136 9.925E-01
  4116.708 9.902E-01
  4117.280 9.868E-01
  4117.852 9.815E-01
  4118.424 9.691E-01
  4118.996 9.567E-01
  4119.568 9.477E-01
  4120.140 9.428E-01
  4120.712 9.421E-01
  4121.284 9.460E-01
  4121.856 9.543E-01
  4122.428 9.641E-01
  4123.000 9.761E-01
  4123.572 9.900E-01
  4124.144 9.964E-01
  4124.716 9.979E-01
  4125.288 9.977E-01
  4125.860 9.946E-01
  4126.432 9.921E-01
  4127.004 9.902E-01
  4127.576 9.890E-01
  4128.148 9.875E-01
  4128.720 9.837E-01
  4129.292 9.816E-01
  4129.864 9.811E-01
  4130.436 9.805E-01
  4131.008 9.811E-01
  4131.580 9.808E-01
  4132.152 9.816E-01
  4132.724 9.836E-01
  4133.296 9.872E-01
  4133.868 9.914E-01
  4134.440 9.933E-01
  4135.012 9.949E-01
  4135.584 9.967E-01
  4136.156 9.969E-01
  4136.728 9.965E-01
  4137.300 9.959E-01
  4137.872 9.954E-01
  4138.444 9.950E-01
  4139.016 9.949E-01
  4139.588 9.949E-01
  4140.160 9.947E-01
  4140.732 9.919E-01
  4141.304 9.784E-01
  4141.876 9.635E-01
  4142.448 9.528E-01
  4143.020 9.460E-01
  4143.592 9.429E-01
  4144.164 9.434E-01
  4144.736 9.475E-01
  4145.308 9.559E-01
  4145.880 9.687E-01
  4146.452 9.852E-01
  4147.024 9.934E-01
  4147.596 9.940E-01
  4148.168 9.936E-01
  4148.740 9.933E-01
  4149.312 9.932E-01
  4149.884 9.934E-01
  4150.456 9.929E-01
  4151.028 9.904E-01
  4151.600 9.890E-01
  4152.172 9.886E-01
  4152.744 9.889E-01
  4153.316 9.890E-01
  4153.888 9.887E-01
  4154.460 9.887E-01
  4155.032 9.898E-01
  4155.604 9.920E-01
  4156.176 9.950E-01
  4156.748 9.958E-01
  4157.320 9.965E-01
  4157.892 9.972E-01
  4158.464 9.977E-01
  4159.036 9.983E-01
  4159.608 9.988E-01
  4160.180 9.977E-01
  4160.752 9.964E-01
  4161.324 9.954E-01
  4161.896 9.946E-01
  4162.468 9.930E-01
  4163.040 9.919E-01
  4163.612 9.913E-01
  4164.184 9.913E-01
  4164.756 9.917E-01
  4165.328 9.930E-01
  4165.900 9.932E-01
  4166.472 9.897E-01
  4167.044 9.854E-01
  4167.616 9.832E-01
  4168.188 9.815E-01
  4168.760 9.806E-01
  4169.332 9.804E-01
  4169.904 9.815E-01
  4170.476 9.838E-01
  4171.048 9.876E-01
  4171.620 9.924E-01
  4172.192 9.949E-01
  4172.764 9.947E-01
  4173.336 9.942E-01
  4173.908 9.933E-01
  4174.480 9.930E-01
  4175.052 9.927E-01
  4175.624 9.927E-01
  4176.196 9.932E-01
  4176.768 9.941E-01
  4177.340 9.947E-01
  4177.912 9.951E-01
  4178.484 9.958E-01
  4179.056 9.969E-01
  4179.628 9.972E-01
  4180.200 9.975E-01
  4180.772 9.980E-01
  4181.344 9.985E-01
  4181.916 9.990E-01
  4182.488 9.991E-01
  4183.060 9.973E-01
  4183.632 9.956E-01
  4184.204 9.943E-01
  4184.776 9.933E-01
  4185.348 9.928E-01
  4185.920 9.929E-01
  4186.492 9.931E-01
  4187.064 9.926E-01
  4187.636 9.909E-01
  4188.208 9.908E-01
  4188.780 9.903E-01
  4189.352 9.899E-01
  4189.924 9.899E-01
  4190.496 9.902E-01
  4191.068 9.911E-01
  4191.640 9.926E-01
  4192.212 9.951E-01
  4192.784 9.976E-01
  4193.356 9.975E-01
  4193.928 9.971E-01
  4194.500 9.968E-01
  4195.072 9.969E-01
  4195.644 9.973E-01
  4196.216 9.978E-01
  4196.788 9.982E-01
  4197.360 9.982E-01
  4197.932 9.979E-01
  4198.504 9.979E-01
  4199.076 9.979E-01
  4199.648 9.978E-01
  4200.220 9.976E-01
  4200.792 9.976E-01
  4201.364 9.976E-01
  4201.936 9.979E-01
  4202.508 9.983E-01
  4203.080 9.988E-01
  4203.652 9.989E-01
  4204.224 9.989E-01
  4204.796 9.987E-01
  4205.368 9.986E-01
  4205.940 9.987E-01
  4206.512 9.988E-01
  4207.084 9.988E-01
  4207.656 9.988E-01
  4208.228 9.987E-01
  4208.800 9.987E-01
  4209.372 9.987E-01
  4209.944 9.988E-01
  4210.516 9.985E-01
  4211.088 9.983E-01
  4211.660 9.982E-01
  4212.232 9.983E-01
  4212.804 9.983E-01
  4213.376 9.985E-01
  4213.948 9.986E-01
  4214.520 9.986E-01
  4215.092 9.986E-01
  4215.664 9.988E-01
  4216.236 9.989E-01
  4216.808 9.989E-01
  4217.380 9.988E-01
  4217.952 9.988E-01
  4218.524 9.988E-01
  4219.096 9.987E-01
  4219.668 9.976E-01
  4220.240 9.963E-01
  4220.812 9.953E-01
  4221.384 9.947E-01
  4221.956 9.945E-01
  4222.528 9.946E-01
  4223.100 9.948E-01
  4223.672 9.955E-01
  4224.244 9.965E-01
  4224.816 9.978E-01
  4225.388 9.980E-01
  4225.960 9.975E-01
  4226.532 9.970E-01
  4227.104 9.968E-01
  4227.676 9.968E-01
  4228.248 9.968E-01
  4228.820 9.967E-01
  4229.392 9.968E-01
  4229.964 9.972E-01
  4230.536 9.980E-01
  4231.108 9.982E-01
  4231.680 9.981E-01
  4232.252 9.982E-01
  4232.824 9.984E-01
  4233.396 9.988E-01
  4233.968 9.988E-01
  4234.540 9.967E-01
  4235.112 9.945E-01
  4235.684 9.930E-01
  4236.256 9.920E-01
  4236.828 9.915E-01
  4237.400 9.914E-01
  4237.972 9.919E-01
  4238.544 9.925E-01
  4239.116 9.926E-01
  4239.688 9.925E-01
  4240.260 9.918E-01
  4240.832 9.906E-01
  4241.404 9.898E-01
  4241.976 9.896E-01
  4242.548 9.898E-01
  4243.120 9.907E-01
  4243.692 9.921E-01
  4244.264 9.936E-01
  4244.836 9.951E-01
  4245.408 9.954E-01
  4245.980 9.952E-01
  4246.552 9.952E-01
  4247.124 9.952E-01
  4247.696 9.955E-01
  4248.268 9.959E-01
  4248.840 9.965E-01
  4249.412 9.973E-01
  4249.984 9.977E-01
  4250.556 9.972E-01
  4251.128 9.932E-01
  4251.700 9.888E-01
  4252.272 9.858E-01
  4252.844 9.842E-01
  4253.416 9.835E-01
  4253.988 9.836E-01
  4254.560 9.847E-01
  4255.132 9.864E-01
  4255.704 9.894E-01
  4256.276 9.938E-01
  4256.848 9.968E-01
  4257.420 9.973E-01
  4257.992 9.972E-01
  4258.564 9.973E-01
  4259.136 9.975E-01
  4259.708 9.978E-01
  4260.280 9.982E-01
  4260.852 9.984E-01
  4261.424 9.985E-01
  4261.996 9.986E-01
  4262.568 9.987E-01
  4263.140 9.987E-01
  4263.712 9.983E-01
  4264.284 9.931E-01
  4264.856 9.792E-01
  4265.428 9.680E-01
  4266.000 9.608E-01
  4266.572 9.567E-01
  4267.144 9.551E-01
  4267.716 9.563E-01
  4268.288 9.606E-01
  4268.860 9.681E-01
  4269.432 9.796E-01
  4270.004 9.938E-01
  4270.576 9.982E-01
  4271.148 9.984E-01
  4271.720 9.982E-01
  4272.292 9.980E-01
  4272.864 9.969E-01
  4273.436 9.950E-01
  4274.008 9.923E-01
  4274.580 9.894E-01
  4275.152 9.866E-01
  4275.724 9.847E-01
  4276.296 9.840E-01
  4276.868 9.842E-01
  4277.440 9.854E-01
  4278.012 9.876E-01
  4278.584 9.907E-01
  4279.156 9.929E-01
  4279.728 9.952E-01
  4280.300 9.957E-01
  4280.872 9.947E-01
  4281.444 9.933E-01
  4282.016 9.916E-01
  4282.588 9.872E-01
  4283.160 9.839E-01
  4283.732 9.820E-01
  4284.304 9.815E-01
  4284.876 9.820E-01
  4285.448 9.837E-01
  4286.020 9.860E-01
  4286.592 9.877E-01
  4287.164 9.899E-01
  4287.736 9.933E-01
  4288.308 9.953E-01
  4288.880 9.954E-01
  4289.452 9.952E-01
  4290.024 9.951E-01
  4290.596 9.954E-01
  4291.168 9.961E-01
  4291.740 9.965E-01
  4292.312 9.952E-01
  4292.884 9.938E-01
  4293.456 9.929E-01
  4294.028 9.924E-01
  4294.600 9.919E-01
  4295.172 9.916E-01
  4295.744 9.918E-01
  4296.316 9.926E-01
  4296.888 9.941E-01
  4297.460 9.962E-01
  4298.032 9.977E-01
  4298.604 9.983E-01
  4299.176 9.989E-01
  4299.748 9.996E-01
  4300.320 9.995E-01
  4300.892 9.984E-01
  4301.464 9.957E-01
  4302.036 9.932E-01
  4302.608 9.912E-01
  4303.180 9.899E-01
  4303.752 9.892E-01
  4304.324 9.891E-01
  4304.896 9.893E-01
  4305.468 9.903E-01
  4306.040 9.922E-01
  4306.612 9.943E-01
  4307.184 9.952E-01
  4307.756 9.952E-01
  4308.328 9.948E-01
  4308.900 9.946E-01
  4309.472 9.946E-01
  4310.044 9.948E-01
  4310.616 9.950E-01
  4311.188 9.943E-01
  4311.760 9.941E-01
  4312.332 9.942E-01
  4312.904 9.939E-01
  4313.476 9.935E-01
  4314.048 9.926E-01
  4314.620 9.900E-01
  4315.192 9.878E-01
  4315.764 9.867E-01
  4316.336 9.865E-01
  4316.908 9.845E-01
  4317.480 9.818E-01
  4318.052 9.809E-01
  4318.624 9.814E-01
  4319.196 9.829E-01
  4319.768 9.856E-01
  4320.340 9.883E-01
  4320.912 9.902E-01
  4321.484 9.920E-01
  4322.056 9.948E-01
  4322.628 9.980E-01
  4323.200 9.976E-01
  4323.772 9.967E-01
  4324.344 9.959E-01
  4324.916 9.948E-01
  4325.488 9.938E-01
  4326.060 9.928E-01
  4326.632 9.922E-01
  4327.204 9.918E-01
  4327.776 9.920E-01
  4328.348 9.924E-01
  4328.920 9.925E-01
  4329.492 9.913E-01
  4330.064 9.890E-01
  4330.636 9.867E-01
  4331.208 9.845E-01
  4331.780 9.826E-01
  4332.352 9.809E-01
  4332.924 9.795E-01
  4333.496 9.783E-01
  4334.068 9.766E-01
  4334.640 9.736E-01
  4335.212 9.696E-01
  4335.784 9.629E-01
  4336.356 9.501E-01
  4336.928 9.302E-01
  4337.500 8.981E-01
  4338.072 8.525E-01
  4338.644 8.070E-01
  4339.216 7.708E-01
  4339.788 7.480E-01
  4340.360 7.384E-01
  4340.932 7.435E-01
  4341.504 7.636E-01
  4342.076 7.965E-01
  4342.648 8.393E-01
  4343.220 8.837E-01
  4343.792 9.195E-01
  4344.364 9.416E-01
  4344.936 9.532E-01
  4345.508 9.595E-01
  4346.080 9.631E-01
  4346.652 9.637E-01
  4347.224 9.624E-01
  4347.796 9.630E-01
  4348.368 9.650E-01
  4348.940 9.646E-01
  4349.512 9.649E-01
  4350.084 9.657E-01
  4350.656 9.677E-01
  4351.228 9.699E-01
  4351.800 9.736E-01
  4352.372 9.789E-01
  4352.944 9.813E-01
  4353.516 9.839E-01
  4354.088 9.878E-01
  4354.660 9.910E-01
  4355.232 9.935E-01
  4355.804 9.957E-01
  4356.376 9.968E-01
  4356.948 9.975E-01
  4357.520 9.979E-01
  4358.092 9.979E-01
  4358.664 9.972E-01
  4359.236 9.953E-01
  4359.808 9.940E-01
  4360.380 9.932E-01
  4360.952 9.929E-01
  4361.524 9.928E-01
  4362.096 9.921E-01
  4362.668 9.913E-01
  4363.240 9.905E-01
  4363.812 9.901E-01
  4364.384 9.881E-01
  4364.956 9.856E-01
  4365.528 9.833E-01
  4366.100 9.819E-01
  4366.672 9.811E-01
  4367.244 9.814E-01
  4367.816 9.831E-01
  4368.388 9.844E-01
  4368.960 9.841E-01
  4369.532 9.831E-01
  4370.104 9.801E-01
  4370.676 9.766E-01
  4371.248 9.747E-01
  4371.820 9.733E-01
  4372.392 9.735E-01
  4372.964 9.748E-01
  4373.536 9.775E-01
  4374.108 9.815E-01
  4374.680 9.864E-01
  4375.252 9.914E-01
  4375.824 9.941E-01
  4376.396 9.946E-01
  4376.968 9.949E-01
  4377.540 9.953E-01
  4378.112 9.955E-01
  4378.684 9.957E-01
  4379.256 9.963E-01
  4379.828 9.965E-01
  4380.400 9.964E-01
  4380.972 9.966E-01
  4381.544 9.969E-01
  4382.116 9.969E-01
  4382.688 9.968E-01
  4383.260 9.965E-01
  4383.832 9.961E-01
  4384.404 9.950E-01
  4384.976 9.885E-01
  4385.548 9.705E-01
  4386.120 9.549E-01
  4386.692 9.444E-01
  4387.264 9.382E-01
  4387.836 9.357E-01
  4388.408 9.368E-01
  4388.980 9.417E-01
  4389.552 9.506E-01
  4390.124 9.644E-01
  4390.696 9.825E-01
  4391.268 9.942E-01
  4391.840 9.969E-01
  4392.412 9.975E-01
  4392.984 9.966E-01
  4393.556 9.941E-01
  4394.128 9.920E-01
  4394.700 9.907E-01
  4395.272 9.899E-01
  4395.844 9.896E-01
  4396.416 9.899E-01
  4396.988 9.908E-01
  4397.560 9.923E-01
  4398.132 9.946E-01
  4398.704 9.976E-01
  4399.276 9.986E-01
  4399.848 9.986E-01
  4400.420 9.986E-01
  4400.992 9.986E-01
  4401.564 9.984E-01
  4402.136 9.982E-01
  4402.708 9.981E-01
  4403.280 9.981E-01
  4403.852 9.982E-01
  4404.424 9.982E-01
  4404.996 9.983E-01
  4405.568 9.984E-01
  4406.140 9.985E-01
  4406.712 9.981E-01
  4407.284 9.975E-01
  4407.856 9.966E-01
  4408.428 9.953E-01
  4409.000 9.933E-01
  4409.572 9.918E-01
  4410.144 9.908E-01
  4410.716 9.903E-01
  4411.288 9.904E-01
  4411.860 9.904E-01
  4412.432 9.876E-01
  4413.004 9.858E-01
  4413.576 9.847E-01
  4414.148 9.834E-01
  4414.720 9.807E-01
  4415.292 9.787E-01
  4415.864 9.782E-01
  4416.436 9.784E-01
  4417.008 9.780E-01
  4417.580 9.793E-01
  4418.152 9.816E-01
  4418.724 9.826E-01
  4419.296 9.847E-01
  4419.868 9.882E-01
  4420.440 9.902E-01
  4421.012 9.917E-01
  4421.584 9.937E-01
  4422.156 9.965E-01
  4422.728 9.993E-01
  4423.300 9.993E-01
  4423.872 9.988E-01
  4424.444 9.981E-01
  4425.016 9.973E-01
  4425.588 9.965E-01
  4426.160 9.959E-01
  4426.732 9.956E-01
  4427.304 9.955E-01
  4427.876 9.952E-01
  4428.448 9.937E-01
  4429.020 9.926E-01
  4429.592 9.915E-01
  4430.164 9.901E-01
  4430.736 9.888E-01
  4431.308 9.880E-01
  4431.880 9.878E-01
  4432.452 9.883E-01
  4433.024 9.897E-01
  4433.596 9.917E-01
  4434.168 9.935E-01
  4434.740 9.912E-01
  4435.312 9.863E-01
  4435.884 9.832E-01
  4436.456 9.809E-01
  4437.028 9.794E-01
  4437.600 9.788E-01
  4438.172 9.794E-01
  4438.744 9.812E-01
  4439.316 9.840E-01
  4439.888 9.882E-01
  4440.460 9.933E-01
  4441.032 9.950E-01
  4441.604 9.948E-01
  4442.176 9.948E-01
  4442.748 9.951E-01
  4443.320 9.954E-01
  4443.892 9.952E-01
  4444.464 9.935E-01
  4445.036 9.921E-01
  4445.608 9.900E-01
  4446.180 9.880E-01
  4446.752 9.866E-01
  4447.324 9.860E-01
  4447.896 9.862E-01
  4448.468 9.873E-01
  4449.040 9.892E-01
  4449.612 9.913E-01
  4450.184 9.933E-01
  4450.756 9.942E-01
  4451.328 9.953E-01
  4451.900 9.954E-01
  4452.472 9.953E-01
  4453.044 9.955E-01
  4453.616 9.959E-01
  4454.188 9.966E-01
  4454.760 9.977E-01
  4455.332 9.991E-01
  4455.904 9.996E-01
  4456.476 9.996E-01
  4457.048 9.995E-01
  4457.620 9.994E-01
  4458.192 9.994E-01
  4458.764 9.994E-01
  4459.336 9.994E-01
  4459.908 9.994E-01
  4460.480 9.994E-01
  4461.052 9.992E-01
  4461.624 9.992E-01
  4462.196 9.990E-01
  4462.768 9.984E-01
  4463.340 9.973E-01
  4463.912 9.958E-01
  4464.484 9.944E-01
  4465.056 9.923E-01
  4465.628 9.902E-01
  4466.200 9.887E-01
  4466.772 9.871E-01
  4467.344 9.851E-01
  4467.916 9.824E-01
  4468.488 9.737E-01
  4469.060 9.504E-01
  4469.632 9.297E-01
  4470.204 9.157E-01
  4470.776 9.081E-01
  4471.348 9.052E-01
  4471.920 9.075E-01
  4472.492 9.153E-01
  4473.064 9.283E-01
  4473.636 9.465E-01
  4474.208 9.703E-01
  4474.780 9.911E-01
  4475.352 9.968E-01
  4475.924 9.978E-01
  4476.496 9.979E-01
  4477.068 9.967E-01
  4477.640 9.940E-01
  4478.212 9.894E-01
  4478.784 9.795E-01
  4479.356 9.719E-01
  4479.928 9.672E-01
  4480.500 9.649E-01
  4481.072 9.646E-01
  4481.644 9.663E-01
  4482.216 9.702E-01
  4482.788 9.765E-01
  4483.360 9.837E-01
  4483.932 9.917E-01
  4484.504 9.985E-01
  4485.076 9.994E-01
  4485.648 9.990E-01
  4486.220 9.986E-01
  4486.792 9.978E-01
  4487.364 9.972E-01
  4487.936 9.968E-01
  4488.508 9.966E-01
  4489.080 9.966E-01
  4489.652 9.968E-01
  4490.224 9.972E-01
  4490.796 9.979E-01
  4491.368 9.985E-01
  4491.940 9.991E-01
  4492.512 9.996E-01
  4493.084 9.997E-01
  4493.656 9.997E-01
  4494.228 9.998E-01
  4494.800 9.998E-01
  4495.372 9.997E-01
  4495.944 9.996E-01
  4496.516 9.993E-01
  4497.088 9.990E-01
  4497.660 9.987E-01
  4498.232 9.983E-01
  4498.804 9.979E-01
  4499.376 9.977E-01
  4499.948 9.977E-01
  4500.520 9.978E-01
  4501.092 9.981E-01
  4501.664 9.984E-01
  4502.236 9.989E-01
  4502.808 9.991E-01
  4503.380 9.994E-01
  4503.952 9.998E-01
  4504.524 9.998E-01
  4505.096 9.994E-01
  4505.668 9.991E-01
  4506.240 9.988E-01
  4506.812 9.986E-01
  4507.384 9.986E-01
  4507.956 9.985E-01
  4508.528 9.986E-01
  4509.100 9.985E-01
  4509.672 9.975E-01
  4510.244 9.956E-01
  4510.816 9.943E-01
  4511.388 9.930E-01
  4511.960 9.917E-01
  4512.532 9.908E-01
  4513.104 9.906E-01
  4513.676 9.910E-01
  4514.248 9.919E-01
  4514.820 9.935E-01
  4515.392 9.958E-01
  4515.964 9.976E-01
  4516.536 9.984E-01
  4517.108 9.991E-01
  4517.680 9.997E-01
  4518.252 9.998E-01
  4518.824 9.998E-01
  4519.396 9.998E-01
  4519.968 9.997E-01
  4520.540 9.996E-01
  4521.112 9.995E-01
  4521.684 9.989E-01
  4522.256 9.963E-01
  4522.828 9.942E-01
  4523.400 9.927E-01
  4523.972 9.918E-01
  4524.544 9.914E-01
  4525.116 9.914E-01
  4525.688 9.917E-01
  4526.260 9.905E-01
  4526.832 9.884E-01
  4527.404 9.875E-01
  4527.976 9.870E-01
  4528.548 9.856E-01
  4529.120 9.847E-01
  4529.692 9.847E-01
  4530.264 9.856E-01
  4530.836 9.874E-01
  4531.408 9.903E-01
  4531.980 9.942E-01
  4532.552 9.972E-01
  4533.124 9.985E-01
  4533.696 9.994E-01
  4534.268 9.995E-01
  4534.840 9.995E-01
  4535.412 9.995E-01
  4535.984 9.996E-01
  4536.556 9.997E-01
  4537.128 9.997E-01
  4537.700 9.998E-01
  4538.272 9.998E-01
  4538.844 9.998E-01
  4539.416 9.997E-01
  4539.988 9.997E-01
  4540.560 9.997E-01
  4541.132 9.997E-01
  4541.704 9.997E-01
  4542.276 9.996E-01
  4542.848 9.995E-01
  4543.420 9.995E-01
  4543.992 9.995E-01
  4544.564 9.995E-01
  4545.136 9.995E-01
  4545.708 9.995E-01
  4546.280 9.995E-01
  4546.852 9.994E-01
  4547.424 9.993E-01
  4547.996 9.993E-01
  4548.568 9.992E-01
  4549.140 9.985E-01
  4549.712 9.937E-01
  4550.284 9.858E-01
  4550.856 9.799E-01
  4551.428 9.760E-01
  4552.000 9.738E-01
  4552.572 9.732E-01
  4553.144 9.739E-01
  4553.716 9.760E-01
  4554.288 9.797E-01
  4554.860 9.854E-01
  4555.432 9.931E-01
  4556.004 9.985E-01
  4556.576 9.994E-01
  4557.148 9.994E-01
  4557.720 9.994E-01
  4558.292 9.995E-01
  4558.864 9.996E-01
  4559.436 9.996E-01
  4560.008 9.997E-01
  4560.580 9.997E-01
  4561.152 9.996E-01
  4561.724 9.996E-01
  4562.296 9.996E-01
  4562.868 9.995E-01
  4563.440 9.995E-01
  4564.012 9.995E-01
  4564.584 9.986E-01
  4565.156 9.932E-01
  4565.728 9.880E-01
  4566.300 9.843E-01
  4566.872 9.816E-01
  4567.444 9.797E-01
  4568.016 9.789E-01
  4568.588 9.794E-01
  4569.160 9.811E-01
  4569.732 9.842E-01
  4570.304 9.891E-01
  4570.876 9.956E-01
  4571.448 9.972E-01
  4572.020 9.946E-01
  4572.592 9.917E-01
  4573.164 9.898E-01
  4573.736 9.884E-01
  4574.308 9.875E-01
  4574.880 9.873E-01
  4575.452 9.878E-01
  4576.024 9.890E-01
  4576.596 9.908E-01
  4577.168 9.935E-01
  4577.740 9.973E-01
  4578.312 9.989E-01
  4578.884 9.990E-01
  4579.456 9.991E-01
  4580.028 9.991E-01
  4580.600 9.992E-01
  4581.172 9.992E-01
  4581.744 9.993E-01
  4582.316 9.996E-01
  4582.888 9.996E-01
  4583.460 9.996E-01
  4584.032 9.996E-01
  4584.604 9.996E-01
  4585.176 9.996E-01
  4585.748 9.996E-01
  4586.320 9.996E-01
  4586.892 9.996E-01
  4587.464 9.992E-01
  4588.036 9.978E-01
  4588.608 9.955E-01
  4589.180 9.938E-01
  4589.752 9.926E-01
  4590.324 9.920E-01
  4590.896 9.919E-01
  4591.468 9.922E-01
  4592.040 9.929E-01
  4592.612 9.939E-01
  4593.184 9.945E-01
  4593.756 9.943E-01
  4594.328 9.944E-01
  4594.900 9.935E-01
  4595.472 9.928E-01
  4596.044 9.926E-01
  4596.616 9.927E-01
  4597.188 9.932E-01
  4597.760 9.942E-01
  4598.332 9.957E-01
  4598.904 9.978E-01
  4599.476 9.996E-01
