  3980.000 8.948E-01
  3980.172 8.956E-01
  3980.343 8.970E-01
  3980.515 8.994E-01
  3980.686 9.025E-01
  3980.858 9.060E-01
  3981.030 9.097E-01
  3981.201 9.131E-01
  3981.373 9.160E-01
  3981.544 9.184E-01
  3981.716 9.206E-01
  3981.888 9.224E-01
  3982.059 9.240E-01
  3982.231 9.254E-01
  3982.402 9.270E-01
  3982.574 9.286E-01
  3982.746 9.303E-01
  3982.917 9.320E-01
  3983.089 9.338E-01
  3983.260 9.357E-01
  3983.432 9.376E-01
  3983.604 9.395E-01
  3983.775 9.412E-01
  3983.947 9.427E-01
  3984.118 9.442E-01
  3984.290 9.458E-01
  3984.462 9.473E-01
  3984.633 9.487E-01
  3984.805 9.501E-01
  3984.976 9.513E-01
  3985.148 9.524E-01
  3985.320 9.534E-01
  3985.491 9.544E-01
  3985.663 9.554E-01
  3985.834 9.564E-01
  3986.006 9.573E-01
  3986.178 9.583E-01
  3986.349 9.592E-01
  3986.521 9.602E-01
  3986.692 9.611E-01
  3986.864 9.620E-01
  3987.036 9.628E-01
  3987.207 9.636E-01
  3987.379 9.643E-01
  3987.550 9.651E-01
  3987.722 9.658E-01
  3987.894 9.664E-01
  3988.065 9.671E-01
  3988.237 9.678E-01
  3988.408 9.684E-01
  3988.580 9.690E-01
  3988.752 9.696E-01
  3988.923 9.701E-01
  3989.095 9.707E-01
  3989.266 9.712E-01
  3989.438 9.717E-01
  3989.610 9.722E-01
  3989.781 9.726E-01
  3989.953 9.729E-01
  3990.124 9.730E-01
  3990.296 9.729E-01
  3990.468 9.727E-01
  3990.639 9.727E-01
  3990.811 9.725E-01
  3990.982 9.719E-01
  3991.154 9.709E-01
  3991.326 9.699E-01
  3991.497 9.691E-01
  3991.669 9.689E-01
  3991.840 9.690E-01
  3992.012 9.697E-01
  3992.184 9.709E-01
  3992.355 9.726E-01
  3992.527 9.745E-01
  3992.698 9.758E-01
  3992.870 9.761E-01
  3993.042 9.760E-01
  3993.213 9.758E-01
  3993.385 9.757E-01
  3993.556 9.759E-01
  3993.728 9.764E-01
  3993.900 9.767E-01
  3994.071 9.761E-01
  3994.243 9.736E-01
  3994.414 9.695E-01
  3994.586 9.654E-01
  3994.758 9.625E-01
  3994.929 9.612E-01
  3995.101 9.616E-01
  3995.272 9.637E-01
  3995.444 9.674E-01
  3995.616 9.725E-01
  3995.787 9.777E-01
  3995.959 9.812E-01
  3996.130 9.829E-01
  3996.302 9.835E-01
  3996.474 9.837E-01
  3996.645 9.838E-01
  3996.817 9.839E-01
  3996.988 9.837E-01
  3997.160 9.831E-01
  3997.332 9.821E-01
  3997.503 9.812E-01
  3997.675 9.804E-01
  3997.846 9.797E-01
  3998.018 9.789E-01
  3998.190 9.782E-01
  3998.361 9.779E-01
  3998.533 9.783E-01
  3998.704 9.790E-01
  3998.876 9.798E-01
  3999.048 9.806E-01
  3999.219 9.816E-01
  3999.391 9.827E-01
  3999.562 9.838E-01
  3999.734 9.845E-01
  3999.906 9.848E-01
  4000.077 9.848E-01
  4000.249 9.848E-01
  4000.420 9.848E-01
  4000.592 9.847E-01
  4000.764 9.847E-01
  4000.935 9.846E-01
  4001.107 9.845E-01
  4001.278 9.844E-01
  4001.450 9.841E-01
  4001.622 9.834E-01
  4001.793 9.819E-01
  4001.965 9.798E-01
  4002.136 9.776E-01
  4002.308 9.760E-01
  4002.480 9.750E-01
  4002.651 9.746E-01
  4002.823 9.747E-01
  4002.994 9.754E-01
  4003.166 9.765E-01
  4003.338 9.777E-01
  4003.509 9.784E-01
  4003.681 9.785E-01
  4003.852 9.781E-01
  4004.024 9.775E-01
  4004.196 9.765E-01
  4004.367 9.751E-01
  4004.539 9.735E-01
  4004.710 9.721E-01
  4004.882 9.708E-01
  4005.054 9.696E-01
  4005.225 9.686E-01
  4005.397 9.680E-01
  4005.568 9.676E-01
  4005.740 9.673E-01
  4005.912 9.667E-01
  4006.083 9.653E-01
  4006.255 9.634E-01
  4006.426 9.611E-01
  4006.598 9.582E-01
  4006.770 9.550E-01
  4006.941 9.511E-01
  4007.113 9.465E-01
  4007.284 9.412E-01
  4007.456 9.351E-01
  4007.628 9.281E-01
  4007.799 9.200E-01
  4007.971 9.104E-01
  4008.142 8.991E-01
  4008.314 8.857E-01
  4008.486 8.705E-01
  4008.657 8.548E-01
  4008.829 8.405E-01
  4009.000 8.298E-01
  4009.172 8.240E-01
  4009.344 8.239E-01
  4009.515 8.295E-01
  4009.687 8.402E-01
  4009.858 8.546E-01
  4010.030 8.706E-01
  4010.202 8.862E-01
  4010.373 8.999E-01
  4010.545 9.115E-01
  4010.716 9.213E-01
  4010.888 9.294E-01
  4011.060 9.363E-01
  4011.231 9.422E-01
  4011.403 9.472E-01
  4011.574 9.515E-01
  4011.746 9.552E-01
  4011.918 9.583E-01
  4012.089 9.611E-01
  4012.261 9.635E-01
  4012.432 9.657E-01
  4012.604 9.676E-01
  4012.776 9.694E-01
  4012.947 9.709E-01
  4013.119 9.723E-01
  4013.290 9.736E-01
  4013.462 9.746E-01
  4013.634 9.756E-01
  4013.805 9.764E-01
  4013.977 9.772E-01
  4014.148 9.779E-01
  4014.320 9.786E-01
  4014.492 9.792E-01
  4014.663 9.796E-01
  4014.835 9.800E-01
  4015.006 9.802E-01
  4015.178 9.803E-01
  4015.350 9.802E-01
  4015.521 9.800E-01
  4015.693 9.798E-01
  4015.864 9.797E-01
  4016.036 9.797E-01
  4016.208 9.799E-01
  4016.379 9.802E-01
  4016.551 9.804E-01
  4016.722 9.806E-01
  4016.894 9.810E-01
  4017.066 9.812E-01
  4017.237 9.813E-01
  4017.409 9.813E-01
  4017.580 9.812E-01
  4017.752 9.812E-01
  4017.924 9.811E-01
  4018.095 9.810E-01
  4018.267 9.808E-01
  4018.438 9.805E-01
  4018.610 9.801E-01
  4018.782 9.795E-01
  4018.953 9.789E-01
  4019.125 9.783E-01
  4019.296 9.777E-01
  4019.468 9.771E-01
  4019.640 9.764E-01
  4019.811 9.757E-01
  4019.983 9.750E-01
  4020.154 9.742E-01
  4020.326 9.733E-01
  4020.498 9.722E-01
  4020.669 9.709E-01
  4020.841 9.694E-01
  4021.012 9.678E-01
  4021.184 9.660E-01
  4021.356 9.639E-01
  4021.527 9.614E-01
  4021.699 9.584E-01
  4021.870 9.552E-01
  4022.042 9.518E-01
  4022.214 9.484E-01
  4022.385 9.449E-01
  4022.557 9.409E-01
  4022.728 9.363E-01
  4022.900 9.306E-01
  4023.072 9.230E-01
  4023.243 9.129E-01
  4023.415 9.007E-01
  4023.586 8.876E-01
  4023.758 8.743E-01
  4023.930 8.612E-01
  4024.101 8.480E-01
  4024.273 8.348E-01
  4024.444 8.218E-01
  4024.616 8.084E-01
  4024.788 7.932E-01
  4024.959 7.745E-01
  4025.131 7.520E-01
  4025.302 7.252E-01
  4025.474 6.944E-01
  4025.646 6.628E-01
  4025.817 6.354E-01
  4025.989 6.163E-01
  4026.160 6.082E-01
  4026.332 6.122E-01
  4026.504 6.280E-01
  4026.675 6.540E-01
  4026.847 6.880E-01
  4027.018 7.251E-01
  4027.190 7.598E-01
  4027.362 7.896E-01
  4027.533 8.142E-01
  4027.705 8.341E-01
  4027.876 8.501E-01
  4028.048 8.633E-01
  4028.220 8.748E-01
  4028.391 8.852E-01
  4028.563 8.951E-01
  4028.734 9.046E-01
  4028.906 9.139E-01
  4029.078 9.231E-01
  4029.249 9.319E-01
  4029.421 9.396E-01
  4029.592 9.459E-01
  4029.764 9.509E-01
  4029.936 9.549E-01
  4030.107 9.583E-01
  4030.279 9.613E-01
  4030.450 9.639E-01
  4030.622 9.662E-01
  4030.794 9.682E-01
  4030.965 9.701E-01
  4031.137 9.717E-01
  4031.308 9.732E-01
  4031.480 9.745E-01
  4031.652 9.757E-01
  4031.823 9.765E-01
  4031.995 9.768E-01
  4032.166 9.768E-01
  4032.338 9.767E-01
  4032.510 9.769E-01
  4032.681 9.773E-01
  4032.853 9.781E-01
  4033.024 9.791E-01
  4033.196 9.804E-01
  4033.368 9.819E-01
  4033.539 9.835E-01
  4033.711 9.847E-01
  4033.882 9.855E-01
  4034.054 9.859E-01
  4034.226 9.856E-01
  4034.397 9.847E-01
  4034.569 9.835E-01
  4034.740 9.823E-01
  4034.912 9.815E-01
  4035.084 9.813E-01
  4035.255 9.815E-01
  4035.427 9.824E-01
  4035.598 9.838E-01
  4035.770 9.856E-01
  4035.942 9.875E-01
  4036.113 9.889E-01
  4036.285 9.898E-01
  4036.456 9.904E-01
  4036.628 9.907E-01
  4036.800 9.910E-01
  4036.971 9.912E-01
  4037.143 9.914E-01
  4037.314 9.915E-01
  4037.486 9.915E-01
  4037.658 9.916E-01
  4037.829 9.917E-01
  4038.001 9.918E-01
  4038.172 9.917E-01
  4038.344 9.914E-01
  4038.516 9.908E-01
  4038.687 9.901E-01
  4038.859 9.897E-01
  4039.030 9.894E-01
  4039.202 9.895E-01
  4039.374 9.898E-01
  4039.545 9.903E-01
  4039.717 9.911E-01
  4039.888 9.921E-01
  4040.060 9.928E-01
  4040.232 9.930E-01
  4040.403 9.924E-01
  4040.575 9.910E-01
  4040.746 9.891E-01
  4040.918 9.875E-01
  4041.090 9.864E-01
  4041.261 9.859E-01
  4041.433 9.861E-01
  4041.604 9.869E-01
  4041.776 9.882E-01
  4041.948 9.900E-01
  4042.119 9.918E-01
  4042.291 9.927E-01
  4042.462 9.929E-01
  4042.634 9.922E-01
  4042.806 9.909E-01
  4042.977 9.894E-01
  4043.149 9.881E-01
  4043.320 9.873E-01
  4043.492 9.871E-01
  4043.664 9.874E-01
  4043.835 9.881E-01
  4044.007 9.891E-01
  4044.178 9.905E-01
  4044.350 9.918E-01
  4044.522 9.927E-01
  4044.693 9.932E-01
  4044.865 9.935E-01
  4045.036 9.937E-01
  4045.208 9.940E-01
  4045.380 9.943E-01
  4045.551 9.945E-01
  4045.723 9.947E-01
  4045.894 9.948E-01
  4046.066 9.948E-01
  4046.238 9.948E-01
  4046.409 9.949E-01
  4046.581 9.949E-01
  4046.752 9.949E-01
  4046.924 9.949E-01
  4047.096 9.949E-01
  4047.267 9.948E-01
  4047.439 9.948E-01
  4047.610 9.946E-01
  4047.782 9.945E-01
  4047.954 9.943E-01
  4048.125 9.942E-01
  4048.297 9.940E-01
  4048.468 9.939E-01
  4048.640 9.939E-01
  4048.812 9.940E-01
  4048.983 9.941E-01
  4049.155 9.941E-01
  4049.326 9.941E-01
  4049.498 9.939E-01
  4049.670 9.938E-01
  4049.841 9.937E-01
  4050.013 9.936E-01
  4050.184 9.937E-01
  4050.356 9.938E-01
  4050.528 9.940E-01
  4050.699 9.943E-01
  4050.871 9.946E-01
  4051.042 9.948E-01
  4051.214 9.949E-01
  4051.386 9.949E-01
  4051.557 9.948E-01
  4051.729 9.948E-01
  4051.900 9.947E-01
  4052.072 9.947E-01
  4052.244 9.945E-01
  4052.415 9.943E-01
  4052.587 9.941E-01
  4052.758 9.940E-01
  4052.930 9.940E-01
  4053.102 9.939E-01
  4053.273 9.939E-01
  4053.445 9.939E-01
  4053.616 9.939E-01
  4053.788 9.939E-01
  4053.960 9.939E-01
  4054.131 9.939E-01
  4054.303 9.938E-01
  4054.474 9.938E-01
  4054.646 9.939E-01
  4054.818 9.941E-01
  4054.989 9.942E-01
  4055.161 9.944E-01
  4055.332 9.945E-01
  4055.504 9.946E-01
  4055.676 9.947E-01
  4055.847 9.946E-01
  4056.019 9.945E-01
  4056.190 9.943E-01
  4056.362 9.939E-01
  4056.534 9.936E-01
  4056.705 9.932E-01
  4056.877 9.930E-01
  4057.048 9.929E-01
  4057.220 9.929E-01
  4057.392 9.930E-01
  4057.563 9.932E-01
  4057.735 9.936E-01
  4057.906 9.938E-01
  4058.078 9.940E-01
  4058.250 9.940E-01
  4058.421 9.939E-01
  4058.593 9.934E-01
  4058.764 9.929E-01
  4058.936 9.924E-01
  4059.108 9.921E-01
  4059.279 9.919E-01
  4059.451 9.918E-01
  4059.622 9.918E-01
  4059.794 9.918E-01
  4059.966 9.918E-01
  4060.137 9.918E-01
  4060.309 9.916E-01
  4060.480 9.912E-01
  4060.652 9.910E-01
  4060.824 9.909E-01
  4060.995 9.910E-01
  4061.167 9.912E-01
  4061.338 9.915E-01
  4061.510 9.919E-01
  4061.682 9.922E-01
  4061.853 9.924E-01
  4062.025 9.926E-01
  4062.196 9.925E-01
  4062.368 9.924E-01
  4062.540 9.923E-01
  4062.711 9.923E-01
  4062.883 9.922E-01
  4063.054 9.922E-01
  4063.226 9.923E-01
  4063.398 9.924E-01
  4063.569 9.926E-01
  4063.741 9.927E-01
  4063.912 9.928E-01
  4064.084 9.928E-01
  4064.256 9.927E-01
  4064.427 9.926E-01
  4064.599 9.925E-01
  4064.770 9.924E-01
  4064.942 9.923E-01
  4065.114 9.922E-01
  4065.285 9.921E-01
  4065.457 9.920E-01
  4065.628 9.920E-01
  4065.800 9.919E-01
  4065.972 9.915E-01
  4066.143 9.904E-01
  4066.315 9.885E-01
  4066.486 9.862E-01
  4066.658 9.842E-01
  4066.830 9.830E-01
  4067.001 9.824E-01
  4067.173 9.826E-01
  4067.344 9.835E-01
  4067.516 9.851E-01
  4067.688 9.872E-01
  4067.859 9.893E-01
  4068.031 9.905E-01
  4068.202 9.909E-01
  4068.374 9.908E-01
  4068.546 9.905E-01
  4068.717 9.896E-01
  4068.889 9.877E-01
  4069.060 9.848E-01
  4069.232 9.815E-01
  4069.404 9.785E-01
  4069.575 9.766E-01
  4069.747 9.757E-01
  4069.918 9.760E-01
  4070.090 9.774E-01
  4070.262 9.797E-01
  4070.433 9.826E-01
  4070.605 9.852E-01
  4070.776 9.870E-01
  4070.948 9.875E-01
  4071.120 9.869E-01
  4071.291 9.851E-01
  4071.463 9.822E-01
  4071.634 9.792E-01
  4071.806 9.768E-01
  4071.978 9.754E-01
  4072.149 9.749E-01
  4072.321 9.752E-01
  4072.492 9.764E-01
  4072.664 9.785E-01
  4072.836 9.813E-01
  4073.007 9.838E-01
  4073.179 9.850E-01
  4073.350 9.848E-01
  4073.522 9.824E-01
  4073.694 9.762E-01
  4073.865 9.653E-01
  4074.037 9.512E-01
  4074.208 9.363E-01
  4074.380 9.238E-01
  4074.552 9.153E-01
  4074.723 9.104E-01
  4074.895 9.085E-01
  4075.066 9.081E-01
  4075.238 9.084E-01
  4075.410 9.091E-01
  4075.581 9.095E-01
  4075.753 9.095E-01
  4075.924 9.098E-01
  4076.096 9.128E-01
  4076.268 9.198E-01
  4076.439 9.306E-01
  4076.611 9.436E-01
  4076.782 9.550E-01
  4076.954 9.622E-01
  4077.126 9.654E-01
  4077.297 9.663E-01
  4077.469 9.663E-01
  4077.640 9.662E-01
  4077.812 9.663E-01
  4077.984 9.669E-01
  4078.155 9.683E-01
  4078.327 9.705E-01
  4078.498 9.731E-01
  4078.670 9.752E-01
  4078.842 9.762E-01
  4079.013 9.765E-01
  4079.185 9.764E-01
  4079.356 9.764E-01
  4079.528 9.764E-01
  4079.700 9.764E-01
  4079.871 9.763E-01
  4080.043 9.759E-01
  4080.214 9.755E-01
  4080.386 9.751E-01
  4080.558 9.748E-01
  4080.729 9.745E-01
  4080.901 9.742E-01
  4081.072 9.739E-01
  4081.244 9.734E-01
  4081.416 9.728E-01
  4081.587 9.720E-01
  4081.759 9.711E-01
  4081.930 9.703E-01
  4082.102 9.695E-01
  4082.274 9.689E-01
  4082.445 9.684E-01
  4082.617 9.681E-01
  4082.788 9.678E-01
  4082.960 9.677E-01
  4083.132 9.674E-01
  4083.303 9.668E-01
  4083.475 9.660E-01
  4083.646 9.652E-01
  4083.818 9.643E-01
  4083.990 9.634E-01
  4084.161 9.624E-01
  4084.333 9.612E-01
  4084.504 9.599E-01
  4084.676 9.588E-01
  4084.848 9.578E-01
  4085.019 9.569E-01
  4085.191 9.562E-01
  4085.362 9.556E-01
  4085.534 9.552E-01
  4085.706 9.549E-01
  4085.877 9.545E-01
  4086.049 9.539E-01
  4086.220 9.529E-01
  4086.392 9.516E-01
  4086.564 9.501E-01
  4086.735 9.485E-01
  4086.907 9.470E-01
  4087.078 9.457E-01
  4087.250 9.444E-01
  4087.422 9.432E-01
  4087.593 9.421E-01
  4087.765 9.410E-01
  4087.936 9.400E-01
  4088.108 9.388E-01
  4088.280 9.372E-01
  4088.451 9.353E-01
  4088.623 9.332E-01
  4088.794 9.309E-01
  4088.966 9.287E-01
  4089.138 9.267E-01
  4089.309 9.249E-01
  4089.481 9.231E-01
  4089.652 9.215E-01
  4089.824 9.199E-01
  4089.996 9.184E-01
  4090.167 9.167E-01
  4090.339 9.147E-01
  4090.510 9.125E-01
  4090.682 9.101E-01
  4090.854 9.075E-01
  4091.025 9.049E-01
  4091.197 9.022E-01
  4091.368 8.994E-01
  4091.540 8.965E-01
  4091.712 8.935E-01
  4091.883 8.904E-01
  4092.055 8.871E-01
  4092.226 8.836E-01
  4092.398 8.800E-01
  4092.570 8.763E-01
  4092.741 8.725E-01
  4092.913 8.687E-01
  4093.084 8.648E-01
  4093.256 8.609E-01
  4093.428 8.568E-01
  4093.599 8.526E-01
  4093.771 8.483E-01
  4093.942 8.437E-01
  4094.114 8.389E-01
  4094.286 8.340E-01
  4094.457 8.288E-01
  4094.629 8.235E-01
  4094.800 8.179E-01
  4094.972 8.122E-01
  4095.144 8.062E-01
  4095.315 8.001E-01
  4095.487 7.937E-01
  4095.658 7.872E-01
  4095.830 7.805E-01
  4096.002 7.735E-01
  4096.173 7.664E-01
  4096.345 7.590E-01
  4096.516 7.514E-01
  4096.688 7.436E-01
  4096.860 7.355E-01
  4097.031 7.271E-01
  4097.203 7.186E-01
  4097.374 7.098E-01
  4097.546 7.007E-01
  4097.718 6.915E-01
  4097.889 6.819E-01
  4098.061 6.722E-01
  4098.232 6.621E-01
  4098.404 6.519E-01
  4098.576 6.413E-01
  4098.747 6.306E-01
  4098.919 6.196E-01
  4099.090 6.083E-01
  4099.262 5.969E-01
  4099.434 5.852E-01
  4099.605 5.733E-01
  4099.777 5.611E-01
  4099.948 5.487E-01
  4100.120 5.361E-01
  4100.292 5.232E-01
  4100.463 5.097E-01
  4100.635 4.953E-01
  4100.806 4.796E-01
  4100.978 4.629E-01
  4101.150 4.464E-01
  4101.321 4.323E-01
  4101.493 4.222E-01
  4101.664 4.173E-01
  4101.836 4.179E-01
  4102.008 4.239E-01
  4102.179 4.348E-01
  4102.351 4.496E-01
  4102.522 4.664E-01
  4102.694 4.831E-01
  4102.866 4.985E-01
  4103.037 5.127E-01
  4103.209 5.261E-01
  4103.380 5.391E-01
  4103.552 5.517E-01
  4103.724 5.641E-01
  4103.895 5.762E-01
  4104.067 5.881E-01
  4104.238 5.998E-01
  4104.410 6.113E-01
  4104.582 6.225E-01
  4104.753 6.335E-01
  4104.925 6.443E-01
  4105.096 6.548E-01
  4105.268 6.651E-01
  4105.440 6.752E-01
  4105.611 6.850E-01
  4105.783 6.945E-01
  4105.954 7.039E-01
  4106.126 7.129E-01
  4106.298 7.217E-01
  4106.469 7.303E-01
  4106.641 7.386E-01
  4106.812 7.467E-01
  4106.984 7.545E-01
  4107.156 7.621E-01
  4107.327 7.695E-01
  4107.499 7.766E-01
  4107.670 7.835E-01
  4107.842 7.902E-01
  4108.014 7.967E-01
  4108.185 8.030E-01
  4108.357 8.091E-01
  4108.528 8.149E-01
  4108.700 8.206E-01
  4108.872 8.261E-01
  4109.043 8.314E-01
  4109.215 8.365E-01
  4109.386 8.415E-01
  4109.558 8.463E-01
  4109.730 8.509E-01
  4109.901 8.553E-01
  4110.073 8.595E-01
  4110.244 8.635E-01
  4110.416 8.674E-01
  4110.588 8.712E-01
  4110.759 8.749E-01
  4110.931 8.785E-01
  4111.102 8.820E-01
  4111.274 8.854E-01
  4111.446 8.887E-01
  4111.617 8.919E-01
  4111.789 8.950E-01
  4111.960 8.981E-01
  4112.132 9.010E-01
  4112.304 9.038E-01
  4112.475 9.066E-01
  4112.647 9.093E-01
  4112.818 9.119E-01
  4112.990 9.144E-01
  4113.162 9.167E-01
  4113.333 9.189E-01
  4113.505 9.210E-01
  4113.676 9.231E-01
  4113.848 9.251E-01
  4114.020 9.270E-01
  4114.191 9.289E-01
  4114.363 9.307E-01
  4114.534 9.325E-01
  4114.706 9.342E-01
  4114.878 9.359E-01
  4115.049 9.375E-01
  4115.221 9.391E-01
  4115.392 9.406E-01
  4115.564 9.420E-01
  4115.736 9.434E-01
  4115.907 9.448E-01
  4116.079 9.461E-01
  4116.250 9.474E-01
  4116.422 9.487E-01
  4116.594 9.499E-01
  4116.765 9.511E-01
  4116.937 9.522E-01
  4117.108 9.533E-01
  4117.280 9.543E-01
  4117.452 9.552E-01
  4117.623 9.561E-01
  4117.795 9.570E-01
  4117.966 9.577E-01
  4118.138 9.581E-01
  4118.310 9.580E-01
  4118.481 9.572E-01
  4118.653 9.560E-01
  4118.824 9.550E-01
  4118.996 9.542E-01
  4119.168 9.537E-01
  4119.339 9.531E-01
  4119.511 9.516E-01
  4119.682 9.474E-01
  4119.854 9.378E-01
  4120.026 9.204E-01
  4120.197 8.965E-01
  4120.369 8.717E-01
  4120.540 8.519E-01
  4120.712 8.403E-01
  4120.884 8.381E-01
  4121.055 8.455E-01
  4121.227 8.621E-01
  4121.398 8.859E-01
  4121.570 9.130E-01
  4121.742 9.370E-01
  4121.913 9.536E-01
  4122.085 9.630E-01
  4122.256 9.677E-01
  4122.428 9.703E-01
  4122.600 9.719E-01
  4122.771 9.732E-01
  4122.943 9.742E-01
  4123.114 9.750E-01
  4123.286 9.758E-01
  4123.458 9.766E-01
  4123.629 9.772E-01
  4123.801 9.778E-01
  4123.972 9.783E-01
  4124.144 9.788E-01
  4124.316 9.792E-01
  4124.487 9.796E-01
  4124.659 9.800E-01
  4124.830 9.804E-01
  4125.002 9.807E-01
  4125.174 9.811E-01
  4125.345 9.814E-01
  4125.517 9.817E-01
  4125.688 9.820E-01
  4125.860 9.823E-01
  4126.032 9.825E-01
  4126.203 9.828E-01
  4126.375 9.830E-01
  4126.546 9.832E-01
  4126.718 9.832E-01
  4126.890 9.826E-01
  4127.061 9.800E-01
  4127.233 9.740E-01
  4127.404 9.645E-01
  4127.576 9.550E-01
  4127.748 9.480E-01
  4127.919 9.442E-01
  4128.091 9.435E-01
  4128.262 9.460E-01
  4128.434 9.515E-01
  4128.606 9.600E-01
  4128.777 9.700E-01
  4128.949 9.788E-01
  4129.120 9.836E-01
  4129.292 9.855E-01
  4129.464 9.860E-01
  4129.635 9.859E-01
  4129.807 9.843E-01
  4129.978 9.793E-01
  4130.150 9.695E-01
  4130.322 9.576E-01
  4130.493 9.474E-01
  4130.665 9.405E-01
  4130.836 9.375E-01
  4131.008 9.381E-01
  4131.180 9.425E-01
  4131.351 9.508E-01
  4131.523 9.622E-01
  4131.694 9.739E-01
  4131.866 9.817E-01
  4132.038 9.844E-01
  4132.209 9.838E-01
  4132.381 9.821E-01
  4132.552 9.806E-01
  4132.724 9.796E-01
  4132.896 9.793E-01
  4133.067 9.797E-01
  4133.239 9.808E-01
  4133.410 9.826E-01
  4133.582 9.848E-01
  4133.754 9.869E-01
  4133.925 9.883E-01
  4134.097 9.890E-01
  4134.268 9.893E-01
  4134.440 9.894E-01
  4134.612 9.895E-01
  4134.783 9.896E-01
  4134.955 9.897E-01
  4135.126 9.897E-01
  4135.298 9.897E-01
  4135.470 9.897E-01
  4135.641 9.897E-01
  4135.813 9.897E-01
  4135.984 9.896E-01
  4136.156 9.895E-01
  4136.328 9.894E-01
  4136.499 9.892E-01
  4136.671 9.889E-01
  4136.842 9.887E-01
  4137.014 9.883E-01
  4137.186 9.879E-01
  4137.357 9.876E-01
  4137.529 9.873E-01
  4137.700 9.872E-01
  4137.872 9.871E-01
  4138.044 9.870E-01
  4138.215 9.870E-01
  4138.387 9.869E-01
  4138.558 9.866E-01
  4138.730 9.863E-01
  4138.902 9.858E-01
  4139.073 9.852E-01
  4139.245 9.846E-01
  4139.416 9.840E-01
  4139.588 9.833E-01
  4139.760 9.825E-01
  4139.931 9.817E-01
  4140.103 9.807E-01
  4140.274 9.796E-01
  4140.446 9.783E-01
  4140.618 9.767E-01
  4140.789 9.749E-01
  4140.961 9.728E-01
  4141.132 9.701E-01
  4141.304 9.665E-01
  4141.476 9.615E-01
  4141.647 9.553E-01
  4141.819 9.482E-01
  4141.990 9.402E-01
  4142.162 9.312E-01
  4142.334 9.203E-01
  4142.505 9.068E-01
  4142.677 8.894E-01
  4142.848 8.671E-01
  4143.020 8.401E-01
  4143.192 8.116E-01
  4143.363 7.859E-01
  4143.535 7.674E-01
  4143.706 7.586E-01
  4143.878 7.606E-01
  4144.050 7.729E-01
  4144.221 7.938E-01
  4144.393 8.205E-01
  4144.564 8.491E-01
  4144.736 8.752E-01
  4144.908 8.964E-01
  4145.079 9.128E-01
  4145.251 9.258E-01
  4145.422 9.364E-01
  4145.594 9.456E-01
  4145.766 9.534E-01
  4145.937 9.594E-01
  4146.109 9.631E-01
  4146.280 9.649E-01
  4146.452 9.660E-01
  4146.624 9.672E-01
  4146.795 9.685E-01
  4146.967 9.703E-01
  4147.138 9.724E-01
  4147.310 9.750E-01
  4147.482 9.781E-01
  4147.653 9.814E-01
  4147.825 9.842E-01
  4147.996 9.859E-01
  4148.168 9.870E-01
  4148.340 9.877E-01
  4148.511 9.882E-01
  4148.683 9.887E-01
  4148.854 9.890E-01
  4149.026 9.890E-01
  4149.198 9.883E-01
  4149.369 9.874E-01
  4149.541 9.863E-01
  4149.712 9.855E-01
  4149.884 9.851E-01
  4150.056 9.852E-01
  4150.227 9.857E-01
  4150.399 9.867E-01
  4150.570 9.882E-01
  4150.742 9.899E-01
  4150.914 9.914E-01
  4151.085 9.924E-01
  4151.257 9.930E-01
  4151.428 9.934E-01
  4151.600 9.937E-01
  4151.772 9.938E-01
  4151.943 9.936E-01
  4152.115 9.925E-01
  4152.286 9.900E-01
  4152.458 9.862E-01
  4152.630 9.822E-01
  4152.801 9.791E-01
  4152.973 9.773E-01
  4153.144 9.769E-01
  4153.316 9.778E-01
  4153.488 9.800E-01
  4153.659 9.835E-01
  4153.831 9.878E-01
  4154.002 9.915E-01
  4154.174 9.938E-01
  4154.346 9.947E-01
  4154.517 9.950E-01
  4154.689 9.950E-01
  4154.860 9.951E-01
  4155.032 9.951E-01
  4155.204 9.952E-01
  4155.375 9.954E-01
  4155.547 9.954E-01
  4155.718 9.954E-01
  4155.890 9.953E-01
  4156.062 9.951E-01
  4156.233 9.949E-01
  4156.405 9.949E-01
  4156.576 9.949E-01
  4156.748 9.950E-01
  4156.920 9.952E-01
  4157.091 9.955E-01
  4157.263 9.959E-01
  4157.434 9.963E-01
  4157.606 9.965E-01
  4157.778 9.966E-01
  4157.949 9.967E-01
  4158.121 9.968E-01
  4158.292 9.968E-01
  4158.464 9.968E-01
  4158.636 9.969E-01
  4158.807 9.969E-01
  4158.979 9.969E-01
  4159.150 9.970E-01
  4159.322 9.969E-01
  4159.494 9.969E-01
  4159.665 9.969E-01
  4159.837 9.968E-01
  4160.008 9.967E-01
  4160.180 9.966E-01
  4160.352 9.966E-01
  4160.523 9.966E-01
  4160.695 9.966E-01
  4160.866 9.967E-01
  4161.038 9.968E-01
  4161.210 9.969E-01
  4161.381 9.968E-01
  4161.553 9.961E-01
  4161.724 9.937E-01
  4161.896 9.889E-01
  4162.068 9.828E-01
  4162.239 9.774E-01
  4162.411 9.736E-01
  4162.582 9.717E-01
  4162.754 9.718E-01
  4162.926 9.736E-01
  4163.097 9.775E-01
  4163.269 9.830E-01
  4163.440 9.891E-01
  4163.612 9.937E-01
  4163.784 9.959E-01
  4163.955 9.962E-01
  4164.127 9.956E-01
  4164.298 9.946E-01
  4164.470 9.935E-01
  4164.642 9.925E-01
  4164.813 9.919E-01
  4164.985 9.918E-01
  4165.156 9.920E-01
  4165.328 9.927E-01
  4165.500 9.937E-01
  4165.671 9.948E-01
  4165.843 9.958E-01
  4166.014 9.964E-01
  4166.186 9.965E-01
  4166.358 9.964E-01
  4166.529 9.962E-01
  4166.701 9.960E-01
  4166.872 9.957E-01
  4167.044 9.954E-01
  4167.216 9.949E-01
  4167.387 9.940E-01
  4167.559 9.923E-01
  4167.730 9.892E-01
  4167.902 9.841E-01
  4168.074 9.763E-01
  4168.245 9.659E-01
  4168.417 9.546E-01
  4168.588 9.450E-01
  4168.760 9.389E-01
  4168.932 9.368E-01
  4169.103 9.390E-01
  4169.275 9.450E-01
  4169.446 9.540E-01
  4169.618 9.650E-01
  4169.790 9.760E-01
  4169.961 9.847E-01
  4170.133 9.902E-01
  4170.304 9.932E-01
  4170.476 9.947E-01
  4170.648 9.954E-01
  4170.819 9.955E-01
  4170.991 9.953E-01
  4171.162 9.950E-01
  4171.334 9.948E-01
  4171.506 9.947E-01
  4171.677 9.948E-01
  4171.849 9.950E-01
  4172.020 9.954E-01
  4172.192 9.960E-01
  4172.364 9.966E-01
  4172.535 9.969E-01
  4172.707 9.967E-01
  4172.878 9.962E-01
  4173.050 9.955E-01
  4173.222 9.945E-01
  4173.393 9.928E-01
  4173.565 9.900E-01
  4173.736 9.873E-01
  4173.908 9.854E-01
  4174.080 9.846E-01
  4174.251 9.848E-01
  4174.423 9.857E-01
  4174.594 9.873E-01
  4174.766 9.896E-01
  4174.938 9.925E-01
  4175.109 9.952E-01
  4175.281 9.964E-01
  4175.452 9.961E-01
  4175.624 9.953E-01
  4175.796 9.945E-01
  4175.967 9.940E-01
  4176.139 9.938E-01
  4176.310 9.940E-01
  4176.482 9.944E-01
  4176.654 9.952E-01
  4176.825 9.962E-01
  4176.997 9.972E-01
  4177.168 9.978E-01
  4177.340 9.980E-01
  4177.512 9.979E-01
  4177.683 9.976E-01
  4177.855 9.972E-01
  4178.026 9.967E-01
  4178.198 9.962E-01
  4178.370 9.959E-01
  4178.541 9.957E-01
  4178.713 9.956E-01
  4178.884 9.955E-01
  4179.056 9.956E-01
  4179.228 9.959E-01
  4179.399 9.963E-01
  4179.571 9.967E-01
  4179.742 9.970E-01
  4179.914 9.972E-01
  4180.086 9.973E-01
  4180.257 9.972E-01
  4180.429 9.972E-01
  4180.600 9.971E-01
  4180.772 9.970E-01
  4180.944 9.970E-01
  4181.115 9.970E-01
  4181.287 9.972E-01
  4181.458 9.975E-01
  4181.630 9.979E-01
  4181.802 9.982E-01
  4181.973 9.985E-01
  4182.145 9.986E-01
  4182.316 9.987E-01
  4182.488 9.987E-01
  4182.660 9.988E-01
  4182.831 9.989E-01
  4183.003 9.989E-01
  4183.174 9.989E-01
  4183.346 9.988E-01
  4183.518 9.987E-01
  4183.689 9.986E-01
  4183.861 9.985E-01
  4184.032 9.984E-01
  4184.204 9.983E-01
  4184.376 9.981E-01
  4184.547 9.977E-01
  4184.719 9.969E-01
  4184.890 9.961E-01
  4185.062 9.954E-01
  4185.234 9.949E-01
  4185.405 9.948E-01
  4185.577 9.949E-01
  4185.748 9.953E-01
  4185.920 9.959E-01
  4186.092 9.967E-01
  4186.263 9.974E-01
  4186.435 9.978E-01
  4186.606 9.979E-01
  4186.778 9.978E-01
  4186.950 9.977E-01
  4187.121 9.976E-01
  4187.293 9.976E-01
  4187.464 9.976E-01
  4187.636 9.978E-01
  4187.808 9.980E-01
  4187.979 9.982E-01
  4188.151 9.984E-01
  4188.322 9.985E-01
  4188.494 9.983E-01
  4188.666 9.974E-01
  4188.837 9.953E-01
  4189.009 9.918E-01
  4189.180 9.881E-01
  4189.352 9.851E-01
  4189.524 9.833E-01
  4189.695 9.828E-01
  4189.867 9.837E-01
  4190.038 9.861E-01
  4190.210 9.897E-01
  4190.382 9.939E-01
  4190.553 9.977E-01
  4190.725 1.000E+00
  4190.896 1.001E+00
  4191.068 1.001E+00
  4191.240 1.001E+00
  4191.411 9.999E-01
  4191.583 9.992E-01
  4191.754 9.988E-01
  4191.926 9.986E-01
  4192.098 9.984E-01
  4192.269 9.984E-01
  4192.441 9.983E-01
  4192.612 9.982E-01
  4192.784 9.979E-01
  4192.956 9.977E-01
  4193.127 9.975E-01
  4193.299 9.973E-01
  4193.470 9.972E-01
  4193.642 9.972E-01
  4193.814 9.973E-01
  4193.985 9.975E-01
  4194.157 9.978E-01
  4194.328 9.982E-01
  4194.500 9.985E-01
  4194.672 9.987E-01
  4194.843 9.988E-01
  4195.015 9.988E-01
  4195.186 9.987E-01
  4195.358 9.986E-01
  4195.530 9.984E-01
  4195.701 9.983E-01
  4195.873 9.982E-01
  4196.044 9.981E-01
  4196.216 9.981E-01
  4196.388 9.982E-01
  4196.559 9.983E-01
  4196.731 9.985E-01
  4196.902 9.987E-01
  4197.074 9.989E-01
  4197.246 9.992E-01
  4197.417 9.995E-01
  4197.589 1.000E+00
  4197.760 1.000E+00
  4197.932 1.000E+00
  4198.104 1.001E+00
  4198.275 1.000E+00
  4198.447 1.000E+00
  4198.618 1.000E+00
  4198.790 9.996E-01
  4198.962 9.991E-01
  4199.133 9.986E-01
  4199.305 9.981E-01
  4199.476 9.977E-01
  4199.648 9.973E-01
  4199.820 9.969E-01
  4199.991 9.964E-01
  4200.163 9.960E-01
  4200.334 9.956E-01
  4200.506 9.955E-01
  4200.678 9.956E-01
  4200.849 9.959E-01
  4201.021 9.963E-01
  4201.192 9.967E-01
  4201.364 9.973E-01
  4201.536 9.979E-01
  4201.707 9.984E-01
  4201.879 9.987E-01
  4202.050 9.988E-01
  4202.222 9.988E-01
  4202.394 9.989E-01
  4202.565 9.989E-01
  4202.737 9.989E-01
  4202.908 9.989E-01
  4203.080 9.988E-01
  4203.252 9.988E-01
  4203.423 9.988E-01
  4203.595 9.988E-01
  4203.766 9.988E-01
  4203.938 9.988E-01
  4204.110 9.988E-01
  4204.281 9.988E-01
  4204.453 9.989E-01
  4204.624 9.989E-01
  4204.796 9.989E-01
  4204.968 9.989E-01
  4205.139 9.988E-01
  4205.311 9.988E-01
  4205.482 9.988E-01
  4205.654 9.987E-01
  4205.826 9.987E-01
  4205.997 9.987E-01
  4206.169 9.987E-01
  4206.340 9.987E-01
  4206.512 9.987E-01
  4206.684 9.987E-01
  4206.855 9.987E-01
  4207.027 9.987E-01
  4207.198 9.987E-01
  4207.370 9.988E-01
  4207.542 9.988E-01
  4207.713 9.989E-01
  4207.885 9.990E-01
  4208.056 9.990E-01
  4208.228 9.991E-01
  4208.400 9.991E-01
  4208.571 9.991E-01
  4208.743 9.991E-01
  4208.914 9.990E-01
  4209.086 9.990E-01
  4209.258 9.990E-01
  4209.429 9.990E-01
  4209.601 9.990E-01
  4209.772 9.989E-01
  4209.944 9.989E-01
  4210.116 9.988E-01
  4210.287 9.988E-01
  4210.459 9.988E-01
  4210.630 9.988E-01
  4210.802 9.988E-01
  4210.974 9.989E-01
  4211.145 9.989E-01
  4211.317 9.990E-01
  4211.488 9.991E-01
  4211.660 9.991E-01
  4211.832 9.992E-01
  4212.003 9.991E-01
  4212.175 9.991E-01
  4212.346 9.990E-01
  4212.518 9.989E-01
  4212.690 9.987E-01
  4212.861 9.986E-01
  4213.033 9.985E-01
  4213.204 9.984E-01
  4213.376 9.984E-01
  4213.548 9.985E-01
  4213.719 9.986E-01
  4213.891 9.987E-01
  4214.062 9.988E-01
  4214.234 9.989E-01
  4214.406 9.989E-01
  4214.577 9.989E-01
  4214.749 9.988E-01
  4214.920 9.987E-01
  4215.092 9.986E-01
  4215.264 9.985E-01
  4215.435 9.984E-01
  4215.607 9.985E-01
  4215.778 9.985E-01
  4215.950 9.985E-01
  4216.122 9.984E-01
  4216.293 9.979E-01
  4216.465 9.970E-01
  4216.636 9.959E-01
  4216.808 9.950E-01
  4216.980 9.945E-01
  4217.151 9.942E-01
  4217.323 9.943E-01
  4217.494 9.948E-01
  4217.666 9.956E-01
  4217.838 9.967E-01
  4218.009 9.979E-01
  4218.181 9.986E-01
  4218.352 9.989E-01
  4218.524 9.990E-01
  4218.696 9.990E-01
  4218.867 9.990E-01
  4219.039 9.990E-01
  4219.210 9.991E-01
  4219.382 9.991E-01
  4219.554 9.991E-01
  4219.725 9.991E-01
  4219.897 9.991E-01
  4220.068 9.991E-01
  4220.240 9.991E-01
  4220.412 9.991E-01
  4220.583 9.991E-01
  4220.755 9.991E-01
  4220.926 9.991E-01
  4221.098 9.990E-01
  4221.270 9.986E-01
  4221.441 9.979E-01
  4221.613 9.970E-01
  4221.784 9.963E-01
  4221.956 9.958E-01
  4222.128 9.955E-01
  4222.299 9.954E-01
  4222.471 9.955E-01
  4222.642 9.959E-01
  4222.814 9.966E-01
  4222.986 9.974E-01
  4223.157 9.980E-01
  4223.329 9.984E-01
  4223.500 9.986E-01
  4223.672 9.986E-01
  4223.844 9.986E-01
  4224.015 9.986E-01
  4224.187 9.985E-01
  4224.358 9.984E-01
  4224.530 9.983E-01
  4224.702 9.982E-01
  4224.873 9.983E-01
  4225.045 9.984E-01
  4225.216 9.985E-01
  4225.388 9.987E-01
  4225.560 9.989E-01
  4225.731 9.990E-01
  4225.903 9.991E-01
  4226.074 9.991E-01
  4226.246 9.991E-01
  4226.418 9.990E-01
  4226.589 9.989E-01
  4226.761 9.987E-01
  4226.932 9.982E-01
  4227.104 9.975E-01
  4227.276 9.969E-01
  4227.447 9.964E-01
  4227.619 9.961E-01
  4227.790 9.960E-01
  4227.962 9.962E-01
  4228.134 9.966E-01
  4228.305 9.972E-01
  4228.477 9.979E-01
  4228.648 9.985E-01
  4228.820 9.989E-01
  4228.992 9.991E-01
  4229.163 9.992E-01
  4229.335 9.992E-01
  4229.506 9.991E-01
  4229.678 9.990E-01
  4229.850 9.986E-01
  4230.021 9.977E-01
  4230.193 9.960E-01
  4230.364 9.940E-01
  4230.536 9.924E-01
  4230.708 9.913E-01
  4230.879 9.908E-01
  4231.051 9.910E-01
  4231.222 9.917E-01
  4231.394 9.930E-01
  4231.566 9.947E-01
  4231.737 9.966E-01
  4231.909 9.980E-01
  4232.080 9.984E-01
  4232.252 9.980E-01
  4232.424 9.972E-01
  4232.595 9.962E-01
  4232.767 9.954E-01
  4232.938 9.949E-01
  4233.110 9.947E-01
  4233.282 9.948E-01
  4233.453 9.953E-01
  4233.625 9.960E-01
  4233.796 9.970E-01
  4233.968 9.979E-01
  4234.140 9.986E-01
  4234.311 9.990E-01
  4234.483 9.991E-01
  4234.654 9.991E-01
  4234.826 9.991E-01
  4234.998 9.990E-01
  4235.169 9.990E-01
  4235.341 9.990E-01
  4235.512 9.990E-01
  4235.684 9.990E-01
  4235.856 9.988E-01
  4236.027 9.982E-01
  4236.199 9.972E-01
  4236.370 9.957E-01
  4236.542 9.943E-01
  4236.714 9.933E-01
  4236.885 9.927E-01
  4237.057 9.926E-01
  4237.228 9.929E-01
  4237.400 9.937E-01
  4237.572 9.950E-01
  4237.743 9.964E-01
  4237.915 9.976E-01
  4238.086 9.983E-01
  4238.258 9.986E-01
  4238.430 9.987E-01
  4238.601 9.987E-01
  4238.773 9.988E-01
  4238.944 9.988E-01
  4239.116 9.989E-01
  4239.288 9.989E-01
  4239.459 9.990E-01
  4239.631 9.990E-01
  4239.802 9.990E-01
  4239.974 9.990E-01
  4240.146 9.989E-01
  4240.317 9.988E-01
  4240.489 9.986E-01
  4240.660 9.982E-01
  4240.832 9.974E-01
  4241.004 9.961E-01
  4241.175 9.946E-01
  4241.347 9.931E-01
  4241.518 9.917E-01
  4241.690 9.904E-01
  4241.862 9.893E-01
  4242.033 9.889E-01
  4242.205 9.892E-01
  4242.376 9.903E-01
  4242.548 9.918E-01
  4242.720 9.933E-01
  4242.891 9.947E-01
  4243.063 9.960E-01
  4243.234 9.972E-01
  4243.406 9.981E-01
  4243.578 9.985E-01
  4243.749 9.987E-01
  4243.921 9.987E-01
  4244.092 9.987E-01
  4244.264 9.987E-01
  4244.436 9.986E-01
  4244.607 9.986E-01
  4244.779 9.985E-01
  4244.950 9.985E-01
  4245.122 9.985E-01
  4245.294 9.985E-01
  4245.465 9.985E-01
  4245.637 9.984E-01
  4245.808 9.982E-01
  4245.980 9.979E-01
  4246.152 9.975E-01
  4246.323 9.971E-01
  4246.495 9.969E-01
  4246.666 9.968E-01
  4246.838 9.969E-01
  4247.010 9.971E-01
  4247.181 9.974E-01
  4247.353 9.978E-01
  4247.524 9.982E-01
  4247.696 9.986E-01
  4247.868 9.987E-01
  4248.039 9.988E-01
  4248.211 9.988E-01
  4248.382 9.988E-01
  4248.554 9.987E-01
  4248.726 9.987E-01
  4248.897 9.985E-01
  4249.069 9.981E-01
  4249.240 9.975E-01
  4249.412 9.969E-01
  4249.584 9.965E-01
  4249.755 9.962E-01
  4249.927 9.962E-01
  4250.098 9.963E-01
  4250.270 9.966E-01
  4250.442 9.971E-01
  4250.613 9.977E-01
  4250.785 9.982E-01
  4250.956 9.985E-01
  4251.128 9.986E-01
  4251.300 9.986E-01
  4251.471 9.986E-01
  4251.643 9.985E-01
  4251.814 9.985E-01
  4251.986 9.985E-01
  4252.158 9.985E-01
  4252.329 9.985E-01
  4252.501 9.980E-01
  4252.672 9.969E-01
  4252.844 9.946E-01
  4253.016 9.920E-01
  4253.187 9.896E-01
  4253.359 9.878E-01
  4253.530 9.868E-01
  4253.702 9.866E-01
  4253.874 9.872E-01
  4254.045 9.887E-01
  4254.217 9.910E-01
  4254.388 9.935E-01
  4254.560 9.957E-01
  4254.732 9.970E-01
  4254.903 9.978E-01
  4255.075 9.981E-01
  4255.246 9.983E-01
  4255.418 9.985E-01
  4255.590 9.985E-01
  4255.761 9.986E-01
  4255.933 9.986E-01
  4256.104 9.986E-01
  4256.276 9.985E-01
  4256.448 9.982E-01
  4256.619 9.977E-01
  4256.791 9.970E-01
  4256.962 9.964E-01
  4257.134 9.960E-01
  4257.306 9.958E-01
  4257.477 9.957E-01
  4257.649 9.958E-01
  4257.820 9.961E-01
  4257.992 9.966E-01
  4258.164 9.969E-01
  4258.335 9.968E-01
  4258.507 9.963E-01
  4258.678 9.956E-01
  4258.850 9.951E-01
  4259.022 9.949E-01
  4259.193 9.949E-01
  4259.365 9.951E-01
  4259.536 9.956E-01
  4259.708 9.964E-01
  4259.880 9.972E-01
  4260.051 9.980E-01
  4260.223 9.985E-01
  4260.394 9.986E-01
  4260.566 9.986E-01
  4260.738 9.985E-01
  4260.909 9.984E-01
  4261.081 9.983E-01
  4261.252 9.982E-01
  4261.424 9.981E-01
  4261.596 9.981E-01
  4261.767 9.981E-01
  4261.939 9.982E-01
  4262.110 9.982E-01
  4262.282 9.983E-01
  4262.454 9.983E-01
  4262.625 9.983E-01
  4262.797 9.983E-01
  4262.968 9.982E-01
  4263.140 9.982E-01
  4263.312 9.981E-01
  4263.483 9.981E-01
  4263.655 9.982E-01
  4263.826 9.982E-01
  4263.998 9.983E-01
  4264.170 9.983E-01
  4264.341 9.983E-01
  4264.513 9.983E-01
  4264.684 9.983E-01
  4264.856 9.982E-01
  4265.028 9.981E-01
  4265.199 9.980E-01
  4265.371 9.978E-01
  4265.542 9.973E-01
  4265.714 9.962E-01
  4265.886 9.931E-01
  4266.057 9.855E-01
  4266.229 9.704E-01
  4266.400 9.488E-01
  4266.572 9.255E-01
  4266.744 9.058E-01
  4266.915 8.922E-01
  4267.087 8.856E-01
  4267.258 8.865E-01
  4267.430 8.956E-01
  4267.602 9.125E-01
  4267.773 9.349E-01
  4267.945 9.577E-01
  4268.116 9.753E-01
  4268.288 9.859E-01
  4268.460 9.917E-01
  4268.631 9.948E-01
  4268.803 9.958E-01
  4268.974 9.951E-01
  4269.146 9.937E-01
  4269.318 9.924E-01
  4269.489 9.916E-01
  4269.661 9.912E-01
  4269.832 9.913E-01
  4270.004 9.919E-01
  4270.176 9.930E-01
  4270.347 9.944E-01
  4270.519 9.961E-01
  4270.690 9.973E-01
  4270.862 9.980E-01
  4271.034 9.982E-01
  4271.205 9.982E-01
  4271.377 9.982E-01
  4271.548 9.982E-01
  4271.720 9.982E-01
  4271.892 9.982E-01
  4272.063 9.982E-01
  4272.235 9.982E-01
  4272.406 9.981E-01
  4272.578 9.980E-01
  4272.750 9.978E-01
  4272.921 9.977E-01
  4273.093 9.975E-01
  4273.264 9.975E-01
  4273.436 9.974E-01
  4273.608 9.974E-01
  4273.779 9.974E-01
  4273.951 9.975E-01
  4274.122 9.977E-01
  4274.294 9.978E-01
  4274.466 9.977E-01
  4274.637 9.972E-01
  4274.809 9.965E-01
  4274.980 9.957E-01
  4275.152 9.950E-01
  4275.324 9.945E-01
  4275.495 9.941E-01
  4275.667 9.939E-01
  4275.838 9.936E-01
  4276.010 9.934E-01
  4276.182 9.934E-01
  4276.353 9.935E-01
  4276.525 9.936E-01
  4276.696 9.934E-01
  4276.868 9.932E-01
  4277.040 9.932E-01
  4277.211 9.934E-01
  4277.383 9.937E-01
  4277.554 9.939E-01
  4277.726 9.936E-01
  4277.898 9.930E-01
  4278.069 9.925E-01
  4278.241 9.923E-01
  4278.412 9.924E-01
  4278.584 9.927E-01
  4278.756 9.932E-01
  4278.927 9.939E-01
  4279.099 9.948E-01
  4279.270 9.960E-01
  4279.442 9.969E-01
  4279.614 9.974E-01
  4279.785 9.976E-01
  4279.957 9.977E-01
  4280.128 9.978E-01
  4280.300 9.978E-01
  4280.472 9.977E-01
  4280.643 9.975E-01
  4280.815 9.973E-01
  4280.986 9.971E-01
  4281.158 9.970E-01
  4281.330 9.968E-01
  4281.501 9.967E-01
  4281.673 9.963E-01
  4281.844 9.957E-01
  4282.016 9.949E-01
  4282.188 9.941E-01
  4282.359 9.932E-01
  4282.531 9.925E-01
  4282.702 9.921E-01
  4282.874 9.920E-01
  4283.046 9.922E-01
  4283.217 9.928E-01
  4283.389 9.937E-01
  4283.560 9.946E-01
  4283.732 9.953E-01
  4283.904 9.957E-01
  4284.075 9.954E-01
  4284.247 9.943E-01
  4284.418 9.929E-01
  4284.590 9.918E-01
  4284.762 9.911E-01
  4284.933 9.907E-01
  4285.105 9.907E-01
  4285.276 9.911E-01
  4285.448 9.919E-01
  4285.620 9.931E-01
  4285.791 9.944E-01
  4285.963 9.955E-01
  4286.134 9.960E-01
  4286.306 9.963E-01
  4286.478 9.964E-01
  4286.649 9.966E-01
  4286.821 9.968E-01
  4286.992 9.969E-01
  4287.164 9.970E-01
  4287.336 9.971E-01
  4287.507 9.971E-01
  4287.679 9.970E-01
  4287.850 9.968E-01
  4288.022 9.965E-01
  4288.194 9.961E-01
  4288.365 9.958E-01
  4288.537 9.955E-01
  4288.708 9.954E-01
  4288.880 9.953E-01
  4289.052 9.953E-01
  4289.223 9.954E-01
  4289.395 9.956E-01
  4289.566 9.958E-01
  4289.738 9.960E-01
  4289.910 9.961E-01
  4290.081 9.961E-01
  4290.253 9.961E-01
  4290.424 9.960E-01
  4290.596 9.958E-01
  4290.768 9.955E-01
  4290.939 9.951E-01
  4291.111 9.947E-01
  4291.282 9.943E-01
  4291.454 9.940E-01
  4291.626 9.939E-01
  4291.797 9.941E-01
  4291.969 9.944E-01
  4292.140 9.948E-01
  4292.312 9.953E-01
  4292.484 9.957E-01
  4292.655 9.960E-01
  4292.827 9.962E-01
  4292.998 9.962E-01
  4293.170 9.960E-01
  4293.342 9.952E-01
  4293.513 9.931E-01
  4293.685 9.896E-01
  4293.856 9.858E-01
  4294.028 9.826E-01
  4294.200 9.804E-01
  4294.371 9.792E-01
  4294.543 9.792E-01
  4294.714 9.804E-01
  4294.886 9.827E-01
  4295.058 9.860E-01
  4295.229 9.895E-01
  4295.401 9.920E-01
  4295.572 9.934E-01
  4295.744 9.939E-01
  4295.916 9.940E-01
  4296.087 9.939E-01
  4296.259 9.937E-01
  4296.430 9.937E-01
  4296.602 9.938E-01
  4296.774 9.940E-01
  4296.945 9.942E-01
  4297.117 9.944E-01
  4297.288 9.946E-01
  4297.460 9.948E-01
  4297.632 9.950E-01
  4297.803 9.952E-01
  4297.975 9.952E-01
  4298.146 9.952E-01
  4298.318 9.952E-01
  4298.490 9.951E-01
  4298.661 9.951E-01
  4298.833 9.950E-01
  4299.004 9.950E-01
  4299.176 9.949E-01
  4299.348 9.947E-01
  4299.519 9.946E-01
  4299.691 9.945E-01
  4299.862 9.944E-01
  4300.034 9.943E-01
  4300.206 9.943E-01
  4300.377 9.942E-01
  4300.549 9.942E-01
  4300.720 9.943E-01
  4300.892 9.943E-01
  4301.064 9.943E-01
  4301.235 9.942E-01
  4301.407 9.941E-01
  4301.578 9.940E-01
  4301.750 9.939E-01
  4301.922 9.938E-01
  4302.093 9.937E-01
  4302.265 9.934E-01
  4302.436 9.930E-01
  4302.608 9.925E-01
  4302.780 9.918E-01
  4302.951 9.909E-01
  4303.123 9.898E-01
  4303.294 9.889E-01
  4303.466 9.883E-01
  4303.638 9.881E-01
  4303.809 9.882E-01
  4303.981 9.885E-01
  4304.152 9.889E-01
  4304.324 9.894E-01
  4304.496 9.901E-01
  4304.667 9.908E-01
  4304.839 9.912E-01
  4305.010 9.914E-01
  4305.182 9.915E-01
  4305.354 9.916E-01
  4305.525 9.917E-01
  4305.697 9.918E-01
  4305.868 9.917E-01
  4306.040 9.916E-01
  4306.212 9.915E-01
  4306.383 9.913E-01
  4306.555 9.910E-01
  4306.726 9.906E-01
  4306.898 9.902E-01
  4307.070 9.899E-01
  4307.241 9.897E-01
  4307.413 9.895E-01
  4307.584 9.894E-01
  4307.756 9.894E-01
  4307.928 9.895E-01
  4308.099 9.897E-01
  4308.271 9.899E-01
  4308.442 9.899E-01
  4308.614 9.898E-01
  4308.786 9.897E-01
  4308.957 9.895E-01
  4309.129 9.894E-01
  4309.300 9.892E-01
  4309.472 9.891E-01
  4309.644 9.888E-01
  4309.815 9.886E-01
  4309.987 9.885E-01
  4310.158 9.883E-01
  4310.330 9.882E-01
  4310.502 9.881E-01
  4310.673 9.881E-01
  4310.845 9.881E-01
  4311.016 9.882E-01
  4311.188 9.883E-01
  4311.360 9.883E-01
  4311.531 9.881E-01
  4311.703 9.879E-01
  4311.874 9.877E-01
  4312.046 9.875E-01
  4312.218 9.872E-01
  4312.389 9.868E-01
  4312.561 9.863E-01
  4312.732 9.857E-01
  4312.904 9.852E-01
  4313.076 9.847E-01
  4313.247 9.844E-01
  4313.419 9.842E-01
  4313.590 9.841E-01
  4313.762 9.842E-01
  4313.934 9.843E-01
  4314.105 9.845E-01
  4314.277 9.846E-01
  4314.448 9.845E-01
  4314.620 9.842E-01
  4314.792 9.838E-01
  4314.963 9.835E-01
  4315.135 9.831E-01
  4315.306 9.828E-01
  4315.478 9.825E-01
  4315.650 9.823E-01
  4315.821 9.821E-01
  4315.993 9.818E-01
  4316.164 9.811E-01
  4316.336 9.799E-01
  4316.508 9.783E-01
  4316.679 9.768E-01
  4316.851 9.755E-01
  4317.022 9.747E-01
  4317.194 9.742E-01
  4317.366 9.741E-01
  4317.537 9.742E-01
  4317.709 9.744E-01
  4317.880 9.743E-01
  4318.052 9.740E-01
  4318.224 9.733E-01
  4318.395 9.725E-01
  4318.567 9.717E-01
  4318.738 9.707E-01
  4318.910 9.696E-01
  4319.082 9.687E-01
  4319.253 9.683E-01
  4319.425 9.685E-01
  4319.596 9.689E-01
  4319.768 9.691E-01
  4319.940 9.693E-01
  4320.111 9.698E-01
  4320.283 9.705E-01
  4320.454 9.713E-01
  4320.626 9.717E-01
  4320.798 9.717E-01
  4320.969 9.713E-01
  4321.141 9.707E-01
  4321.312 9.702E-01
  4321.484 9.696E-01
  4321.656 9.690E-01
  4321.827 9.684E-01
  4321.999 9.678E-01
  4322.170 9.671E-01
  4322.342 9.664E-01
  4322.514 9.658E-01
  4322.685 9.650E-01
  4322.857 9.643E-01
  4323.028 9.635E-01
  4323.200 9.627E-01
  4323.372 9.619E-01
  4323.543 9.611E-01
  4323.715 9.603E-01
  4323.886 9.594E-01
  4324.058 9.585E-01
  4324.230 9.576E-01
  4324.401 9.567E-01
  4324.573 9.557E-01
  4324.744 9.545E-01
  4324.916 9.533E-01
  4325.088 9.519E-01
  4325.259 9.504E-01
  4325.431 9.491E-01
  4325.602 9.478E-01
  4325.774 9.465E-01
  4325.946 9.454E-01
  4326.117 9.443E-01
  4326.289 9.432E-01
  4326.460 9.422E-01
  4326.632 9.410E-01
  4326.804 9.397E-01
  4326.975 9.383E-01
  4327.147 9.367E-01
  4327.318 9.351E-01
  4327.490 9.335E-01
  4327.662 9.319E-01
  4327.833 9.301E-01
  4328.005 9.284E-01
  4328.176 9.265E-01
  4328.348 9.245E-01
  4328.520 9.222E-01
  4328.691 9.196E-01
  4328.863 9.170E-01
  4329.034 9.144E-01
  4329.206 9.120E-01
  4329.378 9.096E-01
  4329.549 9.072E-01
  4329.721 9.048E-01
  4329.892 9.026E-01
  4330.064 9.004E-01
  4330.236 8.981E-01
  4330.407 8.955E-01
  4330.579 8.926E-01
  4330.750 8.895E-01
  4330.922 8.864E-01
  4331.094 8.831E-01
  4331.265 8.797E-01
  4331.437 8.761E-01
  4331.608 8.724E-01
  4331.780 8.687E-01
  4331.952 8.648E-01
  4332.123 8.609E-01
  4332.295 8.569E-01
  4332.466 8.528E-01
  4332.638 8.486E-01
  4332.810 8.443E-01
  4332.981 8.398E-01
  4333.153 8.351E-01
  4333.324 8.302E-01
  4333.496 8.252E-01
  4333.668 8.199E-01
  4333.839 8.145E-01
  4334.011 8.088E-01
  4334.182 8.030E-01
  4334.354 7.970E-01
  4334.526 7.908E-01
  4334.697 7.844E-01
  4334.869 7.778E-01
  4335.040 7.710E-01
  4335.212 7.639E-01
  4335.384 7.567E-01
  4335.555 7.492E-01
  4335.727 7.415E-01
  4335.898 7.335E-01
  4336.070 7.254E-01
  4336.242 7.170E-01
  4336.413 7.084E-01
  4336.585 6.996E-01
  4336.756 6.905E-01
  4336.928 6.812E-01
  4337.100 6.717E-01
  4337.271 6.620E-01
  4337.443 6.520E-01
  4337.614 6.418E-01
  4337.786 6.314E-01
  4337.958 6.208E-01
  4338.129 6.099E-01
  4338.301 5.988E-01
  4338.472 5.875E-01
  4338.644 5.759E-01
  4338.816 5.640E-01
  4338.987 5.516E-01
  4339.159 5.384E-01
  4339.330 5.237E-01
  4339.502 5.067E-01
  4339.674 4.877E-01
  4339.845 4.683E-01
  4340.017 4.513E-01
  4340.188 4.389E-01
  4340.360 4.321E-01
  4340.532 4.315E-01
  4340.703 4.371E-01
  4340.875 4.485E-01
  4341.046 4.647E-01
  4341.218 4.838E-01
  4341.390 5.032E-01
  4341.561 5.207E-01
  4341.733 5.359E-01
  4341.904 5.494E-01
  4342.076 5.620E-01
  4342.248 5.740E-01
  4342.419 5.856E-01
  4342.591 5.971E-01
  4342.762 6.082E-01
  4342.934 6.192E-01
  4343.106 6.299E-01
  4343.277 6.404E-01
  4343.449 6.507E-01
  4343.620 6.608E-01
  4343.792 6.707E-01
  4343.964 6.803E-01
  4344.135 6.897E-01
  4344.307 6.989E-01
  4344.478 7.078E-01
  4344.650 7.164E-01
  4344.822 7.247E-01
  4344.993 7.328E-01
  4345.165 7.407E-01
  4345.336 7.484E-01
  4345.508 7.560E-01
  4345.680 7.633E-01
  4345.851 7.705E-01
  4346.023 7.774E-01
  4346.194 7.842E-01
  4346.366 7.908E-01
  4346.538 7.971E-01
  4346.709 8.031E-01
  4346.881 8.089E-01
  4347.052 8.144E-01
  4347.224 8.196E-01
  4347.396 8.246E-01
  4347.567 8.294E-01
  4347.739 8.342E-01
  4347.910 8.390E-01
  4348.082 8.437E-01
  4348.254 8.483E-01
  4348.425 8.526E-01
  4348.597 8.565E-01
  4348.768 8.601E-01
  4348.940 8.636E-01
  4349.112 8.671E-01
  4349.283 8.706E-01
  4349.455 8.742E-01
  4349.626 8.779E-01
  4349.798 8.817E-01
  4349.970 8.856E-01
  4350.141 8.896E-01
  4350.313 8.933E-01
  4350.484 8.964E-01
  4350.656 8.988E-01
  4350.828 9.010E-01
  4350.999 9.029E-01
  4351.171 9.048E-01
  4351.342 9.068E-01
  4351.514 9.090E-01
  4351.686 9.111E-01
  4351.857 9.133E-01
  4352.029 9.156E-01
  4352.200 9.180E-01
  4352.372 9.204E-01
  4352.544 9.228E-01
  4352.715 9.252E-01
  4352.887 9.274E-01
  4353.058 9.295E-01
  4353.230 9.317E-01
  4353.402 9.339E-01
  4353.573 9.359E-01
  4353.745 9.376E-01
  4353.916 9.392E-01
  4354.088 9.407E-01
  4354.260 9.422E-01
  4354.431 9.437E-01
  4354.603 9.451E-01
  4354.774 9.464E-01
  4354.946 9.477E-01
  4355.118 9.490E-01
  4355.289 9.502E-01
  4355.461 9.514E-01
  4355.632 9.526E-01
  4355.804 9.537E-01
  4355.976 9.547E-01
  4356.147 9.557E-01
  4356.319 9.567E-01
  4356.490 9.576E-01
  4356.662 9.585E-01
  4356.834 9.593E-01
  4357.005 9.601E-01
  4357.177 9.609E-01
  4357.348 9.617E-01
  4357.520 9.625E-01
  4357.692 9.633E-01
  4357.863 9.641E-01
  4358.035 9.649E-01
  4358.206 9.657E-01
  4358.378 9.664E-01
  4358.550 9.672E-01
  4358.721 9.678E-01
  4358.893 9.685E-01
  4359.064 9.691E-01
  4359.236 9.697E-01
  4359.408 9.703E-01
  4359.579 9.708E-01
  4359.751 9.714E-01
  4359.922 9.720E-01
  4360.094 9.725E-01
  4360.266 9.730E-01
  4360.437 9.734E-01
  4360.609 9.736E-01
  4360.780 9.736E-01
  4360.952 9.735E-01
  4361.124 9.735E-01
  4361.295 9.736E-01
  4361.467 9.739E-01
  4361.638 9.743E-01
  4361.810 9.749E-01
  4361.982 9.757E-01
  4362.153 9.766E-01
  4362.325 9.775E-01
  4362.496 9.783E-01
  4362.668 9.790E-01
  4362.840 9.795E-01
  4363.011 9.799E-01
  4363.183 9.803E-01
  4363.354 9.806E-01
  4363.526 9.809E-01
  4363.698 9.812E-01
  4363.869 9.813E-01
  4364.041 9.813E-01
  4364.212 9.814E-01
  4364.384 9.814E-01
  4364.556 9.815E-01
  4364.727 9.816E-01
  4364.899 9.817E-01
  4365.070 9.817E-01
  4365.242 9.820E-01
  4365.414 9.823E-01
  4365.585 9.827E-01
  4365.757 9.829E-01
  4365.928 9.827E-01
  4366.100 9.820E-01
  4366.272 9.810E-01
  4366.443 9.802E-01
  4366.615 9.798E-01
  4366.786 9.796E-01
  4366.958 9.797E-01
  4367.130 9.799E-01
  4367.301 9.803E-01
  4367.473 9.806E-01
  4367.644 9.811E-01
  4367.816 9.816E-01
  4367.988 9.818E-01
  4368.159 9.819E-01
  4368.331 9.821E-01
  4368.502 9.825E-01
  4368.674 9.831E-01
  4368.846 9.839E-01
  4369.017 9.848E-01
  4369.189 9.855E-01
  4369.360 9.859E-01
  4369.532 9.861E-01
  4369.704 9.862E-01
  4369.875 9.865E-01
  4370.047 9.868E-01
  4370.218 9.870E-01
  4370.390 9.870E-01
  4370.562 9.866E-01
  4370.733 9.861E-01
  4370.905 9.856E-01
  4371.076 9.851E-01
  4371.248 9.844E-01
  4371.420 9.832E-01
  4371.591 9.813E-01
  4371.763 9.790E-01
  4371.934 9.771E-01
  4372.106 9.758E-01
  4372.278 9.753E-01
  4372.449 9.754E-01
  4372.621 9.762E-01
  4372.792 9.780E-01
  4372.964 9.806E-01
  4373.136 9.835E-01
  4373.307 9.858E-01
  4373.479 9.870E-01
  4373.650 9.870E-01
  4373.822 9.864E-01
  4373.994 9.858E-01
  4374.165 9.854E-01
  4374.337 9.853E-01
  4374.508 9.856E-01
  4374.680 9.863E-01
  4374.852 9.873E-01
  4375.023 9.887E-01
  4375.195 9.899E-01
  4375.366 9.906E-01
  4375.538 9.908E-01
  4375.710 9.905E-01
  4375.881 9.898E-01
  4376.053 9.891E-01
  4376.224 9.883E-01
  4376.396 9.877E-01
  4376.568 9.875E-01
  4376.739 9.875E-01
  4376.911 9.878E-01
  4377.082 9.884E-01
  4377.254 9.892E-01
  4377.426 9.901E-01
  4377.597 9.908E-01
  4377.769 9.912E-01
  4377.940 9.914E-01
  4378.112 9.914E-01
  4378.284 9.913E-01
  4378.455 9.913E-01
  4378.627 9.912E-01
  4378.798 9.910E-01
  4378.970 9.907E-01
  4379.142 9.905E-01
  4379.313 9.904E-01
  4379.485 9.903E-01
  4379.656 9.903E-01
  4379.828 9.904E-01
  4380.000 9.904E-01
  4380.171 9.905E-01
  4380.343 9.907E-01
  4380.514 9.908E-01
  4380.686 9.907E-01
  4380.858 9.904E-01
  4381.029 9.900E-01
  4381.201 9.895E-01
  4381.372 9.889E-01
  4381.544 9.881E-01
  4381.716 9.873E-01
  4381.887 9.864E-01
  4382.059 9.855E-01
  4382.230 9.847E-01
  4382.402 9.839E-01
  4382.574 9.832E-01
  4382.745 9.825E-01
  4382.917 9.819E-01
  4383.088 9.813E-01
  4383.260 9.808E-01
  4383.432 9.802E-01
  4383.603 9.793E-01
  4383.775 9.778E-01
  4383.946 9.759E-01
  4384.118 9.739E-01
  4384.290 9.719E-01
  4384.461 9.701E-01
  4384.633 9.681E-01
  4384.804 9.659E-01
  4384.976 9.636E-01
  4385.148 9.610E-01
  4385.319 9.580E-01
  4385.491 9.540E-01
  4385.662 9.485E-01
  4385.834 9.414E-01
  4386.006 9.329E-01
  4386.177 9.230E-01
  4386.349 9.116E-01
  4386.520 8.975E-01
  4386.692 8.803E-01
  4386.864 8.594E-01
  4387.035 8.342E-01
  4387.207 8.055E-01
  4387.378 7.766E-01
  4387.550 7.515E-01
  4387.722 7.332E-01
  4387.893 7.238E-01
  4388.065 7.244E-01
  4388.236 7.349E-01
  4388.408 7.541E-01
  4388.580 7.801E-01
  4388.751 8.099E-01
  4388.923 8.392E-01
  4389.094 8.648E-01
  4389.266 8.858E-01
  4389.438 9.026E-01
  4389.609 9.156E-01
  4389.781 9.251E-01
  4389.952 9.322E-01
  4390.124 9.380E-01
  4390.296 9.432E-01
  4390.467 9.481E-01
  4390.639 9.528E-01
  4390.810 9.574E-01
  4390.982 9.620E-01
  4391.154 9.666E-01
  4391.325 9.713E-01
  4391.497 9.755E-01
  4391.668 9.785E-01
  4391.840 9.806E-01
  4392.012 9.822E-01
  4392.183 9.837E-01
  4392.355 9.850E-01
  4392.526 9.864E-01
  4392.698 9.876E-01
  4392.870 9.885E-01
  4393.041 9.893E-01
  4393.213 9.899E-01
  4393.384 9.904E-01
  4393.556 9.909E-01
  4393.728 9.913E-01
  4393.899 9.917E-01
  4394.071 9.920E-01
  4394.242 9.923E-01
  4394.414 9.924E-01
  4394.586 9.925E-01
  4394.757 9.924E-01
  4394.929 9.919E-01
  4395.100 9.910E-01
  4395.272 9.901E-01
  4395.444 9.894E-01
  4395.615 9.891E-01
  4395.787 9.892E-01
  4395.958 9.895E-01
  4396.130 9.902E-01
  4396.302 9.912E-01
  4396.473 9.924E-01
  4396.645 9.937E-01
  4396.816 9.947E-01
  4396.988 9.952E-01
  4397.160 9.955E-01
  4397.331 9.956E-01
  4397.503 9.957E-01
  4397.674 9.958E-01
  4397.846 9.959E-01
  4398.018 9.959E-01
  4398.189 9.960E-01
  4398.361 9.961E-01
  4398.532 9.962E-01
  4398.704 9.963E-01
  4398.876 9.964E-01
  4399.047 9.964E-01
  4399.219 9.964E-01
  4399.390 9.963E-01
  4399.562 9.963E-01
  4399.734 9.963E-01
  4399.905 9.962E-01
  4400.077 9.961E-01
  4400.248 9.960E-01
  4400.420 9.958E-01
  4400.592 9.958E-01
  4400.763 9.958E-01
  4400.935 9.959E-01
  4401.106 9.960E-01
  4401.278 9.961E-01
  4401.450 9.962E-01
  4401.621 9.964E-01
  4401.793 9.966E-01
  4401.964 9.968E-01
  4402.136 9.968E-01
  4402.308 9.968E-01
  4402.479 9.968E-01
  4402.651 9.968E-01
  4402.822 9.969E-01
  4402.994 9.970E-01
  4403.166 9.970E-01
  4403.337 9.971E-01
  4403.509 9.971E-01
  4403.680 9.971E-01
  4403.852 9.972E-01
  4404.024 9.972E-01
  4404.195 9.972E-01
  4404.367 9.973E-01
  4404.538 9.973E-01
  4404.710 9.974E-01
  4404.882 9.975E-01
  4405.053 9.976E-01
  4405.225 9.976E-01
  4405.396 9.975E-01
  4405.568 9.975E-01
  4405.740 9.975E-01
  4405.911 9.975E-01
  4406.083 9.975E-01
  4406.254 9.975E-01
  4406.426 9.975E-01
  4406.598 9.976E-01
  4406.769 9.976E-01
  4406.941 9.977E-01
  4407.112 9.978E-01
  4407.284 9.978E-01
  4407.456 9.979E-01
  4407.627 9.980E-01
  4407.799 9.980E-01
  4407.970 9.980E-01
  4408.142 9.978E-01
  4408.314 9.974E-01
  4408.485 9.969E-01
  4408.657 9.963E-01
  4408.828 9.957E-01
  4409.000 9.951E-01
  4409.172 9.942E-01
  4409.343 9.933E-01
  4409.515 9.926E-01
  4409.686 9.923E-01
  4409.858 9.925E-01
  4410.030 9.928E-01
  4410.201 9.928E-01
  4410.373 9.923E-01
  4410.544 9.914E-01
  4410.716 9.903E-01
  4410.888 9.891E-01
  4411.059 9.881E-01
  4411.231 9.875E-01
  4411.402 9.874E-01
  4411.574 9.880E-01
  4411.746 9.893E-01
  4411.917 9.912E-01
  4412.089 9.934E-01
  4412.260 9.954E-01
  4412.432 9.969E-01
  4412.604 9.976E-01
  4412.775 9.978E-01
  4412.947 9.978E-01
  4413.118 9.978E-01
  4413.290 9.978E-01
  4413.462 9.978E-01
  4413.633 9.977E-01
  4413.805 9.972E-01
  4413.976 9.959E-01
  4414.148 9.936E-01
  4414.320 9.910E-01
  4414.491 9.888E-01
  4414.663 9.873E-01
  4414.834 9.865E-01
  4415.006 9.866E-01
  4415.178 9.874E-01
  4415.349 9.890E-01
  4415.521 9.914E-01
  4415.692 9.940E-01
  4415.864 9.958E-01
  4416.036 9.960E-01
  4416.207 9.946E-01
  4416.379 9.925E-01
  4416.550 9.908E-01
  4416.722 9.895E-01
  4416.894 9.890E-01
  4417.065 9.890E-01
  4417.237 9.897E-01
  4417.408 9.910E-01
  4417.580 9.929E-01
  4417.752 9.951E-01
  4417.923 9.970E-01
  4418.095 9.979E-01
  4418.266 9.983E-01
  4418.438 9.982E-01
  4418.610 9.976E-01
  4418.781 9.965E-01
  4418.953 9.950E-01
  4419.124 9.937E-01
  4419.296 9.928E-01
  4419.468 9.924E-01
  4419.639 9.923E-01
  4419.811 9.926E-01
  4419.982 9.933E-01
  4420.154 9.944E-01
  4420.326 9.958E-01
  4420.497 9.972E-01
  4420.669 9.980E-01
  4420.840 9.983E-01
  4421.012 9.984E-01
  4421.184 9.985E-01
  4421.355 9.986E-01
  4421.527 9.987E-01
  4421.698 9.987E-01
  4421.870 9.988E-01
  4422.042 9.988E-01
  4422.213 9.988E-01
  4422.385 9.988E-01
  4422.556 9.988E-01
  4422.728 9.988E-01
  4422.900 9.988E-01
  4423.071 9.988E-01
  4423.243 9.988E-01
  4423.414 9.988E-01
  4423.586 9.988E-01
  4423.758 9.988E-01
  4423.929 9.988E-01
  4424.101 9.988E-01
  4424.272 9.988E-01
  4424.444 9.988E-01
  4424.616 9.988E-01
  4424.787 9.988E-01
  4424.959 9.986E-01
  4425.130 9.981E-01
  4425.302 9.973E-01
  4425.474 9.966E-01
  4425.645 9.961E-01
  4425.817 9.957E-01
  4425.988 9.956E-01
  4426.160 9.956E-01
  4426.332 9.958E-01
  4426.503 9.961E-01
  4426.675 9.966E-01
  4426.846 9.970E-01
  4427.018 9.971E-01
  4427.190 9.967E-01
  4427.361 9.961E-01
  4427.533 9.955E-01
  4427.704 9.952E-01
  4427.876 9.951E-01
  4428.048 9.953E-01
  4428.219 9.956E-01
  4428.391 9.961E-01
  4428.562 9.967E-01
  4428.734 9.975E-01
  4428.906 9.982E-01
  4429.077 9.985E-01
  4429.249 9.986E-01
  4429.420 9.983E-01
  4429.592 9.980E-01
  4429.764 9.976E-01
  4429.935 9.973E-01
  4430.107 9.967E-01
  4430.278 9.959E-01
  4430.450 9.951E-01
  4430.622 9.945E-01
  4430.793 9.943E-01
  4430.965 9.943E-01
  4431.136 9.945E-01
  4431.308 9.947E-01
  4431.480 9.951E-01
  4431.651 9.955E-01
  4431.823 9.958E-01
  4431.994 9.958E-01
  4432.166 9.954E-01
  4432.338 9.950E-01
  4432.509 9.948E-01
  4432.681 9.946E-01
  4432.852 9.944E-01
  4433.024 9.941E-01
  4433.196 9.935E-01
  4433.367 9.929E-01
  4433.539 9.926E-01
  4433.710 9.924E-01
  4433.882 9.924E-01
  4434.054 9.925E-01
  4434.225 9.929E-01
  4434.397 9.936E-01
  4434.568 9.945E-01
  4434.740 9.955E-01
  4434.912 9.964E-01
  4435.083 9.968E-01
  4435.255 9.967E-01
  4435.426 9.962E-01
  4435.598 9.953E-01
  4435.770 9.938E-01
  4435.941 9.919E-01
  4436.113 9.894E-01
  4436.284 9.857E-01
  4436.456 9.794E-01
  4436.628 9.697E-01
  4436.799 9.569E-01
  4436.971 9.433E-01
  4437.142 9.317E-01
  4437.314 9.240E-01
  4437.486 9.205E-01
  4437.657 9.215E-01
  4437.829 9.268E-01
  4438.000 9.363E-01
  4438.172 9.491E-01
  4438.344 9.631E-01
  4438.515 9.756E-01
  4438.687 9.844E-01
  4438.858 9.897E-01
  4439.030 9.926E-01
  4439.202 9.942E-01
  4439.373 9.952E-01
  4439.545 9.959E-01
  4439.716 9.964E-01
  4439.888 9.967E-01
  4440.060 9.970E-01
  4440.231 9.973E-01
  4440.403 9.975E-01
  4440.574 9.977E-01
  4440.746 9.979E-01
  4440.918 9.979E-01
  4441.089 9.978E-01
  4441.261 9.976E-01
  4441.432 9.973E-01
  4441.604 9.970E-01
  4441.776 9.968E-01
  4441.947 9.967E-01
  4442.119 9.966E-01
  4442.290 9.965E-01
  4442.462 9.966E-01
  4442.634 9.968E-01
  4442.805 9.971E-01
  4442.977 9.973E-01
  4443.148 9.974E-01
  4443.320 9.975E-01
  4443.492 9.975E-01
  4443.663 9.977E-01
  4443.835 9.979E-01
  4444.006 9.980E-01
  4444.178 9.981E-01
  4444.350 9.982E-01
  4444.521 9.983E-01
  4444.693 9.984E-01
  4444.864 9.985E-01
  4445.036 9.985E-01
  4445.208 9.986E-01
  4445.379 9.986E-01
  4445.551 9.985E-01
  4445.722 9.983E-01
  4445.894 9.979E-01
  4446.066 9.971E-01
  4446.237 9.956E-01
  4446.409 9.938E-01
  4446.580 9.923E-01
  4446.752 9.913E-01
  4446.924 9.908E-01
  4447.095 9.908E-01
  4447.267 9.911E-01
  4447.438 9.917E-01
  4447.610 9.926E-01
  4447.782 9.938E-01
  4447.953 9.950E-01
  4448.125 9.957E-01
  4448.296 9.960E-01
  4448.468 9.962E-01
  4448.640 9.964E-01
  4448.811 9.968E-01
  4448.983 9.973E-01
  4449.154 9.978E-01
  4449.326 9.982E-01
  4449.498 9.983E-01
  4449.669 9.984E-01
  4449.841 9.984E-01
  4450.012 9.984E-01
  4450.184 9.984E-01
  4450.356 9.984E-01
  4450.527 9.983E-01
  4450.699 9.983E-01
  4450.870 9.981E-01
  4451.042 9.980E-01
  4451.214 9.978E-01
  4451.385 9.975E-01
  4451.557 9.970E-01
  4451.728 9.964E-01
  4451.900 9.959E-01
  4452.072 9.956E-01
  4452.243 9.955E-01
  4452.415 9.956E-01
  4452.586 9.958E-01
  4452.758 9.961E-01
  4452.930 9.965E-01
  4453.101 9.971E-01
  4453.273 9.976E-01
  4453.444 9.980E-01
  4453.616 9.981E-01
  4453.788 9.981E-01
  4453.959 9.981E-01
  4454.131 9.981E-01
  4454.302 9.980E-01
  4454.474 9.980E-01
  4454.646 9.979E-01
  4454.817 9.978E-01
  4454.989 9.977E-01
  4455.160 9.976E-01
  4455.332 9.974E-01
  4455.504 9.972E-01
  4455.675 9.968E-01
  4455.847 9.964E-01
  4456.018 9.961E-01
  4456.190 9.959E-01
  4456.362 9.958E-01
  4456.533 9.958E-01
  4456.705 9.959E-01
  4456.876 9.961E-01
  4457.048 9.964E-01
  4457.220 9.968E-01
  4457.391 9.970E-01
  4457.563 9.971E-01
  4457.734 9.971E-01
  4457.906 9.970E-01
  4458.078 9.970E-01
  4458.249 9.969E-01
  4458.421 9.968E-01
  4458.592 9.967E-01
  4458.764 9.966E-01
  4458.936 9.965E-01
  4459.107 9.964E-01
  4459.279 9.962E-01
  4459.450 9.961E-01
  4459.622 9.959E-01
  4459.794 9.958E-01
  4459.965 9.956E-01
  4460.137 9.955E-01
  4460.308 9.954E-01
  4460.480 9.953E-01
  4460.652 9.951E-01
  4460.823 9.950E-01
  4460.995 9.948E-01
  4461.166 9.946E-01
  4461.338 9.943E-01
  4461.510 9.941E-01
  4461.681 9.940E-01
  4461.853 9.938E-01
  4462.024 9.936E-01
  4462.196 9.933E-01
  4462.368 9.930E-01
  4462.539 9.923E-01
  4462.711 9.910E-01
  4462.882 9.893E-01
  4463.054 9.875E-01
  4463.226 9.860E-01
  4463.397 9.850E-01
  4463.569 9.844E-01
  4463.740 9.842E-01
  4463.912 9.843E-01
  4464.084 9.849E-01
  4464.255 9.857E-01
  4464.427 9.866E-01
  4464.598 9.870E-01
  4464.770 9.867E-01
  4464.942 9.860E-01
  4465.113 9.850E-01
  4465.285 9.840E-01
  4465.456 9.828E-01
  4465.628 9.815E-01
  4465.800 9.802E-01
  4465.971 9.788E-01
  4466.143 9.773E-01
  4466.314 9.756E-01
  4466.486 9.737E-01
  4466.658 9.715E-01
  4466.829 9.689E-01
  4467.001 9.660E-01
  4467.172 9.627E-01
  4467.344 9.591E-01
  4467.516 9.550E-01
  4467.687 9.504E-01
  4467.859 9.454E-01
  4468.030 9.397E-01
  4468.202 9.334E-01
  4468.374 9.262E-01
  4468.545 9.179E-01
  4468.717 9.082E-01
  4468.888 8.969E-01
  4469.060 8.841E-01
  4469.232 8.701E-01
  4469.403 8.562E-01
  4469.575 8.436E-01
  4469.746 8.332E-01
  4469.918 8.249E-01
  4470.090 8.176E-01
  4470.261 8.092E-01
  4470.433 7.963E-01
  4470.604 7.758E-01
  4470.776 7.482E-01
  4470.948 7.172E-01
  4471.119 6.882E-01
  4471.291 6.657E-01
  4471.462 6.527E-01
  4471.634 6.512E-01
  4471.806 6.622E-01
  4471.977 6.857E-01
  4472.149 7.196E-01
  4472.320 7.591E-01
  4472.492 7.977E-01
  4472.664 8.304E-01
  4472.835 8.559E-01
  4473.007 8.758E-01
  4473.178 8.918E-01
  4473.350 9.051E-01
  4473.522 9.163E-01
  4473.693 9.258E-01
  4473.865 9.337E-01
  4474.036 9.405E-01
  4474.208 9.463E-01
  4474.380 9.515E-01
  4474.551 9.562E-01
  4474.723 9.605E-01
  4474.894 9.644E-01
  4475.066 9.680E-01
  4475.238 9.712E-01
  4475.409 9.741E-01
  4475.581 9.766E-01
  4475.752 9.788E-01
  4475.924 9.807E-01
  4476.096 9.823E-01
  4476.267 9.837E-01
  4476.439 9.849E-01
  4476.610 9.859E-01
  4476.782 9.868E-01
  4476.954 9.876E-01
  4477.125 9.883E-01
  4477.297 9.890E-01
  4477.468 9.896E-01
  4477.640 9.901E-01
  4477.812 9.906E-01
  4477.983 9.911E-01
  4478.155 9.916E-01
  4478.326 9.921E-01
  4478.498 9.925E-01
  4478.670 9.927E-01
  4478.841 9.926E-01
  4479.013 9.917E-01
  4479.184 9.901E-01
  4479.356 9.884E-01
  4479.528 9.869E-01
  4479.699 9.858E-01
  4479.871 9.841E-01
  4480.042 9.796E-01
  4480.214 9.681E-01
  4480.386 9.473E-01
  4480.557 9.210E-01
  4480.729 8.968E-01
  4480.900 8.790E-01
  4481.072 8.687E-01
  4481.244 8.662E-01
  4481.415 8.717E-01
  4481.587 8.855E-01
  4481.758 9.073E-01
  4481.930 9.350E-01
  4482.102 9.623E-01
  4482.273 9.820E-01
  4482.445 9.916E-01
  4482.616 9.947E-01
  4482.788 9.951E-01
  4482.960 9.949E-01
  4483.131 9.946E-01
  4483.303 9.945E-01
  4483.474 9.946E-01
  4483.646 9.948E-01
  4483.818 9.952E-01
  4483.989 9.958E-01
  4484.161 9.965E-01
  4484.332 9.972E-01
  4484.504 9.976E-01
  4484.676 9.978E-01
  4484.847 9.979E-01
  4485.019 9.980E-01
  4485.190 9.981E-01
  4485.362 9.981E-01
  4485.534 9.980E-01
  4485.705 9.977E-01
  4485.877 9.971E-01
  4486.048 9.964E-01
  4486.220 9.959E-01
  4486.392 9.956E-01
  4486.563 9.955E-01
  4486.735 9.955E-01
  4486.906 9.957E-01
  4487.078 9.960E-01
  4487.250 9.965E-01
  4487.421 9.970E-01
  4487.593 9.975E-01
  4487.764 9.977E-01
  4487.936 9.978E-01
  4488.108 9.977E-01
  4488.279 9.977E-01
  4488.451 9.976E-01
  4488.622 9.974E-01
  4488.794 9.974E-01
  4488.966 9.974E-01
  4489.137 9.974E-01
  4489.309 9.974E-01
  4489.480 9.975E-01
  4489.652 9.977E-01
  4489.824 9.979E-01
  4489.995 9.982E-01
  4490.167 9.985E-01
  4490.338 9.987E-01
  4490.510 9.987E-01
  4490.682 9.986E-01
  4490.853 9.985E-01
  4491.025 9.984E-01
  4491.196 9.983E-01
  4491.368 9.983E-01
  4491.540 9.982E-01
  4491.711 9.981E-01
  4491.883 9.982E-01
  4492.054 9.983E-01
  4492.226 9.984E-01
  4492.398 9.986E-01
  4492.569 9.987E-01
  4492.741 9.988E-01
  4492.912 9.989E-01
  4493.084 9.990E-01
  4493.256 9.991E-01
  4493.427 9.991E-01
  4493.599 9.991E-01
  4493.770 9.991E-01
  4493.942 9.991E-01
  4494.114 9.991E-01
  4494.285 9.992E-01
  4494.457 9.992E-01
  4494.628 9.992E-01
  4494.800 9.992E-01
  4494.972 9.992E-01
  4495.143 9.992E-01
  4495.315 9.991E-01
  4495.486 9.991E-01
  4495.658 9.991E-01
  4495.830 9.991E-01
  4496.001 9.991E-01
  4496.173 9.991E-01
  4496.344 9.992E-01
  4496.516 9.992E-01
  4496.688 9.992E-01
  4496.859 9.992E-01
  4497.031 9.990E-01
  4497.202 9.987E-01
  4497.374 9.984E-01
  4497.546 9.982E-01
  4497.717 9.980E-01
  4497.889 9.980E-01
  4498.060 9.980E-01
  4498.232 9.981E-01
  4498.404 9.982E-01
  4498.575 9.984E-01
  4498.747 9.986E-01
  4498.918 9.987E-01
  4499.090 9.988E-01
  4499.262 9.988E-01
  4499.433 9.988E-01
  4499.605 9.989E-01
  4499.776 9.990E-01
  4499.948 9.991E-01
  4500.120 9.991E-01
  4500.291 9.991E-01
  4500.463 9.990E-01
  4500.634 9.989E-01
  4500.806 9.987E-01
  4500.978 9.987E-01
  4501.149 9.987E-01
  4501.321 9.987E-01
  4501.492 9.988E-01
  4501.664 9.990E-01
  4501.836 9.991E-01
  4502.007 9.993E-01
  4502.179 9.994E-01
  4502.350 9.995E-01
  4502.522 9.995E-01
  4502.694 9.995E-01
  4502.865 9.995E-01
  4503.037 9.995E-01
  4503.208 9.995E-01
  4503.380 9.995E-01
  4503.552 9.995E-01
  4503.723 9.995E-01
  4503.895 9.995E-01
  4504.066 9.995E-01
  4504.238 9.995E-01
  4504.410 9.995E-01
  4504.581 9.995E-01
  4504.753 9.995E-01
  4504.924 9.995E-01
  4505.096 9.995E-01
  4505.268 9.995E-01
  4505.439 9.995E-01
  4505.611 9.995E-01
  4505.782 9.995E-01
  4505.954 9.995E-01
  4506.126 9.995E-01
  4506.297 9.995E-01
  4506.469 9.995E-01
  4506.640 9.994E-01
  4506.812 9.992E-01
  4506.984 9.990E-01
  4507.155 9.988E-01
  4507.327 9.985E-01
  4507.498 9.980E-01
  4507.670 9.975E-01
  4507.842 9.971E-01
  4508.013 9.969E-01
  4508.185 9.968E-01
  4508.356 9.968E-01
  4508.528 9.969E-01
  4508.700 9.972E-01
  4508.871 9.975E-01
  4509.043 9.980E-01
  4509.214 9.985E-01
  4509.386 9.988E-01
  4509.558 9.990E-01
  4509.729 9.992E-01
  4509.901 9.993E-01
  4510.072 9.994E-01
  4510.244 9.995E-01
  4510.416 9.996E-01
  4510.587 9.996E-01
  4510.759 9.996E-01
  4510.930 9.996E-01
  4511.102 9.995E-01
  4511.274 9.994E-01
  4511.445 9.990E-01
  4511.617 9.979E-01
  4511.788 9.959E-01
  4511.960 9.937E-01
  4512.132 9.919E-01
  4512.303 9.907E-01
  4512.475 9.901E-01
  4512.646 9.901E-01
  4512.818 9.907E-01
  4512.990 9.919E-01
  4513.161 9.936E-01
  4513.333 9.957E-01
  4513.504 9.976E-01
  4513.676 9.985E-01
  4513.848 9.988E-01
  4514.019 9.988E-01
  4514.191 9.987E-01
  4514.362 9.985E-01
  4514.534 9.983E-01
  4514.706 9.981E-01
  4514.877 9.980E-01
  4515.049 9.981E-01
  4515.220 9.982E-01
  4515.392 9.983E-01
  4515.564 9.984E-01
  4515.735 9.985E-01
  4515.907 9.987E-01
  4516.078 9.990E-01
  4516.250 9.992E-01
  4516.422 9.993E-01
  4516.593 9.992E-01
  4516.765 9.992E-01
  4516.936 9.991E-01
  4517.108 9.991E-01
  4517.280 9.991E-01
  4517.451 9.992E-01
  4517.623 9.992E-01
  4517.794 9.993E-01
  4517.966 9.994E-01
  4518.138 9.995E-01
  4518.309 9.995E-01
  4518.481 9.995E-01
  4518.652 9.995E-01
  4518.824 9.995E-01
  4518.996 9.995E-01
  4519.167 9.994E-01
  4519.339 9.993E-01
  4519.510 9.991E-01
  4519.682 9.990E-01
  4519.854 9.988E-01
  4520.025 9.988E-01
  4520.197 9.988E-01
  4520.368 9.988E-01
  4520.540 9.989E-01
  4520.712 9.990E-01
  4520.883 9.992E-01
  4521.055 9.994E-01
  4521.226 9.995E-01
  4521.398 9.996E-01
  4521.570 9.994E-01
  4521.741 9.990E-01
  4521.913 9.982E-01
  4522.084 9.975E-01
  4522.256 9.970E-01
  4522.428 9.966E-01
  4522.599 9.965E-01
  4522.771 9.966E-01
  4522.942 9.968E-01
  4523.114 9.972E-01
  4523.286 9.978E-01
  4523.457 9.982E-01
  4523.629 9.977E-01
  4523.800 9.954E-01
  4523.972 9.909E-01
  4524.144 9.853E-01
  4524.315 9.799E-01
  4524.487 9.759E-01
  4524.658 9.736E-01
  4524.830 9.729E-01
  4525.002 9.740E-01
  4525.173 9.768E-01
  4525.345 9.812E-01
  4525.516 9.868E-01
  4525.688 9.923E-01
  4525.860 9.964E-01
  4526.031 9.986E-01
  4526.203 9.994E-01
  4526.374 9.996E-01
  4526.546 9.996E-01
  4526.718 9.996E-01
  4526.889 9.996E-01
  4527.061 9.996E-01
  4527.232 9.996E-01
  4527.404 9.996E-01
  4527.576 9.996E-01
  4527.747 9.995E-01
  4527.919 9.991E-01
  4528.090 9.979E-01
  4528.262 9.956E-01
  4528.434 9.921E-01
  4528.605 9.885E-01
  4528.777 9.858E-01
  4528.948 9.841E-01
  4529.120 9.833E-01
  4529.292 9.835E-01
  4529.463 9.845E-01
  4529.635 9.862E-01
  4529.806 9.888E-01
  4529.978 9.917E-01
  4530.150 9.943E-01
  4530.321 9.957E-01
  4530.493 9.963E-01
  4530.664 9.966E-01
  4530.836 9.970E-01
  4531.008 9.976E-01
  4531.179 9.982E-01
  4531.351 9.989E-01
  4531.522 9.993E-01
  4531.694 9.995E-01
  4531.866 9.995E-01
  4532.037 9.995E-01
  4532.209 9.996E-01
  4532.380 9.996E-01
  4532.552 9.996E-01
  4532.724 9.996E-01
  4532.895 9.996E-01
  4533.067 9.995E-01
  4533.238 9.992E-01
  4533.410 9.987E-01
  4533.582 9.980E-01
  4533.753 9.974E-01
  4533.925 9.969E-01
  4534.096 9.966E-01
  4534.268 9.966E-01
  4534.440 9.967E-01
  4534.611 9.970E-01
  4534.783 9.975E-01
  4534.954 9.982E-01
  4535.126 9.989E-01
  4535.298 9.994E-01
  4535.469 9.996E-01
  4535.641 9.997E-01
  4535.812 9.997E-01
  4535.984 9.997E-01
  4536.156 9.997E-01
  4536.327 9.997E-01
  4536.499 9.997E-01
  4536.670 9.997E-01
  4536.842 9.997E-01
  4537.014 9.997E-01
  4537.185 9.996E-01
  4537.357 9.996E-01
  4537.528 9.996E-01
  4537.700 9.996E-01
  4537.872 9.996E-01
  4538.043 9.997E-01
  4538.215 9.997E-01
  4538.386 9.997E-01
  4538.558 9.997E-01
  4538.730 9.997E-01
  4538.901 9.997E-01
  4539.073 9.997E-01
  4539.244 9.997E-01
  4539.416 9.997E-01
  4539.588 9.997E-01
  4539.759 9.997E-01
  4539.931 9.997E-01
  4540.102 9.997E-01
  4540.274 9.997E-01
  4540.446 9.997E-01
  4540.617 9.997E-01
  4540.789 9.996E-01
  4540.960 9.996E-01
  4541.132 9.995E-01
  4541.304 9.995E-01
  4541.475 9.995E-01
  4541.647 9.995E-01
  4541.818 9.995E-01
  4541.990 9.995E-01
  4542.162 9.996E-01
  4542.333 9.997E-01
  4542.505 9.997E-01
  4542.676 9.998E-01
  4542.848 9.998E-01
  4543.020 9.998E-01
  4543.191 9.998E-01
  4543.363 9.998E-01
  4543.534 9.998E-01
  4543.706 9.998E-01
  4543.878 9.997E-01
  4544.049 9.996E-01
  4544.221 9.995E-01
  4544.392 9.993E-01
  4544.564 9.991E-01
  4544.736 9.990E-01
  4544.907 9.989E-01
  4545.079 9.989E-01
  4545.250 9.989E-01
  4545.422 9.990E-01
  4545.594 9.992E-01
  4545.765 9.994E-01
  4545.937 9.995E-01
  4546.108 9.997E-01
  4546.280 9.997E-01
  4546.452 9.998E-01
  4546.623 9.998E-01
  4546.795 9.998E-01
  4546.966 9.998E-01
  4547.138 9.998E-01
  4547.310 9.998E-01
  4547.481 9.998E-01
  4547.653 9.998E-01
  4547.824 9.998E-01
  4547.996 9.997E-01
  4548.168 9.996E-01
  4548.339 9.993E-01
  4548.511 9.985E-01
  4548.682 9.972E-01
  4548.854 9.956E-01
  4549.026 9.943E-01
  4549.197 9.935E-01
  4549.369 9.930E-01
  4549.540 9.930E-01
  4549.712 9.934E-01
  4549.884 9.942E-01
  4550.055 9.954E-01
  4550.227 9.969E-01
  4550.398 9.984E-01
  4550.570 9.992E-01
  4550.742 9.996E-01
  4550.913 9.997E-01
  4551.085 9.996E-01
  4551.256 9.990E-01
  4551.428 9.972E-01
  4551.600 9.930E-01
  4551.771 9.862E-01
  4551.943 9.783E-01
  4552.114 9.714E-01
  4552.286 9.667E-01
  4552.458 9.642E-01
  4552.629 9.639E-01
  4552.801 9.658E-01
  4552.972 9.700E-01
  4553.144 9.764E-01
  4553.316 9.841E-01
  4553.487 9.914E-01
  4553.659 9.963E-01
  4553.830 9.986E-01
  4554.002 9.992E-01
  4554.174 9.993E-01
  4554.345 9.993E-01
  4554.517 9.993E-01
  4554.688 9.992E-01
  4554.860 9.991E-01
  4555.032 9.988E-01
  4555.203 9.984E-01
  4555.375 9.981E-01
  4555.546 9.979E-01
  4555.718 9.979E-01
  4555.890 9.979E-01
  4556.061 9.980E-01
  4556.233 9.982E-01
  4556.404 9.985E-01
  4556.576 9.988E-01
  4556.748 9.992E-01
  4556.919 9.995E-01
  4557.091 9.996E-01
  4557.262 9.996E-01
  4557.434 9.995E-01
  4557.606 9.994E-01
  4557.777 9.991E-01
  4557.949 9.988E-01
  4558.120 9.985E-01
  4558.292 9.983E-01
  4558.464 9.982E-01
  4558.635 9.982E-01
  4558.807 9.983E-01
  4558.978 9.984E-01
  4559.150 9.987E-01
  4559.322 9.990E-01
  4559.493 9.993E-01
  4559.665 9.996E-01
  4559.836 9.997E-01
  4560.008 9.998E-01
  4560.180 9.998E-01
  4560.351 9.998E-01
  4560.523 9.998E-01
  4560.694 9.998E-01
  4560.866 9.998E-01
  4561.038 9.998E-01
  4561.209 9.998E-01
  4561.381 9.998E-01
  4561.552 9.998E-01
  4561.724 9.998E-01
  4561.896 9.998E-01
  4562.067 9.998E-01
  4562.239 9.998E-01
  4562.410 9.998E-01
  4562.582 9.998E-01
  4562.754 9.997E-01
  4562.925 9.997E-01
  4563.097 9.996E-01
  4563.268 9.995E-01
  4563.440 9.995E-01
  4563.612 9.995E-01
  4563.783 9.995E-01
  4563.955 9.995E-01
  4564.126 9.995E-01
  4564.298 9.995E-01
  4564.470 9.995E-01
  4564.641 9.995E-01
  4564.813 9.995E-01
  4564.984 9.995E-01
  4565.156 9.995E-01
  4565.328 9.996E-01
  4565.499 9.996E-01
  4565.671 9.996E-01
  4565.842 9.997E-01
  4566.014 9.997E-01
  4566.186 9.997E-01
  4566.357 9.997E-01
  4566.529 9.995E-01
  4566.700 9.987E-01
  4566.872 9.964E-01
  4567.044 9.923E-01
  4567.215 9.877E-01
  4567.387 9.838E-01
  4567.558 9.812E-01
  4567.730 9.798E-01
  4567.902 9.796E-01
  4568.073 9.806E-01
  4568.245 9.829E-01
  4568.416 9.865E-01
  4568.588 9.910E-01
  4568.760 9.953E-01
  4568.931 9.979E-01
  4569.103 9.989E-01
  4569.274 9.990E-01
  4569.446 9.990E-01
  4569.618 9.989E-01
  4569.789 9.988E-01
  4569.961 9.989E-01
  4570.132 9.989E-01
  4570.304 9.991E-01
  4570.476 9.993E-01
  4570.647 9.995E-01
  4570.819 9.996E-01
  4570.990 9.996E-01
  4571.162 9.996E-01
  4571.334 9.995E-01
  4571.505 9.994E-01
  4571.677 9.993E-01
  4571.848 9.993E-01
  4572.020 9.992E-01
  4572.192 9.993E-01
  4572.363 9.993E-01
  4572.535 9.994E-01
  4572.706 9.995E-01
  4572.878 9.996E-01
  4573.050 9.997E-01
  4573.221 9.997E-01
  4573.393 9.997E-01
  4573.564 9.994E-01
  4573.736 9.984E-01
  4573.908 9.965E-01
  4574.079 9.940E-01
  4574.251 9.917E-01
  4574.422 9.900E-01
  4574.594 9.890E-01
  4574.766 9.887E-01
  4574.937 9.891E-01
  4575.109 9.901E-01
  4575.280 9.919E-01
  4575.452 9.942E-01
  4575.624 9.966E-01
  4575.795 9.984E-01
  4575.967 9.992E-01
  4576.138 9.994E-01
  4576.310 9.995E-01
  4576.482 9.995E-01
  4576.653 9.995E-01
  4576.825 9.996E-01
  4576.996 9.996E-01
  4577.168 9.997E-01
  4577.340 9.998E-01
  4577.511 9.998E-01
  4577.683 9.998E-01
  4577.854 9.998E-01
  4578.026 9.998E-01
  4578.198 9.998E-01
  4578.369 9.997E-01
  4578.541 9.995E-01
  4578.712 9.993E-01
  4578.884 9.991E-01
  4579.056 9.989E-01
  4579.227 9.988E-01
  4579.399 9.988E-01
  4579.570 9.988E-01
  4579.742 9.989E-01
  4579.914 9.991E-01
  4580.085 9.993E-01
  4580.257 9.995E-01
  4580.428 9.997E-01
  4580.600 9.998E-01
  4580.772 9.998E-01
  4580.943 9.998E-01
  4581.115 9.998E-01
  4581.286 9.998E-01
  4581.458 9.998E-01
  4581.630 9.997E-01
  4581.801 9.997E-01
  4581.973 9.996E-01
  4582.144 9.996E-01
  4582.316 9.995E-01
  4582.488 9.994E-01
  4582.659 9.993E-01
  4582.831 9.990E-01
  4583.002 9.985E-01
  4583.174 9.978E-01
  4583.346 9.972E-01
  4583.517 9.968E-01
  4583.689 9.966E-01
  4583.860 9.966E-01
  4584.032 9.968E-01
  4584.204 9.971E-01
  4584.375 9.976E-01
  4584.547 9.983E-01
  4584.718 9.990E-01
  4584.890 9.995E-01
  4585.062 9.997E-01
  4585.233 9.998E-01
  4585.405 9.998E-01
  4585.576 9.998E-01
  4585.748 9.997E-01
  4585.920 9.997E-01
  4586.091 9.998E-01
  4586.263 9.998E-01
  4586.434 9.998E-01
  4586.606 9.998E-01
  4586.778 9.998E-01
  4586.949 9.997E-01
  4587.121 9.995E-01
  4587.292 9.991E-01
  4587.464 9.985E-01
  4587.636 9.980E-01
  4587.807 9.976E-01
  4587.979 9.974E-01
  4588.150 9.973E-01
  4588.322 9.974E-01
  4588.494 9.976E-01
  4588.665 9.979E-01
  4588.837 9.982E-01
  4589.008 9.984E-01
  4589.180 9.983E-01
  4589.352 9.981E-01
  4589.523 9.979E-01
  4589.695 9.976E-01
  4589.866 9.973E-01
  4590.038 9.967E-01
  4590.210 9.957E-01
  4590.381 9.948E-01
  4590.553 9.943E-01
  4590.724 9.941E-01
  4590.896 9.942E-01
  4591.068 9.944E-01
  4591.239 9.947E-01
  4591.411 9.953E-01
  4591.582 9.962E-01
  4591.754 9.974E-01
  4591.926 9.985E-01
  4592.097 9.991E-01
  4592.269 9.994E-01
  4592.440 9.995E-01
  4592.612 9.996E-01
  4592.784 9.997E-01
  4592.955 9.998E-01
  4593.127 9.998E-01
  4593.298 9.998E-01
  4593.470 9.998E-01
  4593.642 9.998E-01
  4593.813 9.998E-01
  4593.985 9.998E-01
  4594.156 9.998E-01
  4594.328 9.998E-01
  4594.500 9.998E-01
  4594.671 9.998E-01
  4594.843 9.997E-01
  4595.014 9.994E-01
  4595.186 9.988E-01
  4595.358 9.977E-01
  4595.529 9.966E-01
  4595.701 9.956E-01
  4595.872 9.950E-01
  4596.044 9.947E-01
  4596.216 9.947E-01
  4596.387 9.950E-01
  4596.559 9.956E-01
  4596.730 9.965E-01
  4596.902 9.977E-01
  4597.074 9.987E-01
  4597.245 9.994E-01
  4597.417 9.997E-01
  4597.588 9.998E-01
  4597.760 9.998E-01
  4597.932 9.998E-01
  4598.103 9.998E-01
  4598.275 9.998E-01
  4598.446 9.998E-01
  4598.618 9.998E-01
  4598.790 9.998E-01
  4598.961 9.998E-01
  4599.133 9.998E-01
  4599.304 9.998E-01
  4599.476 9.999E-01
  4599.648 9.999E-01
  4599.819 9.999E-01
  4599.991 9.999E-01
