  3980.000 9.715E-01
  3981.716 9.771E-01
  3983.432 9.803E-01
  3985.148 9.833E-01
  3986.864 9.861E-01
  3988.580 9.870E-01
  3990.296 9.878E-01
  3992.012 9.882E-01
  3993.728 9.884E-01
  3995.444 9.884E-01
  3997.160 9.884E-01
  3998.876 9.881E-01
  4000.592 9.867E-01
  4002.308 9.763E-01
  4004.024 9.658E-01
  4005.740 9.583E-01
  4007.456 9.541E-01
  4009.172 9.529E-01
  4010.888 9.549E-01
  4012.604 9.596E-01
  4014.320 9.669E-01
  4016.036 9.756E-01
  4017.752 9.802E-01
  4019.468 9.611E-01
  4021.184 9.419E-01
  4022.900 9.286E-01
  4024.616 9.213E-01
  4026.332 9.193E-01
  4028.048 9.226E-01
  4029.764 9.318E-01
  4031.480 9.469E-01
  4033.196 9.671E-01
  4034.912 9.854E-01
  4036.628 9.900E-01
  4038.344 9.909E-01
  4040.060 9.916E-01
  4041.776 9.923E-01
  4043.492 9.934E-01
  4045.208 9.940E-01
  4046.924 9.948E-01
  4048.640 9.958E-01
  4050.356 9.967E-01
  4052.072 9.971E-01
  4053.788 9.967E-01
  4055.504 9.962E-01
  4057.220 9.959E-01
  4058.936 9.958E-01
  4060.652 9.955E-01
  4062.368 9.945E-01
  4064.084 9.930E-01
  4065.800 9.908E-01
  4067.516 9.861E-01
  4069.232 9.778E-01
  4070.948 9.710E-01
  4072.664 9.666E-01
  4074.380 9.646E-01
  4076.096 9.646E-01
  4077.812 9.666E-01
  4079.528 9.695E-01
  4081.244 9.736E-01
  4082.960 9.792E-01
  4084.676 9.819E-01
  4086.392 9.791E-01
  4088.108 9.734E-01
  4089.824 9.634E-01
  4091.540 9.459E-01
  4093.256 9.151E-01
  4094.972 8.667E-01
  4096.688 8.183E-01
  4098.404 7.803E-01
  4100.120 7.573E-01
  4101.836 7.505E-01
  4103.552 7.601E-01
  4105.268 7.856E-01
  4106.984 8.254E-01
  4108.700 8.746E-01
  4110.416 9.221E-01
  4112.132 9.504E-01
  4113.848 9.602E-01
  4115.564 9.644E-01
  4117.280 9.669E-01
  4118.996 9.689E-01
  4120.712 9.696E-01
  4122.428 9.706E-01
  4124.144 9.707E-01
  4125.860 9.725E-01
  4127.576 9.771E-01
  4129.292 9.837E-01
  4131.008 9.847E-01
  4132.724 9.854E-01
  4134.440 9.860E-01
  4136.156 9.805E-01
  4137.872 9.718E-01
  4139.588 9.664E-01
  4141.304 9.622E-01
  4143.020 9.593E-01
  4144.736 9.591E-01
  4146.452 9.606E-01
  4148.168 9.652E-01
  4149.884 9.729E-01
  4151.600 9.843E-01
  4153.316 9.918E-01
  4155.032 9.929E-01
  4156.748 9.931E-01
  4158.464 9.934E-01
  4160.180 9.935E-01
  4161.896 9.914E-01
  4163.612 9.893E-01
  4165.328 9.879E-01
  4167.044 9.868E-01
  4168.760 9.864E-01
  4170.476 9.870E-01
  4172.192 9.882E-01
  4173.908 9.896E-01
  4175.624 9.917E-01
  4177.340 9.950E-01
  4179.056 9.956E-01
  4180.772 9.961E-01
  4182.488 9.961E-01
  4184.204 9.960E-01
  4185.920 9.959E-01
  4187.636 9.958E-01
  4189.352 9.958E-01
  4191.068 9.961E-01
  4192.784 9.964E-01
  4194.500 9.970E-01
  4196.216 9.975E-01
  4197.932 9.983E-01
  4199.648 9.985E-01
  4201.364 9.987E-01
  4203.080 9.988E-01
  4204.796 9.989E-01
  4206.512 9.988E-01
  4208.228 9.990E-01
  4209.944 9.989E-01
  4211.660 9.988E-01
  4213.376 9.987E-01
  4215.092 9.984E-01
  4216.808 9.981E-01
  4218.524 9.979E-01
  4220.240 9.977E-01
  4221.956 9.976E-01
  4223.672 9.973E-01
  4225.388 9.971E-01
  4227.104 9.971E-01
  4228.820 9.969E-01
  4230.536 9.967E-01
  4232.252 9.965E-01
  4233.968 9.961E-01
  4235.684 9.955E-01
  4237.400 9.953E-01
  4239.116 9.952E-01
  4240.832 9.951E-01
  4242.548 9.952E-01
  4244.264 9.955E-01
  4245.980 9.954E-01
  4247.696 9.949E-01
  4249.412 9.948E-01
  4251.128 9.950E-01
  4252.844 9.948E-01
  4254.560 9.949E-01
  4256.276 9.952E-01
  4257.992 9.954E-01
  4259.708 9.910E-01
  4261.424 9.875E-01
  4263.140 9.853E-01
  4264.856 9.835E-01
  4266.572 9.828E-01
  4268.288 9.825E-01
  4270.004 9.826E-01
  4271.720 9.840E-01
  4273.436 9.868E-01
  4275.152 9.912E-01
  4276.868 9.938E-01
  4278.584 9.933E-01
  4280.300 9.930E-01
  4282.016 9.929E-01
  4283.732 9.934E-01
  4285.448 9.941E-01
  4287.164 9.938E-01
  4288.880 9.935E-01
  4290.596 9.937E-01
  4292.312 9.943E-01
  4294.028 9.950E-01
  4295.744 9.949E-01
  4297.460 9.947E-01
  4299.176 9.946E-01
  4300.892 9.947E-01
  4302.608 9.950E-01
  4304.324 9.952E-01
  4306.040 9.948E-01
  4307.756 9.943E-01
  4309.472 9.935E-01
  4311.188 9.927E-01
  4312.904 9.917E-01
  4314.620 9.907E-01
  4316.336 9.899E-01
  4318.052 9.889E-01
  4319.768 9.878E-01
  4321.484 9.863E-01
  4323.200 9.841E-01
  4324.916 9.807E-01
  4326.632 9.752E-01
  4328.348 9.656E-01
  4330.064 9.479E-01
  4331.780 9.171E-01
  4333.496 8.721E-01
  4335.212 8.292E-01
  4336.928 7.957E-01
  4338.644 7.745E-01
  4340.360 7.667E-01
  4342.076 7.719E-01
  4343.792 7.903E-01
  4345.508 8.213E-01
  4347.224 8.628E-01
  4348.940 9.077E-01
  4350.656 9.409E-01
  4352.372 9.603E-01
  4354.088 9.718E-01
  4355.804 9.794E-01
  4357.520 9.846E-01
  4359.236 9.876E-01
  4360.952 9.893E-01
  4362.668 9.898E-01
  4364.384 9.889E-01
  4366.100 9.877E-01
  4367.816 9.870E-01
  4369.532 9.867E-01
  4371.248 9.869E-01
  4372.964 9.875E-01
  4374.680 9.887E-01
  4376.396 9.900E-01
  4378.112 9.901E-01
  4379.828 9.827E-01
  4381.544 9.724E-01
  4383.260 9.642E-01
  4384.976 9.587E-01
  4386.692 9.558E-01
  4388.408 9.549E-01
  4390.124 9.566E-01
  4391.840 9.611E-01
  4393.556 9.685E-01
  4395.272 9.792E-01
  4396.988 9.925E-01
  4398.704 9.958E-01
  4400.420 9.967E-01
  4402.136 9.968E-01
  4403.852 9.963E-01
  4405.568 9.960E-01
  4407.284 9.946E-01
  4409.000 9.931E-01
  4410.716 9.920E-01
  4412.432 9.907E-01
  4414.148 9.903E-01
  4415.864 9.904E-01
  4417.580 9.912E-01
  4419.296 9.923E-01
  4421.012 9.934E-01
  4422.728 9.942E-01
  4424.444 9.951E-01
  4426.160 9.955E-01
  4427.876 9.953E-01
  4429.592 9.926E-01
  4431.308 9.898E-01
  4433.024 9.880E-01
  4434.740 9.871E-01
  4436.456 9.868E-01
  4438.172 9.871E-01
  4439.888 9.874E-01
  4441.604 9.883E-01
  4443.320 9.898E-01
  4445.036 9.918E-01
  4446.752 9.951E-01
  4448.468 9.953E-01
  4450.184 9.956E-01
  4451.900 9.961E-01
  4453.616 9.966E-01
  4455.332 9.971E-01
  4457.048 9.974E-01
  4458.764 9.967E-01
  4460.480 9.948E-01
  4462.196 9.879E-01
  4463.912 9.692E-01
  4465.628 9.532E-01
  4467.344 9.420E-01
  4469.060 9.353E-01
  4470.776 9.325E-01
  4472.492 9.314E-01
  4474.208 9.317E-01
  4475.924 9.375E-01
  4477.640 9.487E-01
  4479.356 9.645E-01
  4481.072 9.796E-01
  4482.788 9.832E-01
  4484.504 9.852E-01
  4486.220 9.877E-01
  4487.936 9.911E-01
  4489.652 9.956E-01
  4491.368 9.984E-01
  4493.084 9.986E-01
  4494.800 9.987E-01
  4496.516 9.990E-01
  4498.232 9.992E-01
  4499.948 9.991E-01
  4501.664 9.990E-01
  4503.380 9.990E-01
  4505.096 9.982E-01
  4506.812 9.976E-01
  4508.528 9.973E-01
  4510.244 9.971E-01
  4511.960 9.970E-01
  4513.676 9.971E-01
  4515.392 9.971E-01
  4517.108 9.963E-01
  4518.824 9.958E-01
  4520.540 9.951E-01
  4522.256 9.941E-01
  4523.972 9.931E-01
  4525.688 9.925E-01
  4527.404 9.922E-01
  4529.120 9.925E-01
  4530.836 9.932E-01
  4532.552 9.945E-01
  4534.268 9.963E-01
  4535.984 9.973E-01
  4537.700 9.985E-01
  4539.416 9.995E-01
  4541.132 9.994E-01
  4542.848 9.993E-01
  4544.564 9.972E-01
  4546.280 9.953E-01
  4547.996 9.940E-01
  4549.712 9.931E-01
  4551.428 9.927E-01
  4553.144 9.926E-01
  4554.860 9.930E-01
  4556.576 9.938E-01
  4558.292 9.950E-01
  4560.008 9.952E-01
  4561.724 9.967E-01
  4563.440 9.960E-01
  4565.156 9.955E-01
  4566.872 9.944E-01
  4568.588 9.937E-01
  4570.304 9.935E-01
  4572.020 9.936E-01
  4573.736 9.941E-01
  4575.452 9.951E-01
  4577.168 9.968E-01
  4578.884 9.973E-01
  4580.600 9.976E-01
  4582.316 9.979E-01
  4584.032 9.983E-01
  4585.748 9.980E-01
  4587.464 9.976E-01
  4589.180 9.971E-01
  4590.896 9.968E-01
  4592.612 9.968E-01
  4594.328 9.969E-01
  4596.044 9.972E-01
  4597.760 9.977E-01
  4599.476 9.984E-01
