  3980.000 9.949E-01
  3980.200 9.895E-01
  3980.400 9.880E-01
  3980.601 9.883E-01
  3980.801 9.896E-01
  3981.001 9.917E-01
  3981.201 9.939E-01
  3981.401 9.951E-01
  3981.602 9.944E-01
  3981.802 9.912E-01
  3982.002 9.856E-01
  3982.202 9.804E-01
  3982.402 9.766E-01
  3982.603 9.740E-01
  3982.803 9.716E-01
  3983.003 9.686E-01
  3983.203 9.673E-01
  3983.403 9.691E-01
  3983.604 9.729E-01
  3983.804 9.765E-01
  3984.004 9.791E-01
  3984.204 9.820E-01
  3984.404 9.860E-01
  3984.605 9.908E-01
  3984.805 9.945E-01
  3985.005 9.956E-01
  3985.205 9.950E-01
  3985.405 9.939E-01
  3985.606 9.932E-01
  3985.806 9.930E-01
  3986.006 9.931E-01
  3986.206 9.936E-01
  3986.406 9.945E-01
  3986.607 9.957E-01
  3986.807 9.970E-01
  3987.007 9.981E-01
  3987.207 9.986E-01
  3987.407 9.987E-01
  3987.608 9.988E-01
  3987.808 9.988E-01
  3988.008 9.988E-01
  3988.208 9.989E-01
  3988.408 9.989E-01
  3988.609 9.989E-01
  3988.809 9.989E-01
  3989.009 9.989E-01
  3989.209 9.989E-01
  3989.409 9.989E-01
  3989.610 9.989E-01
  3989.810 9.988E-01
  3990.010 9.985E-01
  3990.210 9.982E-01
  3990.410 9.980E-01
  3990.611 9.978E-01
  3990.811 9.975E-01
  3991.011 9.972E-01
  3991.211 9.968E-01
  3991.411 9.965E-01
  3991.612 9.963E-01
  3991.812 9.964E-01
  3992.012 9.964E-01
  3992.212 9.966E-01
  3992.412 9.968E-01
  3992.613 9.970E-01
  3992.813 9.972E-01
  3993.013 9.973E-01
  3993.213 9.974E-01
  3993.413 9.974E-01
  3993.614 9.971E-01
  3993.814 9.952E-01
  3994.014 9.889E-01
  3994.214 9.765E-01
  3994.414 9.634E-01
  3994.615 9.532E-01
  3994.815 9.473E-01
  3995.015 9.456E-01
  3995.215 9.481E-01
  3995.415 9.550E-01
  3995.616 9.661E-01
  3995.816 9.798E-01
  3996.016 9.917E-01
  3996.216 9.973E-01
  3996.416 9.990E-01
  3996.617 9.993E-01
  3996.817 9.992E-01
  3997.017 9.991E-01
  3997.217 9.989E-01
  3997.417 9.987E-01
  3997.618 9.984E-01
  3997.818 9.980E-01
  3998.018 9.974E-01
  3998.218 9.969E-01
  3998.418 9.966E-01
  3998.619 9.964E-01
  3998.819 9.964E-01
  3999.019 9.965E-01
  3999.219 9.966E-01
  3999.419 9.968E-01
  3999.620 9.972E-01
  3999.820 9.974E-01
  4000.020 9.974E-01
  4000.220 9.974E-01
  4000.420 9.974E-01
  4000.621 9.976E-01
  4000.821 9.978E-01
  4001.021 9.980E-01
  4001.221 9.982E-01
  4001.421 9.983E-01
  4001.622 9.981E-01
  4001.822 9.977E-01
  4002.022 9.971E-01
  4002.222 9.966E-01
  4002.422 9.961E-01
  4002.623 9.957E-01
  4002.823 9.955E-01
  4003.023 9.956E-01
  4003.223 9.959E-01
  4003.423 9.964E-01
  4003.624 9.968E-01
  4003.824 9.965E-01
  4004.024 9.944E-01
  4004.224 9.893E-01
  4004.424 9.834E-01
  4004.625 9.785E-01
  4004.825 9.749E-01
  4005.025 9.731E-01
  4005.225 9.732E-01
  4005.425 9.754E-01
  4005.626 9.798E-01
  4005.826 9.858E-01
  4006.026 9.917E-01
  4006.226 9.947E-01
  4006.426 9.959E-01
  4006.627 9.963E-01
  4006.827 9.960E-01
  4007.027 9.952E-01
  4007.227 9.941E-01
  4007.427 9.926E-01
  4007.628 9.901E-01
  4007.828 9.856E-01
  4008.028 9.766E-01
  4008.228 9.598E-01
  4008.428 9.337E-01
  4008.629 9.038E-01
  4008.829 8.780E-01
  4009.029 8.609E-01
  4009.229 8.542E-01
  4009.429 8.581E-01
  4009.630 8.725E-01
  4009.830 8.962E-01
  4010.030 9.256E-01
  4010.230 9.536E-01
  4010.430 9.731E-01
  4010.631 9.839E-01
  4010.831 9.894E-01
  4011.031 9.923E-01
  4011.231 9.941E-01
  4011.431 9.952E-01
  4011.632 9.960E-01
  4011.832 9.966E-01
  4012.032 9.970E-01
  4012.232 9.973E-01
  4012.432 9.976E-01
  4012.633 9.978E-01
  4012.833 9.980E-01
  4013.033 9.981E-01
  4013.233 9.981E-01
  4013.433 9.981E-01
  4013.634 9.981E-01
  4013.834 9.981E-01
  4014.034 9.981E-01
  4014.234 9.982E-01
  4014.434 9.983E-01
  4014.635 9.985E-01
  4014.835 9.987E-01
  4015.035 9.988E-01
  4015.235 9.988E-01
  4015.435 9.988E-01
  4015.636 9.988E-01
  4015.836 9.988E-01
  4016.036 9.988E-01
  4016.236 9.987E-01
  4016.436 9.987E-01
  4016.637 9.988E-01
  4016.837 9.988E-01
  4017.037 9.989E-01
  4017.237 9.990E-01
  4017.437 9.990E-01
  4017.638 9.990E-01
  4017.838 9.990E-01
  4018.038 9.990E-01
  4018.238 9.988E-01
  4018.438 9.984E-01
  4018.639 9.975E-01
  4018.839 9.966E-01
  4019.039 9.960E-01
  4019.239 9.956E-01
  4019.439 9.954E-01
  4019.640 9.956E-01
  4019.840 9.959E-01
  4020.040 9.966E-01
  4020.240 9.974E-01
  4020.440 9.980E-01
  4020.641 9.980E-01
  4020.841 9.975E-01
  4021.041 9.964E-01
  4021.241 9.944E-01
  4021.441 9.906E-01
  4021.642 9.854E-01
  4021.842 9.808E-01
  4022.042 9.777E-01
  4022.242 9.763E-01
  4022.442 9.766E-01
  4022.643 9.779E-01
  4022.843 9.792E-01
  4023.043 9.791E-01
  4023.243 9.770E-01
  4023.443 9.735E-01
  4023.644 9.693E-01
  4023.844 9.657E-01
  4024.044 9.628E-01
  4024.244 9.601E-01
  4024.444 9.583E-01
  4024.645 9.566E-01
  4024.845 9.518E-01
  4025.045 9.376E-01
  4025.245 9.091E-01
  4025.445 8.693E-01
  4025.646 8.291E-01
  4025.846 7.981E-01
  4026.046 7.806E-01
  4026.246 7.776E-01
  4026.446 7.896E-01
  4026.647 8.162E-01
  4026.847 8.544E-01
  4027.047 8.975E-01
  4027.247 9.346E-01
  4027.447 9.589E-01
  4027.648 9.719E-01
  4027.848 9.784E-01
  4028.048 9.820E-01
  4028.248 9.843E-01
  4028.448 9.861E-01
  4028.649 9.877E-01
  4028.849 9.893E-01
  4029.049 9.911E-01
  4029.249 9.929E-01
  4029.449 9.946E-01
  4029.650 9.958E-01
  4029.850 9.965E-01
  4030.050 9.969E-01
  4030.250 9.972E-01
  4030.450 9.974E-01
  4030.651 9.976E-01
  4030.851 9.977E-01
  4031.051 9.978E-01
  4031.251 9.978E-01
  4031.451 9.976E-01
  4031.652 9.974E-01
  4031.852 9.970E-01
  4032.052 9.964E-01
  4032.252 9.958E-01
  4032.452 9.951E-01
  4032.653 9.946E-01
  4032.853 9.945E-01
  4033.053 9.947E-01
  4033.253 9.952E-01
  4033.453 9.958E-01
  4033.654 9.965E-01
  4033.854 9.967E-01
  4034.054 9.951E-01
  4034.254 9.904E-01
  4034.454 9.844E-01
  4034.655 9.790E-01
  4034.855 9.750E-01
  4035.055 9.726E-01
  4035.255 9.723E-01
  4035.455 9.742E-01
  4035.656 9.784E-01
  4035.856 9.845E-01
  4036.056 9.909E-01
  4036.256 9.950E-01
  4036.456 9.972E-01
  4036.657 9.984E-01
  4036.857 9.991E-01
  4037.057 9.994E-01
  4037.257 9.994E-01
  4037.457 9.993E-01
  4037.658 9.992E-01
  4037.858 9.989E-01
  4038.058 9.978E-01
  4038.258 9.950E-01
  4038.458 9.908E-01
  4038.659 9.869E-01
  4038.859 9.843E-01
  4039.059 9.830E-01
  4039.259 9.830E-01
  4039.459 9.842E-01
  4039.660 9.868E-01
  4039.860 9.905E-01
  4040.060 9.939E-01
  4040.260 9.940E-01
  4040.460 9.888E-01
  4040.661 9.812E-01
  4040.861 9.745E-01
  4041.061 9.700E-01
  4041.261 9.680E-01
  4041.461 9.683E-01
  4041.662 9.711E-01
  4041.862 9.764E-01
  4042.062 9.837E-01
  4042.262 9.908E-01
  4042.462 9.929E-01
  4042.663 9.895E-01
  4042.863 9.833E-01
  4043.063 9.777E-01
  4043.263 9.740E-01
  4043.463 9.724E-01
  4043.664 9.728E-01
  4043.864 9.749E-01
  4044.064 9.787E-01
  4044.264 9.842E-01
  4044.464 9.904E-01
  4044.665 9.942E-01
  4044.865 9.957E-01
  4045.065 9.963E-01
  4045.265 9.968E-01
  4045.465 9.975E-01
  4045.666 9.984E-01
  4045.866 9.991E-01
  4046.066 9.994E-01
  4046.266 9.995E-01
  4046.466 9.996E-01
  4046.667 9.996E-01
  4046.867 9.995E-01
  4047.067 9.993E-01
  4047.267 9.985E-01
  4047.467 9.971E-01
  4047.668 9.956E-01
  4047.868 9.945E-01
  4048.068 9.940E-01
  4048.268 9.938E-01
  4048.468 9.942E-01
  4048.669 9.950E-01
  4048.869 9.962E-01
  4049.069 9.976E-01
  4049.269 9.988E-01
  4049.469 9.994E-01
  4049.670 9.995E-01
  4049.870 9.995E-01
  4050.070 9.995E-01
  4050.270 9.995E-01
  4050.470 9.996E-01
  4050.671 9.996E-01
  4050.871 9.997E-01
  4051.071 9.997E-01
  4051.271 9.997E-01
  4051.471 9.995E-01
  4051.672 9.991E-01
  4051.872 9.986E-01
  4052.072 9.979E-01
  4052.272 9.968E-01
  4052.472 9.958E-01
  4052.673 9.950E-01
  4052.873 9.946E-01
  4053.073 9.945E-01
  4053.273 9.943E-01
  4053.473 9.941E-01
  4053.674 9.939E-01
  4053.874 9.938E-01
  4054.074 9.939E-01
  4054.274 9.939E-01
  4054.474 9.940E-01
  4054.675 9.945E-01
  4054.875 9.953E-01
  4055.075 9.962E-01
  4055.275 9.969E-01
  4055.475 9.974E-01
  4055.676 9.976E-01
  4055.876 9.975E-01
  4056.076 9.969E-01
  4056.276 9.962E-01
  4056.476 9.956E-01
  4056.677 9.951E-01
  4056.877 9.949E-01
  4057.077 9.950E-01
  4057.277 9.953E-01
  4057.477 9.959E-01
  4057.678 9.967E-01
  4057.878 9.976E-01
  4058.078 9.980E-01
  4058.278 9.975E-01
  4058.478 9.955E-01
  4058.679 9.929E-01
  4058.879 9.907E-01
  4059.079 9.892E-01
  4059.279 9.884E-01
  4059.479 9.879E-01
  4059.680 9.873E-01
  4059.880 9.871E-01
  4060.080 9.874E-01
  4060.280 9.876E-01
  4060.480 9.871E-01
  4060.681 9.864E-01
  4060.881 9.863E-01
  4061.081 9.870E-01
  4061.281 9.888E-01
  4061.481 9.911E-01
  4061.682 9.930E-01
  4061.882 9.940E-01
  4062.082 9.936E-01
  4062.282 9.922E-01
  4062.482 9.911E-01
  4062.683 9.904E-01
  4062.883 9.903E-01
  4063.083 9.906E-01
  4063.283 9.917E-01
  4063.483 9.934E-01
  4063.684 9.957E-01
  4063.884 9.979E-01
  4064.084 9.990E-01
  4064.284 9.991E-01
  4064.484 9.989E-01
  4064.685 9.986E-01
  4064.885 9.983E-01
  4065.085 9.981E-01
  4065.285 9.980E-01
  4065.485 9.980E-01
  4065.686 9.982E-01
  4065.886 9.985E-01
  4066.086 9.987E-01
  4066.286 9.988E-01
  4066.486 9.988E-01
  4066.687 9.988E-01
  4066.887 9.985E-01
  4067.087 9.980E-01
  4067.287 9.973E-01
  4067.487 9.968E-01
  4067.688 9.963E-01
  4067.888 9.959E-01
  4068.088 9.952E-01
  4068.288 9.940E-01
  4068.488 9.915E-01
  4068.689 9.852E-01
  4068.889 9.732E-01
  4069.089 9.572E-01
  4069.289 9.426E-01
  4069.489 9.325E-01
  4069.690 9.279E-01
  4069.890 9.287E-01
  4070.090 9.343E-01
  4070.290 9.442E-01
  4070.490 9.574E-01
  4070.691 9.709E-01
  4070.891 9.799E-01
  4071.091 9.801E-01
  4071.291 9.721E-01
  4071.491 9.608E-01
  4071.692 9.518E-01
  4071.892 9.469E-01
  4072.092 9.458E-01
  4072.292 9.475E-01
  4072.492 9.520E-01
  4072.693 9.601E-01
  4072.893 9.713E-01
  4073.093 9.831E-01
  4073.293 9.896E-01
  4073.493 9.892E-01
  4073.694 9.822E-01
  4073.894 9.713E-01
  4074.094 9.585E-01
  4074.294 9.474E-01
  4074.494 9.389E-01
  4074.695 9.316E-01
  4074.895 9.228E-01
  4075.095 9.112E-01
  4075.295 9.027E-01
  4075.495 8.995E-01
  4075.696 8.997E-01
  4075.896 9.023E-01
  4076.096 9.073E-01
  4076.296 9.172E-01
  4076.496 9.324E-01
  4076.697 9.509E-01
  4076.897 9.672E-01
  4077.097 9.761E-01
  4077.297 9.801E-01
  4077.497 9.819E-01
  4077.698 9.823E-01
  4077.898 9.811E-01
  4078.098 9.785E-01
  4078.298 9.768E-01
  4078.498 9.769E-01
  4078.699 9.783E-01
  4078.899 9.796E-01
  4079.099 9.806E-01
  4079.299 9.815E-01
  4079.499 9.836E-01
  4079.700 9.867E-01
  4079.900 9.892E-01
  4080.100 9.897E-01
  4080.300 9.892E-01
  4080.500 9.888E-01
  4080.701 9.891E-01
  4080.901 9.901E-01
  4081.101 9.909E-01
  4081.301 9.904E-01
  4081.501 9.885E-01
  4081.702 9.865E-01
  4081.902 9.852E-01
  4082.102 9.845E-01
  4082.302 9.844E-01
  4082.502 9.850E-01
  4082.703 9.861E-01
  4082.903 9.873E-01
  4083.103 9.875E-01
  4083.303 9.873E-01
  4083.503 9.862E-01
  4083.704 9.843E-01
  4083.904 9.814E-01
  4084.104 9.777E-01
  4084.304 9.730E-01
  4084.504 9.695E-01
  4084.705 9.686E-01
  4084.905 9.697E-01
  4085.105 9.715E-01
  4085.305 9.742E-01
  4085.505 9.783E-01
  4085.706 9.833E-01
  4085.906 9.882E-01
  4086.106 9.911E-01
  4086.306 9.891E-01
  4086.506 9.840E-01
  4086.707 9.790E-01
  4086.907 9.756E-01
  4087.107 9.740E-01
  4087.307 9.740E-01
  4087.507 9.753E-01
  4087.708 9.772E-01
  4087.908 9.780E-01
  4088.108 9.757E-01
  4088.308 9.692E-01
  4088.508 9.589E-01
  4088.709 9.494E-01
  4088.909 9.435E-01
  4089.109 9.419E-01
  4089.309 9.445E-01
  4089.509 9.512E-01
  4089.710 9.613E-01
  4089.910 9.727E-01
  4090.110 9.827E-01
  4090.310 9.901E-01
  4090.510 9.932E-01
  4090.711 9.939E-01
  4090.911 9.938E-01
  4091.111 9.935E-01
  4091.311 9.929E-01
  4091.511 9.918E-01
  4091.712 9.900E-01
  4091.912 9.868E-01
  4092.112 9.816E-01
  4092.312 9.759E-01
  4092.512 9.712E-01
  4092.713 9.682E-01
  4092.913 9.672E-01
  4093.113 9.679E-01
  4093.313 9.700E-01
  4093.513 9.734E-01
  4093.714 9.778E-01
  4093.914 9.821E-01
  4094.114 9.845E-01
  4094.314 9.847E-01
  4094.514 9.829E-01
  4094.715 9.783E-01
  4094.915 9.714E-01
  4095.115 9.640E-01
  4095.315 9.572E-01
  4095.515 9.508E-01
  4095.716 9.449E-01
  4095.916 9.407E-01
  4096.116 9.378E-01
  4096.316 9.344E-01
  4096.516 9.296E-01
  4096.717 9.248E-01
  4096.917 9.206E-01
  4097.117 9.182E-01
  4097.317 9.177E-01
  4097.517 9.182E-01
  4097.718 9.198E-01
  4097.918 9.231E-01
  4098.118 9.274E-01
  4098.318 9.297E-01
  4098.518 9.274E-01
  4098.719 9.216E-01
  4098.919 9.136E-01
  4099.119 9.041E-01
  4099.319 8.926E-01
  4099.519 8.780E-01
  4099.720 8.604E-01
  4099.920 8.394E-01
  4100.120 8.146E-01
  4100.320 7.853E-01
  4100.520 7.507E-01
  4100.721 7.109E-01
  4100.921 6.679E-01
  4101.121 6.266E-01
  4101.321 5.926E-01
  4101.521 5.702E-01
  4101.722 5.618E-01
  4101.922 5.683E-01
  4102.122 5.888E-01
  4102.322 6.211E-01
  4102.522 6.614E-01
  4102.723 7.041E-01
  4102.923 7.443E-01
  4103.123 7.794E-01
  4103.323 8.093E-01
  4103.523 8.343E-01
  4103.724 8.542E-01
  4103.924 8.682E-01
  4104.124 8.769E-01
  4104.324 8.829E-01
  4104.524 8.885E-01
  4104.725 8.947E-01
  4104.925 9.020E-01
  4105.125 9.104E-01
  4105.325 9.204E-01
  4105.525 9.319E-01
  4105.726 9.441E-01
  4105.926 9.544E-01
  4106.126 9.610E-01
  4106.326 9.641E-01
  4106.526 9.659E-01
  4106.727 9.674E-01
  4106.927 9.692E-01
  4107.127 9.711E-01
  4107.327 9.731E-01
  4107.527 9.753E-01
  4107.728 9.773E-01
  4107.928 9.786E-01
  4108.128 9.794E-01
  4108.328 9.797E-01
  4108.528 9.799E-01
  4108.729 9.803E-01
  4108.929 9.810E-01
  4109.129 9.818E-01
  4109.329 9.825E-01
  4109.529 9.831E-01
  4109.730 9.828E-01
  4109.930 9.801E-01
  4110.130 9.762E-01
  4110.330 9.731E-01
  4110.530 9.713E-01
  4110.731 9.709E-01
  4110.931 9.714E-01
  4111.131 9.719E-01
  4111.331 9.727E-01
  4111.531 9.748E-01
  4111.732 9.779E-01
  4111.932 9.803E-01
  4112.132 9.821E-01
  4112.332 9.839E-01
  4112.532 9.862E-01
  4112.733 9.889E-01
  4112.933 9.912E-01
  4113.133 9.922E-01
  4113.333 9.917E-01
  4113.533 9.905E-01
  4113.734 9.887E-01
  4113.934 9.872E-01
  4114.134 9.865E-01
  4114.334 9.867E-01
  4114.534 9.877E-01
  4114.735 9.891E-01
  4114.935 9.898E-01
  4115.135 9.889E-01
  4115.335 9.859E-01
  4115.535 9.829E-01
  4115.736 9.803E-01
  4115.936 9.788E-01
  4116.136 9.786E-01
  4116.336 9.797E-01
  4116.536 9.823E-01
  4116.737 9.862E-01
  4116.937 9.910E-01
  4117.137 9.954E-01
  4117.337 9.974E-01
  4117.537 9.978E-01
  4117.738 9.971E-01
  4117.938 9.949E-01
  4118.138 9.896E-01
  4118.338 9.794E-01
  4118.538 9.669E-01
  4118.739 9.561E-01
  4118.939 9.484E-01
  4119.139 9.437E-01
  4119.339 9.408E-01
  4119.539 9.375E-01
  4119.740 9.317E-01
  4119.940 9.211E-01
  4120.140 9.073E-01
  4120.340 8.924E-01
  4120.540 8.791E-01
  4120.741 8.712E-01
  4120.941 8.716E-01
  4121.141 8.808E-01
  4121.341 8.982E-01
  4121.541 9.216E-01
  4121.742 9.463E-01
  4121.942 9.658E-01
  4122.142 9.776E-01
  4122.342 9.845E-01
  4122.542 9.885E-01
  4122.743 9.910E-01
  4122.943 9.928E-01
  4123.143 9.942E-01
  4123.343 9.953E-01
  4123.543 9.966E-01
  4123.744 9.979E-01
  4123.944 9.987E-01
  4124.144 9.990E-01
  4124.344 9.990E-01
  4124.544 9.988E-01
  4124.745 9.986E-01
  4124.945 9.984E-01
  4125.145 9.984E-01
  4125.345 9.983E-01
  4125.545 9.982E-01
  4125.746 9.980E-01
  4125.946 9.978E-01
  4126.146 9.976E-01
  4126.346 9.975E-01
  4126.546 9.974E-01
  4126.747 9.971E-01
  4126.947 9.959E-01
  4127.147 9.931E-01
  4127.347 9.892E-01
  4127.547 9.859E-01
  4127.748 9.837E-01
  4127.948 9.826E-01
  4128.148 9.824E-01
  4128.348 9.829E-01
  4128.548 9.842E-01
  4128.749 9.867E-01
  4128.949 9.900E-01
  4129.149 9.928E-01
  4129.349 9.940E-01
  4129.549 9.943E-01
  4129.750 9.936E-01
  4129.950 9.911E-01
  4130.150 9.867E-01
  4130.350 9.825E-01
  4130.550 9.793E-01
  4130.751 9.773E-01
  4130.951 9.768E-01
  4131.151 9.779E-01
  4131.351 9.806E-01
  4131.551 9.843E-01
  4131.752 9.872E-01
  4131.952 9.861E-01
  4132.152 9.813E-01
  4132.352 9.760E-01
  4132.552 9.724E-01
  4132.753 9.707E-01
  4132.953 9.710E-01
  4133.153 9.733E-01
  4133.353 9.776E-01
  4133.553 9.838E-01
  4133.754 9.906E-01
  4133.954 9.951E-01
  4134.154 9.969E-01
  4134.354 9.975E-01
  4134.554 9.978E-01
  4134.755 9.982E-01
  4134.955 9.985E-01
  4135.155 9.989E-01
  4135.355 9.991E-01
  4135.555 9.991E-01
  4135.756 9.991E-01
  4135.956 9.989E-01
  4136.156 9.983E-01
  4136.356 9.972E-01
  4136.556 9.960E-01
  4136.757 9.945E-01
  4136.957 9.925E-01
  4137.157 9.907E-01
  4137.357 9.897E-01
  4137.557 9.894E-01
  4137.758 9.899E-01
  4137.958 9.912E-01
  4138.158 9.927E-01
  4138.358 9.937E-01
  4138.558 9.941E-01
  4138.759 9.944E-01
  4138.959 9.942E-01
  4139.159 9.938E-01
  4139.359 9.934E-01
  4139.559 9.930E-01
  4139.760 9.925E-01
  4139.960 9.923E-01
  4140.160 9.927E-01
  4140.360 9.934E-01
  4140.560 9.937E-01
  4140.761 9.939E-01
  4140.961 9.941E-01
  4141.161 9.945E-01
  4141.361 9.948E-01
  4141.561 9.946E-01
  4141.762 9.936E-01
  4141.962 9.919E-01
  4142.162 9.894E-01
  4142.362 9.849E-01
  4142.562 9.751E-01
  4142.763 9.556E-01
  4142.963 9.264E-01
  4143.163 8.958E-01
  4143.363 8.714E-01
  4143.563 8.566E-01
  4143.764 8.519E-01
  4143.964 8.574E-01
  4144.164 8.729E-01
  4144.364 8.979E-01
  4144.564 9.287E-01
  4144.765 9.571E-01
  4144.965 9.752E-01
  4145.165 9.835E-01
  4145.365 9.868E-01
  4145.565 9.884E-01
  4145.766 9.897E-01
  4145.966 9.909E-01
  4146.166 9.919E-01
  4146.366 9.929E-01
  4146.566 9.941E-01
  4146.767 9.951E-01
  4146.967 9.957E-01
  4147.167 9.961E-01
  4147.367 9.964E-01
  4147.567 9.968E-01
  4147.768 9.971E-01
  4147.968 9.972E-01
  4148.168 9.970E-01
  4148.368 9.967E-01
  4148.568 9.965E-01
  4148.769 9.960E-01
  4148.969 9.947E-01
  4149.169 9.922E-01
  4149.369 9.893E-01
  4149.569 9.869E-01
  4149.770 9.854E-01
  4149.970 9.847E-01
  4150.170 9.848E-01
  4150.370 9.859E-01
  4150.570 9.882E-01
  4150.771 9.915E-01
  4150.971 9.949E-01
  4151.171 9.974E-01
  4151.371 9.985E-01
  4151.571 9.988E-01
  4151.772 9.987E-01
  4151.972 9.978E-01
  4152.172 9.950E-01
  4152.372 9.891E-01
  4152.572 9.810E-01
  4152.773 9.738E-01
  4152.973 9.690E-01
  4153.173 9.666E-01
  4153.373 9.666E-01
  4153.573 9.687E-01
  4153.774 9.730E-01
  4153.974 9.791E-01
  4154.174 9.857E-01
  4154.374 9.905E-01
  4154.574 9.923E-01
  4154.775 9.927E-01
  4154.975 9.928E-01
  4155.175 9.932E-01
  4155.375 9.935E-01
  4155.575 9.930E-01
  4155.776 9.917E-01
  4155.976 9.905E-01
  4156.176 9.892E-01
  4156.376 9.882E-01
  4156.576 9.879E-01
  4156.777 9.883E-01
  4156.977 9.897E-01
  4157.177 9.920E-01
  4157.377 9.948E-01
  4157.577 9.974E-01
  4157.778 9.988E-01
  4157.978 9.995E-01
  4158.178 9.998E-01
  4158.378 9.999E-01
  4158.578 9.999E-01
  4158.779 9.998E-01
  4158.979 9.998E-01
  4159.179 9.995E-01
  4159.379 9.992E-01
  4159.579 9.987E-01
  4159.780 9.982E-01
  4159.980 9.978E-01
  4160.180 9.975E-01
  4160.380 9.973E-01
  4160.580 9.972E-01
  4160.781 9.974E-01
  4160.981 9.977E-01
  4161.181 9.982E-01
  4161.381 9.984E-01
  4161.581 9.980E-01
  4161.782 9.964E-01
  4161.982 9.943E-01
  4162.182 9.923E-01
  4162.382 9.908E-01
  4162.582 9.898E-01
  4162.783 9.896E-01
  4162.983 9.901E-01
  4163.183 9.913E-01
  4163.383 9.932E-01
  4163.583 9.949E-01
  4163.784 9.948E-01
  4163.984 9.921E-01
  4164.184 9.885E-01
  4164.384 9.853E-01
  4164.584 9.831E-01
  4164.785 9.821E-01
  4164.985 9.823E-01
  4165.185 9.838E-01
  4165.385 9.867E-01
  4165.585 9.905E-01
  4165.786 9.941E-01
  4165.986 9.958E-01
  4166.186 9.959E-01
  4166.386 9.955E-01
  4166.586 9.952E-01
  4166.787 9.950E-01
  4166.987 9.952E-01
  4167.187 9.955E-01
  4167.387 9.959E-01
  4167.587 9.959E-01
  4167.788 9.942E-01
  4167.988 9.885E-01
  4168.188 9.781E-01
  4168.388 9.659E-01
  4168.588 9.555E-01
  4168.789 9.489E-01
  4168.989 9.463E-01
  4169.189 9.476E-01
  4169.389 9.529E-01
  4169.589 9.618E-01
  4169.790 9.736E-01
  4169.990 9.855E-01
  4170.190 9.938E-01
  4170.390 9.976E-01
  4170.590 9.981E-01
  4170.791 9.968E-01
  4170.991 9.951E-01
  4171.191 9.938E-01
  4171.391 9.930E-01
  4171.591 9.926E-01
  4171.792 9.927E-01
  4171.992 9.934E-01
  4172.192 9.946E-01
  4172.392 9.962E-01
  4172.592 9.976E-01
  4172.793 9.980E-01
  4172.993 9.976E-01
  4173.193 9.965E-01
  4173.393 9.945E-01
  4173.593 9.921E-01
  4173.794 9.901E-01
  4173.994 9.888E-01
  4174.194 9.883E-01
  4174.394 9.887E-01
  4174.594 9.897E-01
  4174.795 9.912E-01
  4174.995 9.927E-01
  4175.195 9.932E-01
  4175.395 9.920E-01
  4175.595 9.900E-01
  4175.796 9.885E-01
  4175.996 9.876E-01
  4176.196 9.874E-01
  4176.396 9.879E-01
  4176.596 9.892E-01
  4176.797 9.912E-01
  4176.997 9.938E-01
  4177.197 9.959E-01
  4177.397 9.967E-01
  4177.597 9.967E-01
  4177.798 9.964E-01
  4177.998 9.963E-01
  4178.198 9.963E-01
  4178.398 9.964E-01
  4178.598 9.963E-01
  4178.799 9.957E-01
  4178.999 9.949E-01
  4179.199 9.942E-01
  4179.399 9.939E-01
  4179.599 9.939E-01
  4179.800 9.942E-01
  4180.000 9.948E-01
  4180.200 9.956E-01
  4180.400 9.967E-01
  4180.600 9.980E-01
  4180.801 9.988E-01
  4181.001 9.992E-01
  4181.201 9.993E-01
  4181.401 9.993E-01
  4181.601 9.994E-01
  4181.802 9.995E-01
  4182.002 9.996E-01
  4182.202 9.998E-01
  4182.402 9.999E-01
  4182.602 9.999E-01
  4182.803 1.000E+00
  4183.003 9.999E-01
  4183.203 9.999E-01
  4183.403 9.998E-01
  4183.603 9.996E-01
  4183.804 9.995E-01
  4184.004 9.990E-01
  4184.204 9.976E-01
  4184.404 9.943E-01
  4184.604 9.882E-01
  4184.805 9.818E-01
  4185.005 9.768E-01
  4185.205 9.737E-01
  4185.405 9.725E-01
  4185.605 9.732E-01
  4185.806 9.755E-01
  4186.006 9.794E-01
  4186.206 9.844E-01
  4186.406 9.899E-01
  4186.606 9.932E-01
  4186.807 9.945E-01
  4187.007 9.950E-01
  4187.207 9.956E-01
  4187.407 9.963E-01
  4187.607 9.974E-01
  4187.808 9.985E-01
  4188.008 9.993E-01
  4188.208 9.995E-01
  4188.408 9.989E-01
  4188.608 9.963E-01
  4188.809 9.899E-01
  4189.009 9.798E-01
  4189.209 9.700E-01
  4189.409 9.630E-01
  4189.609 9.592E-01
  4189.810 9.586E-01
  4190.010 9.610E-01
  4190.210 9.663E-01
  4190.410 9.746E-01
  4190.610 9.849E-01
  4190.811 9.943E-01
  4191.011 9.989E-01
  4191.211 1.000E+00
  4191.411 9.999E-01
  4191.611 9.988E-01
  4191.812 9.975E-01
  4192.012 9.964E-01
  4192.212 9.958E-01
  4192.412 9.954E-01
  4192.612 9.953E-01
  4192.813 9.953E-01
  4193.013 9.954E-01
  4193.213 9.954E-01
  4193.413 9.956E-01
  4193.613 9.957E-01
  4193.814 9.956E-01
  4194.014 9.955E-01
  4194.214 9.956E-01
  4194.414 9.959E-01
  4194.614 9.965E-01
  4194.815 9.971E-01
  4195.015 9.973E-01
  4195.215 9.969E-01
  4195.415 9.961E-01
  4195.615 9.953E-01
  4195.816 9.945E-01
  4196.016 9.939E-01
  4196.216 9.936E-01
  4196.416 9.938E-01
  4196.616 9.945E-01
  4196.817 9.956E-01
  4197.017 9.968E-01
  4197.217 9.978E-01
  4197.417 9.987E-01
  4197.617 9.996E-01
  4197.818 1.000E+00
  4198.018 1.000E+00
  4198.218 1.000E+00
  4198.418 1.000E+00
  4198.618 9.998E-01
  4198.819 9.991E-01
  4199.019 9.977E-01
  4199.219 9.957E-01
  4199.419 9.939E-01
  4199.619 9.925E-01
  4199.820 9.918E-01
  4200.020 9.916E-01
  4200.220 9.920E-01
  4200.420 9.928E-01
  4200.620 9.941E-01
  4200.821 9.959E-01
  4201.021 9.975E-01
  4201.221 9.983E-01
  4201.421 9.986E-01
  4201.621 9.987E-01
  4201.822 9.988E-01
  4202.022 9.990E-01
  4202.222 9.992E-01
  4202.422 9.993E-01
  4202.622 9.994E-01
  4202.823 9.992E-01
  4203.023 9.988E-01
  4203.223 9.983E-01
  4203.423 9.978E-01
  4203.623 9.975E-01
  4203.824 9.973E-01
  4204.024 9.972E-01
  4204.224 9.973E-01
  4204.424 9.977E-01
  4204.624 9.981E-01
  4204.825 9.986E-01
  4205.025 9.989E-01
  4205.225 9.990E-01
  4205.425 9.991E-01
  4205.625 9.992E-01
  4205.826 9.992E-01
  4206.026 9.990E-01
  4206.226 9.986E-01
  4206.426 9.982E-01
  4206.626 9.979E-01
  4206.827 9.977E-01
  4207.027 9.977E-01
  4207.227 9.978E-01
  4207.427 9.980E-01
  4207.627 9.984E-01
  4207.828 9.989E-01
  4208.028 9.993E-01
  4208.228 9.995E-01
  4208.428 9.994E-01
  4208.628 9.992E-01
  4208.829 9.990E-01
  4209.029 9.988E-01
  4209.229 9.987E-01
  4209.429 9.987E-01
  4209.629 9.985E-01
  4209.830 9.980E-01
  4210.030 9.975E-01
  4210.230 9.972E-01
  4210.430 9.971E-01
  4210.630 9.971E-01
  4210.831 9.971E-01
  4211.031 9.974E-01
  4211.231 9.977E-01
  4211.431 9.981E-01
  4211.631 9.983E-01
  4211.832 9.981E-01
  4212.032 9.976E-01
  4212.232 9.968E-01
  4212.432 9.961E-01
  4212.632 9.957E-01
  4212.833 9.957E-01
  4213.033 9.960E-01
  4213.233 9.965E-01
  4213.433 9.973E-01
  4213.633 9.980E-01
  4213.834 9.987E-01
  4214.034 9.994E-01
  4214.234 9.997E-01
  4214.434 9.997E-01
  4214.634 9.996E-01
  4214.835 9.994E-01
  4215.035 9.992E-01
  4215.235 9.990E-01
  4215.435 9.990E-01
  4215.635 9.990E-01
  4215.836 9.990E-01
  4216.036 9.990E-01
  4216.236 9.989E-01
  4216.436 9.987E-01
  4216.636 9.985E-01
  4216.837 9.984E-01
  4217.037 9.983E-01
  4217.237 9.982E-01
  4217.437 9.983E-01
  4217.637 9.985E-01
  4217.838 9.988E-01
  4218.038 9.992E-01
  4218.238 9.996E-01
  4218.438 9.996E-01
  4218.638 9.994E-01
  4218.839 9.989E-01
  4219.039 9.982E-01
  4219.239 9.976E-01
  4219.439 9.973E-01
  4219.639 9.971E-01
  4219.840 9.970E-01
  4220.040 9.971E-01
  4220.240 9.974E-01
  4220.440 9.978E-01
  4220.640 9.984E-01
  4220.841 9.985E-01
  4221.041 9.976E-01
  4221.241 9.951E-01
  4221.441 9.910E-01
  4221.641 9.872E-01
  4221.842 9.845E-01
  4222.042 9.830E-01
  4222.242 9.827E-01
  4222.442 9.836E-01
  4222.642 9.856E-01
  4222.843 9.889E-01
  4223.043 9.930E-01
  4223.243 9.969E-01
  4223.443 9.989E-01
  4223.643 9.995E-01
  4223.844 9.995E-01
  4224.044 9.993E-01
  4224.244 9.991E-01
  4224.444 9.986E-01
  4224.644 9.982E-01
  4224.845 9.980E-01
  4225.045 9.979E-01
  4225.245 9.979E-01
  4225.445 9.981E-01
  4225.645 9.984E-01
  4225.846 9.988E-01
  4226.046 9.992E-01
  4226.246 9.995E-01
  4226.446 9.995E-01
  4226.646 9.986E-01
  4226.847 9.967E-01
  4227.047 9.943E-01
  4227.247 9.922E-01
  4227.447 9.908E-01
  4227.647 9.901E-01
  4227.848 9.902E-01
  4228.048 9.909E-01
  4228.248 9.923E-01
  4228.448 9.944E-01
  4228.648 9.968E-01
  4228.849 9.987E-01
  4229.049 9.995E-01
  4229.249 9.998E-01
  4229.449 9.999E-01
  4229.649 9.998E-01
  4229.850 9.996E-01
  4230.050 9.992E-01
  4230.250 9.987E-01
  4230.450 9.981E-01
  4230.650 9.976E-01
  4230.851 9.971E-01
  4231.051 9.967E-01
  4231.251 9.966E-01
  4231.451 9.968E-01
  4231.651 9.971E-01
  4231.852 9.977E-01
  4232.052 9.982E-01
  4232.252 9.985E-01
  4232.452 9.988E-01
  4232.652 9.990E-01
  4232.853 9.991E-01
  4233.053 9.989E-01
  4233.253 9.988E-01
  4233.453 9.987E-01
  4233.653 9.987E-01
  4233.854 9.988E-01
  4234.054 9.990E-01
  4234.254 9.991E-01
  4234.454 9.993E-01
  4234.654 9.994E-01
  4234.855 9.996E-01
  4235.055 9.997E-01
  4235.255 9.997E-01
  4235.455 9.997E-01
  4235.655 9.991E-01
  4235.856 9.970E-01
  4236.056 9.922E-01
  4236.256 9.852E-01
  4236.456 9.788E-01
  4236.656 9.743E-01
  4236.857 9.718E-01
  4237.057 9.711E-01
  4237.257 9.724E-01
  4237.457 9.757E-01
  4237.657 9.809E-01
  4237.858 9.873E-01
  4238.058 9.930E-01
  4238.258 9.959E-01
  4238.458 9.969E-01
  4238.658 9.973E-01
  4238.859 9.977E-01
  4239.059 9.980E-01
  4239.259 9.983E-01
  4239.459 9.986E-01
  4239.659 9.987E-01
  4239.860 9.985E-01
  4240.060 9.981E-01
  4240.260 9.973E-01
  4240.460 9.959E-01
  4240.660 9.930E-01
  4240.861 9.877E-01
  4241.061 9.810E-01
  4241.261 9.753E-01
  4241.461 9.713E-01
  4241.661 9.691E-01
  4241.862 9.687E-01
  4242.062 9.704E-01
  4242.262 9.741E-01
  4242.462 9.793E-01
  4242.662 9.853E-01
  4242.863 9.906E-01
  4243.063 9.933E-01
  4243.263 9.947E-01
  4243.463 9.957E-01
  4243.663 9.963E-01
  4243.864 9.966E-01
  4244.064 9.967E-01
  4244.264 9.970E-01
  4244.464 9.972E-01
  4244.664 9.969E-01
  4244.865 9.963E-01
  4245.065 9.957E-01
  4245.265 9.951E-01
  4245.465 9.945E-01
  4245.665 9.936E-01
  4245.866 9.919E-01
  4246.066 9.899E-01
  4246.266 9.885E-01
  4246.466 9.878E-01
  4246.666 9.878E-01
  4246.867 9.884E-01
  4247.067 9.895E-01
  4247.267 9.912E-01
  4247.467 9.932E-01
  4247.667 9.953E-01
  4247.868 9.967E-01
  4248.068 9.973E-01
  4248.268 9.975E-01
  4248.468 9.976E-01
  4248.668 9.976E-01
  4248.869 9.976E-01
  4249.069 9.975E-01
  4249.269 9.973E-01
  4249.469 9.970E-01
  4249.669 9.967E-01
  4249.870 9.965E-01
  4250.070 9.964E-01
  4250.270 9.963E-01
  4250.470 9.962E-01
  4250.670 9.962E-01
  4250.871 9.962E-01
  4251.071 9.964E-01
  4251.271 9.967E-01
  4251.471 9.968E-01
  4251.671 9.971E-01
  4251.872 9.973E-01
  4252.072 9.976E-01
  4252.272 9.970E-01
  4252.472 9.936E-01
  4252.672 9.845E-01
  4252.873 9.718E-01
  4253.073 9.595E-01
  4253.273 9.498E-01
  4253.473 9.439E-01
  4253.673 9.421E-01
  4253.874 9.443E-01
  4254.074 9.507E-01
  4254.274 9.614E-01
  4254.474 9.748E-01
  4254.674 9.872E-01
  4254.875 9.945E-01
  4255.075 9.979E-01
  4255.275 9.991E-01
  4255.475 9.992E-01
  4255.675 9.989E-01
  4255.876 9.986E-01
  4256.076 9.983E-01
  4256.276 9.980E-01
  4256.476 9.974E-01
  4256.676 9.964E-01
  4256.877 9.952E-01
  4257.077 9.943E-01
  4257.277 9.938E-01
  4257.477 9.936E-01
  4257.677 9.937E-01
  4257.878 9.939E-01
  4258.078 9.943E-01
  4258.278 9.950E-01
  4258.478 9.960E-01
  4258.678 9.968E-01
  4258.879 9.972E-01
  4259.079 9.974E-01
  4259.279 9.976E-01
  4259.479 9.978E-01
  4259.679 9.982E-01
  4259.880 9.986E-01
  4260.080 9.989E-01
  4260.280 9.991E-01
  4260.480 9.988E-01
  4260.680 9.984E-01
  4260.881 9.981E-01
  4261.081 9.979E-01
  4261.281 9.978E-01
  4261.481 9.979E-01
  4261.681 9.980E-01
  4261.882 9.982E-01
  4262.082 9.984E-01
  4262.282 9.984E-01
  4262.482 9.982E-01
  4262.682 9.979E-01
  4262.883 9.975E-01
  4263.083 9.972E-01
  4263.283 9.971E-01
  4263.483 9.971E-01
  4263.683 9.974E-01
  4263.884 9.979E-01
  4264.084 9.985E-01
  4264.284 9.991E-01
  4264.484 9.995E-01
  4264.684 9.997E-01
  4264.885 9.998E-01
  4265.085 9.998E-01
  4265.285 9.997E-01
  4265.485 9.993E-01
  4265.685 9.973E-01
  4265.886 9.908E-01
  4266.086 9.751E-01
  4266.286 9.505E-01
  4266.486 9.245E-01
  4266.686 9.039E-01
  4266.887 8.909E-01
  4267.087 8.858E-01
  4267.287 8.887E-01
  4267.487 8.996E-01
  4267.687 9.185E-01
  4267.888 9.438E-01
  4268.088 9.695E-01
  4268.288 9.873E-01
  4268.488 9.953E-01
  4268.688 9.980E-01
  4268.889 9.986E-01
  4269.089 9.985E-01
  4269.289 9.983E-01
  4269.489 9.981E-01
  4269.689 9.981E-01
  4269.890 9.981E-01
  4270.090 9.983E-01
  4270.290 9.986E-01
  4270.490 9.990E-01
  4270.690 9.994E-01
  4270.891 9.997E-01
  4271.091 9.998E-01
  4271.291 9.998E-01
  4271.491 9.998E-01
  4271.691 9.998E-01
  4271.892 9.998E-01
  4272.092 9.996E-01
  4272.292 9.991E-01
  4272.492 9.982E-01
  4272.692 9.971E-01
  4272.893 9.962E-01
  4273.093 9.954E-01
  4273.293 9.947E-01
  4273.493 9.940E-01
  4273.693 9.937E-01
  4273.894 9.939E-01
  4274.094 9.944E-01
  4274.294 9.945E-01
  4274.494 9.928E-01
  4274.694 9.885E-01
  4274.895 9.837E-01
  4275.095 9.796E-01
  4275.295 9.763E-01
  4275.495 9.729E-01
  4275.695 9.687E-01
  4275.896 9.641E-01
  4276.096 9.611E-01
  4276.296 9.609E-01
  4276.496 9.623E-01
  4276.696 9.629E-01
  4276.897 9.631E-01
  4277.097 9.641E-01
  4277.297 9.670E-01
  4277.497 9.719E-01
  4277.697 9.772E-01
  4277.898 9.817E-01
  4278.098 9.850E-01
  4278.298 9.883E-01
  4278.498 9.916E-01
  4278.698 9.944E-01
  4278.899 9.964E-01
  4279.099 9.977E-01
  4279.299 9.984E-01
  4279.499 9.989E-01
  4279.699 9.993E-01
  4279.900 9.995E-01
  4280.100 9.994E-01
  4280.300 9.988E-01
  4280.500 9.972E-01
  4280.700 9.953E-01
  4280.901 9.935E-01
  4281.101 9.923E-01
  4281.301 9.916E-01
  4281.501 9.913E-01
  4281.701 9.912E-01
  4281.902 9.906E-01
  4282.102 9.886E-01
  4282.302 9.857E-01
  4282.502 9.825E-01
  4282.702 9.791E-01
  4282.903 9.761E-01
  4283.103 9.743E-01
  4283.303 9.741E-01
  4283.503 9.757E-01
  4283.703 9.779E-01
  4283.904 9.785E-01
  4284.104 9.739E-01
  4284.304 9.668E-01
  4284.504 9.602E-01
  4284.704 9.559E-01
  4284.905 9.539E-01
  4285.105 9.539E-01
  4285.305 9.560E-01
  4285.505 9.611E-01
  4285.705 9.695E-01
  4285.906 9.799E-01
  4286.106 9.884E-01
  4286.306 9.926E-01
  4286.506 9.945E-01
  4286.706 9.957E-01
  4286.907 9.970E-01
  4287.107 9.983E-01
  4287.307 9.991E-01
  4287.507 9.991E-01
  4287.707 9.978E-01
  4287.908 9.950E-01
  4288.108 9.915E-01
  4288.308 9.886E-01
  4288.508 9.866E-01
  4288.708 9.855E-01
  4288.909 9.854E-01
  4289.109 9.863E-01
  4289.309 9.881E-01
  4289.509 9.908E-01
  4289.709 9.940E-01
  4289.910 9.965E-01
  4290.110 9.974E-01
  4290.310 9.970E-01
  4290.510 9.958E-01
  4290.710 9.946E-01
  4290.911 9.936E-01
  4291.111 9.928E-01
  4291.311 9.924E-01
  4291.511 9.925E-01
  4291.711 9.930E-01
  4291.912 9.940E-01
  4292.112 9.954E-01
  4292.312 9.969E-01
  4292.512 9.980E-01
  4292.712 9.987E-01
  4292.913 9.993E-01
  4293.113 9.994E-01
  4293.313 9.990E-01
  4293.513 9.978E-01
  4293.713 9.957E-01
  4293.914 9.922E-01
  4294.114 9.878E-01
  4294.314 9.837E-01
  4294.514 9.809E-01
  4294.714 9.795E-01
  4294.915 9.793E-01
  4295.115 9.804E-01
  4295.315 9.828E-01
  4295.515 9.861E-01
  4295.715 9.896E-01
  4295.916 9.923E-01
  4296.116 9.930E-01
  4296.316 9.926E-01
  4296.516 9.922E-01
  4296.716 9.922E-01
  4296.917 9.926E-01
  4297.117 9.931E-01
  4297.317 9.939E-01
  4297.517 9.951E-01
  4297.717 9.966E-01
  4297.918 9.980E-01
  4298.118 9.987E-01
  4298.318 9.990E-01
  4298.518 9.991E-01
  4298.718 9.993E-01
  4298.919 9.995E-01
  4299.119 9.997E-01
  4299.319 9.997E-01
  4299.519 9.998E-01
  4299.719 9.998E-01
  4299.920 9.998E-01
  4300.120 9.998E-01
  4300.320 9.998E-01
  4300.520 9.998E-01
  4300.720 9.997E-01
  4300.921 9.997E-01
  4301.121 9.997E-01
  4301.321 9.997E-01
  4301.521 9.997E-01
  4301.721 9.996E-01
  4301.922 9.992E-01
  4302.122 9.986E-01
  4302.322 9.975E-01
  4302.522 9.951E-01
  4302.722 9.903E-01
  4302.923 9.831E-01
  4303.123 9.756E-01
  4303.323 9.697E-01
  4303.523 9.660E-01
  4303.723 9.642E-01
  4303.924 9.637E-01
  4304.124 9.654E-01
  4304.324 9.694E-01
  4304.524 9.755E-01
  4304.724 9.822E-01
  4304.925 9.874E-01
  4305.125 9.903E-01
  4305.325 9.922E-01
  4305.525 9.939E-01
  4305.725 9.957E-01
  4305.926 9.970E-01
  4306.126 9.974E-01
  4306.326 9.970E-01
  4306.526 9.956E-01
  4306.726 9.941E-01
  4306.927 9.928E-01
  4307.127 9.921E-01
  4307.327 9.918E-01
  4307.527 9.920E-01
  4307.727 9.924E-01
  4307.928 9.929E-01
  4308.128 9.932E-01
  4308.328 9.932E-01
  4308.528 9.929E-01
  4308.728 9.923E-01
  4308.929 9.918E-01
  4309.129 9.915E-01
  4309.329 9.910E-01
  4309.529 9.900E-01
  4309.729 9.896E-01
  4309.930 9.899E-01
  4310.130 9.906E-01
  4310.330 9.911E-01
  4310.530 9.915E-01
  4310.730 9.922E-01
  4310.931 9.933E-01
  4311.131 9.945E-01
  4311.331 9.955E-01
  4311.531 9.959E-01
  4311.731 9.958E-01
  4311.932 9.956E-01
  4312.132 9.953E-01
  4312.332 9.942E-01
  4312.532 9.913E-01
  4312.732 9.880E-01
  4312.933 9.855E-01
  4313.133 9.840E-01
  4313.333 9.831E-01
  4313.533 9.830E-01
  4313.733 9.838E-01
  4313.934 9.856E-01
  4314.134 9.883E-01
  4314.334 9.912E-01
  4314.534 9.928E-01
  4314.734 9.921E-01
  4314.935 9.901E-01
  4315.135 9.881E-01
  4315.335 9.866E-01
  4315.535 9.857E-01
  4315.735 9.853E-01
  4315.936 9.842E-01
  4316.136 9.808E-01
  4316.336 9.744E-01
  4316.536 9.682E-01
  4316.736 9.634E-01
  4316.937 9.600E-01
  4317.137 9.583E-01
  4317.337 9.590E-01
  4317.537 9.624E-01
  4317.737 9.687E-01
  4317.938 9.775E-01
  4318.138 9.865E-01
  4318.338 9.912E-01
  4318.538 9.903E-01
  4318.738 9.835E-01
  4318.939 9.741E-01
  4319.139 9.655E-01
  4319.339 9.595E-01
  4319.539 9.564E-01
  4319.739 9.562E-01
  4319.940 9.590E-01
  4320.140 9.648E-01
  4320.340 9.735E-01
  4320.540 9.840E-01
  4320.740 9.930E-01
  4320.941 9.974E-01
  4321.141 9.989E-01
  4321.341 9.992E-01
  4321.541 9.990E-01
  4321.741 9.988E-01
  4321.942 9.985E-01
  4322.142 9.983E-01
  4322.342 9.981E-01
  4322.542 9.979E-01
  4322.742 9.977E-01
  4322.943 9.976E-01
  4323.143 9.975E-01
  4323.343 9.975E-01
  4323.543 9.976E-01
  4323.743 9.976E-01
  4323.944 9.975E-01
  4324.144 9.975E-01
  4324.344 9.973E-01
  4324.544 9.965E-01
  4324.744 9.944E-01
  4324.945 9.907E-01
  4325.145 9.872E-01
  4325.345 9.848E-01
  4325.545 9.835E-01
  4325.745 9.832E-01
  4325.946 9.838E-01
  4326.146 9.851E-01
  4326.346 9.868E-01
  4326.546 9.881E-01
  4326.746 9.889E-01
  4326.947 9.884E-01
  4327.147 9.869E-01
  4327.347 9.853E-01
  4327.547 9.841E-01
  4327.747 9.831E-01
  4327.948 9.829E-01
  4328.148 9.838E-01
  4328.348 9.856E-01
  4328.548 9.876E-01
  4328.748 9.889E-01
  4328.949 9.899E-01
  4329.149 9.910E-01
  4329.349 9.922E-01
  4329.549 9.934E-01
  4329.749 9.943E-01
  4329.950 9.944E-01
  4330.150 9.940E-01
  4330.350 9.929E-01
  4330.550 9.915E-01
  4330.750 9.895E-01
  4330.951 9.868E-01
  4331.151 9.840E-01
  4331.351 9.811E-01
  4331.551 9.775E-01
  4331.751 9.716E-01
  4331.952 9.646E-01
  4332.152 9.591E-01
  4332.352 9.560E-01
  4332.552 9.552E-01
  4332.752 9.564E-01
  4332.953 9.587E-01
  4333.153 9.616E-01
  4333.353 9.654E-01
  4333.553 9.705E-01
  4333.753 9.754E-01
  4333.954 9.771E-01
  4334.154 9.769E-01
  4334.354 9.760E-01
  4334.554 9.752E-01
  4334.754 9.746E-01
  4334.955 9.742E-01
  4335.155 9.736E-01
  4335.355 9.723E-01
  4335.555 9.697E-01
  4335.755 9.650E-01
  4335.956 9.575E-01
  4336.156 9.489E-01
  4336.356 9.408E-01
  4336.556 9.336E-01
  4336.756 9.272E-01
  4336.957 9.214E-01
  4337.157 9.161E-01
  4337.357 9.106E-01
  4337.557 9.045E-01
  4337.757 8.972E-01
  4337.958 8.878E-01
  4338.158 8.746E-01
  4338.358 8.583E-01
  4338.558 8.392E-01
  4338.758 8.172E-01
  4338.959 7.916E-01
  4339.159 7.615E-01
  4339.359 7.261E-01
  4339.559 6.860E-01
  4339.759 6.446E-01
  4339.960 6.080E-01
  4340.160 5.810E-01
  4340.360 5.668E-01
  4340.560 5.665E-01
  4340.760 5.800E-01
  4340.961 6.057E-01
  4341.161 6.406E-01
  4341.361 6.811E-01
  4341.561 7.218E-01
  4341.761 7.587E-01
  4341.962 7.903E-01
  4342.162 8.172E-01
  4342.362 8.404E-01
  4342.562 8.605E-01
  4342.762 8.783E-01
  4342.963 8.940E-01
  4343.163 9.072E-01
  4343.363 9.180E-01
  4343.563 9.269E-01
  4343.763 9.345E-01
  4343.964 9.411E-01
  4344.164 9.464E-01
  4344.364 9.493E-01
  4344.564 9.481E-01
  4344.764 9.429E-01
  4344.965 9.378E-01
  4345.165 9.346E-01
  4345.365 9.338E-01
  4345.565 9.353E-01
  4345.765 9.388E-01
  4345.966 9.441E-01
  4346.166 9.506E-01
  4346.366 9.564E-01
  4346.566 9.597E-01
  4346.766 9.592E-01
  4346.967 9.566E-01
  4347.167 9.536E-01
  4347.367 9.520E-01
  4347.567 9.523E-01
  4347.767 9.546E-01
  4347.968 9.583E-01
  4348.168 9.623E-01
  4348.368 9.624E-01
  4348.568 9.546E-01
  4348.768 9.439E-01
  4348.969 9.353E-01
  4349.169 9.304E-01
  4349.369 9.292E-01
  4349.569 9.317E-01
  4349.769 9.378E-01
  4349.970 9.469E-01
  4350.170 9.570E-01
  4350.370 9.648E-01
  4350.570 9.673E-01
  4350.770 9.648E-01
  4350.971 9.611E-01
  4351.171 9.587E-01
  4351.371 9.577E-01
  4351.571 9.574E-01
  4351.771 9.579E-01
  4351.972 9.610E-01
  4352.172 9.666E-01
  4352.372 9.721E-01
  4352.572 9.742E-01
  4352.772 9.738E-01
  4352.973 9.737E-01
  4353.173 9.750E-01
  4353.373 9.779E-01
  4353.573 9.812E-01
  4353.773 9.830E-01
  4353.974 9.838E-01
  4354.174 9.850E-01
  4354.374 9.869E-01
  4354.574 9.894E-01
  4354.774 9.912E-01
  4354.975 9.925E-01
  4355.175 9.937E-01
  4355.375 9.951E-01
  4355.575 9.966E-01
  4355.775 9.974E-01
  4355.976 9.978E-01
  4356.176 9.979E-01
  4356.376 9.978E-01
  4356.576 9.977E-01
  4356.776 9.975E-01
  4356.977 9.973E-01
  4357.177 9.972E-01
  4357.377 9.970E-01
  4357.577 9.967E-01
  4357.777 9.964E-01
  4357.978 9.963E-01
  4358.178 9.962E-01
  4358.378 9.962E-01
  4358.578 9.962E-01
  4358.778 9.962E-01
  4358.979 9.963E-01
  4359.179 9.964E-01
  4359.379 9.967E-01
  4359.579 9.970E-01
  4359.779 9.972E-01
  4359.980 9.973E-01
  4360.180 9.971E-01
  4360.380 9.955E-01
  4360.580 9.915E-01
  4360.780 9.860E-01
  4360.981 9.811E-01
  4361.181 9.778E-01
  4361.381 9.760E-01
  4361.581 9.758E-01
  4361.781 9.770E-01
  4361.982 9.797E-01
  4362.182 9.841E-01
  4362.382 9.897E-01
  4362.582 9.951E-01
  4362.782 9.977E-01
  4362.983 9.986E-01
  4363.183 9.987E-01
  4363.383 9.983E-01
  4363.583 9.970E-01
  4363.783 9.937E-01
  4363.984 9.892E-01
  4364.184 9.851E-01
  4364.384 9.820E-01
  4364.584 9.796E-01
  4364.784 9.773E-01
  4364.985 9.762E-01
  4365.185 9.767E-01
  4365.385 9.789E-01
  4365.585 9.815E-01
  4365.785 9.818E-01
  4365.986 9.760E-01
  4366.186 9.678E-01
  4366.386 9.611E-01
  4366.586 9.574E-01
  4366.786 9.561E-01
  4366.987 9.564E-01
  4367.187 9.586E-01
  4367.387 9.628E-01
  4367.587 9.698E-01
  4367.787 9.787E-01
  4367.988 9.865E-01
  4368.188 9.892E-01
  4368.388 9.881E-01
  4368.588 9.859E-01
  4368.788 9.843E-01
  4368.989 9.835E-01
  4369.189 9.835E-01
  4369.389 9.842E-01
  4369.589 9.851E-01
  4369.789 9.865E-01
  4369.990 9.883E-01
  4370.190 9.896E-01
  4370.390 9.884E-01
  4370.590 9.849E-01
  4370.790 9.806E-01
  4370.991 9.760E-01
  4371.191 9.698E-01
  4371.391 9.616E-01
  4371.591 9.523E-01
  4371.791 9.440E-01
  4371.992 9.383E-01
  4372.192 9.368E-01
  4372.392 9.391E-01
  4372.592 9.430E-01
  4372.792 9.491E-01
  4372.993 9.578E-01
  4373.193 9.678E-01
  4373.393 9.767E-01
  4373.593 9.832E-01
  4373.793 9.870E-01
  4373.994 9.886E-01
  4374.194 9.889E-01
  4374.394 9.890E-01
  4374.594 9.896E-01
  4374.794 9.909E-01
  4374.995 9.928E-01
  4375.195 9.951E-01
  4375.395 9.968E-01
  4375.595 9.969E-01
  4375.795 9.959E-01
  4375.996 9.948E-01
  4376.196 9.940E-01
  4376.396 9.935E-01
  4376.596 9.934E-01
  4376.796 9.935E-01
  4376.997 9.940E-01
  4377.197 9.947E-01
  4377.397 9.954E-01
  4377.597 9.958E-01
  4377.797 9.954E-01
  4377.998 9.945E-01
  4378.198 9.935E-01
  4378.398 9.928E-01
  4378.598 9.921E-01
  4378.798 9.915E-01
  4378.999 9.914E-01
  4379.199 9.918E-01
  4379.399 9.927E-01
  4379.599 9.938E-01
  4379.799 9.949E-01
  4380.000 9.958E-01
  4380.200 9.967E-01
  4380.400 9.976E-01
  4380.600 9.985E-01
  4380.800 9.991E-01
  4381.001 9.993E-01
  4381.201 9.992E-01
  4381.401 9.988E-01
  4381.601 9.978E-01
  4381.801 9.966E-01
  4382.002 9.956E-01
  4382.202 9.949E-01
  4382.402 9.945E-01
  4382.602 9.944E-01
  4382.802 9.946E-01
  4383.003 9.951E-01
  4383.203 9.959E-01
  4383.403 9.967E-01
  4383.603 9.973E-01
  4383.803 9.972E-01
  4384.004 9.967E-01
  4384.204 9.961E-01
  4384.404 9.955E-01
  4384.604 9.951E-01
  4384.804 9.949E-01
  4385.005 9.949E-01
  4385.205 9.949E-01
  4385.405 9.950E-01
  4385.605 9.950E-01
  4385.805 9.947E-01
  4386.006 9.938E-01
  4386.206 9.919E-01
  4386.406 9.879E-01
  4386.606 9.788E-01
  4386.806 9.603E-01
  4387.007 9.304E-01
  4387.207 8.948E-01
  4387.407 8.630E-01
  4387.607 8.402E-01
  4387.807 8.280E-01
  4388.008 8.268E-01
  4388.208 8.365E-01
  4388.408 8.570E-01
  4388.608 8.871E-01
  4388.808 9.225E-01
  4389.009 9.545E-01
  4389.209 9.756E-01
  4389.409 9.862E-01
  4389.609 9.905E-01
  4389.809 9.922E-01
  4390.010 9.929E-01
  4390.210 9.934E-01
  4390.410 9.938E-01
  4390.610 9.941E-01
  4390.810 9.944E-01
  4391.011 9.945E-01
  4391.211 9.946E-01
  4391.411 9.949E-01
  4391.611 9.953E-01
  4391.811 9.955E-01
  4392.012 9.957E-01
  4392.212 9.960E-01
  4392.412 9.964E-01
  4392.612 9.970E-01
  4392.812 9.977E-01
  4393.013 9.985E-01
  4393.213 9.990E-01
  4393.413 9.992E-01
  4393.613 9.992E-01
  4393.813 9.993E-01
  4394.014 9.993E-01
  4394.214 9.992E-01
  4394.414 9.988E-01
  4394.614 9.969E-01
  4394.814 9.920E-01
  4395.015 9.844E-01
  4395.215 9.768E-01
  4395.415 9.710E-01
  4395.615 9.674E-01
  4395.815 9.661E-01
  4396.016 9.668E-01
  4396.216 9.698E-01
  4396.416 9.751E-01
  4396.616 9.825E-01
  4396.816 9.903E-01
  4397.017 9.956E-01
  4397.217 9.977E-01
  4397.417 9.981E-01
  4397.617 9.980E-01
  4397.817 9.979E-01
  4398.018 9.979E-01
  4398.218 9.981E-01
  4398.418 9.983E-01
  4398.618 9.987E-01
  4398.818 9.991E-01
  4399.019 9.994E-01
  4399.219 9.995E-01
  4399.419 9.994E-01
  4399.619 9.992E-01
  4399.819 9.990E-01
  4400.020 9.986E-01
  4400.220 9.983E-01
  4400.420 9.981E-01
  4400.620 9.979E-01
  4400.820 9.979E-01
  4401.021 9.979E-01
  4401.221 9.979E-01
  4401.421 9.979E-01
  4401.621 9.980E-01
  4401.821 9.983E-01
  4402.022 9.985E-01
  4402.222 9.987E-01
  4402.422 9.988E-01
  4402.622 9.990E-01
  4402.822 9.991E-01
  4403.023 9.990E-01
  4403.223 9.986E-01
  4403.423 9.979E-01
  4403.623 9.973E-01
  4403.823 9.969E-01
  4404.024 9.967E-01
  4404.224 9.967E-01
  4404.424 9.969E-01
  4404.624 9.972E-01
  4404.824 9.976E-01
  4405.025 9.979E-01
  4405.225 9.980E-01
  4405.425 9.978E-01
  4405.625 9.975E-01
  4405.825 9.973E-01
  4406.026 9.973E-01
  4406.226 9.974E-01
  4406.426 9.977E-01
  4406.626 9.981E-01
  4406.826 9.987E-01
  4407.027 9.992E-01
  4407.227 9.996E-01
  4407.427 9.997E-01
  4407.627 9.998E-01
  4407.827 9.997E-01
  4408.028 9.993E-01
  4408.228 9.982E-01
  4408.428 9.967E-01
  4408.628 9.951E-01
  4408.828 9.936E-01
  4409.029 9.916E-01
  4409.229 9.897E-01
  4409.429 9.883E-01
  4409.629 9.878E-01
  4409.829 9.880E-01
  4410.030 9.885E-01
  4410.230 9.883E-01
  4410.430 9.870E-01
  4410.630 9.848E-01
  4410.830 9.830E-01
  4411.031 9.822E-01
  4411.231 9.818E-01
  4411.431 9.820E-01
  4411.631 9.830E-01
  4411.831 9.850E-01
  4412.032 9.878E-01
  4412.232 9.909E-01
  4412.432 9.934E-01
  4412.632 9.950E-01
  4412.832 9.955E-01
  4413.033 9.956E-01
  4413.233 9.955E-01
  4413.433 9.953E-01
  4413.633 9.935E-01
  4413.833 9.879E-01
  4414.034 9.773E-01
  4414.234 9.660E-01
  4414.434 9.569E-01
  4414.634 9.511E-01
  4414.834 9.484E-01
  4415.035 9.490E-01
  4415.235 9.529E-01
  4415.435 9.601E-01
  4415.635 9.696E-01
  4415.835 9.783E-01
  4416.036 9.802E-01
  4416.236 9.746E-01
  4416.436 9.672E-01
  4416.636 9.614E-01
  4416.836 9.582E-01
  4417.037 9.576E-01
  4417.237 9.597E-01
  4417.437 9.645E-01
  4417.637 9.721E-01
  4417.837 9.815E-01
  4418.038 9.901E-01
  4418.238 9.941E-01
  4418.438 9.933E-01
  4418.638 9.885E-01
  4418.838 9.819E-01
  4419.039 9.763E-01
  4419.239 9.726E-01
  4419.439 9.709E-01
  4419.639 9.712E-01
  4419.839 9.733E-01
  4420.040 9.768E-01
  4420.240 9.819E-01
  4420.440 9.883E-01
  4420.640 9.948E-01
  4420.840 9.982E-01
  4421.041 9.993E-01
  4421.241 9.996E-01
  4421.441 9.996E-01
  4421.641 9.996E-01
  4421.841 9.997E-01
  4422.042 9.998E-01
  4422.242 9.998E-01
  4422.442 9.998E-01
  4422.642 9.998E-01
  4422.842 9.998E-01
  4423.043 9.998E-01
  4423.243 9.998E-01
  4423.443 9.998E-01
  4423.643 9.998E-01
  4423.843 9.998E-01
  4424.044 9.998E-01
  4424.244 9.999E-01
  4424.444 9.999E-01
  4424.644 9.998E-01
  4424.844 9.994E-01
  4425.045 9.987E-01
  4425.245 9.977E-01
  4425.445 9.969E-01
  4425.645 9.963E-01
  4425.845 9.959E-01
  4426.046 9.954E-01
  4426.246 9.947E-01
  4426.446 9.938E-01
  4426.646 9.933E-01
  4426.846 9.931E-01
  4427.047 9.929E-01
  4427.247 9.923E-01
  4427.447 9.917E-01
  4427.647 9.914E-01
  4427.847 9.916E-01
  4428.048 9.924E-01
  4428.248 9.935E-01
  4428.448 9.945E-01
  4428.648 9.954E-01
  4428.848 9.963E-01
  4429.049 9.972E-01
  4429.249 9.976E-01
  4429.449 9.977E-01
  4429.649 9.975E-01
  4429.849 9.961E-01
  4430.050 9.927E-01
  4430.250 9.882E-01
  4430.450 9.843E-01
  4430.650 9.814E-01
  4430.850 9.796E-01
  4431.051 9.788E-01
  4431.251 9.792E-01
  4431.451 9.803E-01
  4431.651 9.818E-01
  4431.851 9.831E-01
  4432.052 9.845E-01
  4432.252 9.846E-01
  4432.452 9.838E-01
  4432.652 9.830E-01
  4432.852 9.828E-01
  4433.053 9.833E-01
  4433.253 9.846E-01
  4433.453 9.870E-01
  4433.653 9.901E-01
  4433.853 9.931E-01
  4434.054 9.950E-01
  4434.254 9.963E-01
  4434.454 9.973E-01
  4434.654 9.981E-01
  4434.854 9.985E-01
  4435.055 9.988E-01
  4435.255 9.988E-01
  4435.455 9.985E-01
  4435.655 9.979E-01
  4435.855 9.972E-01
  4436.056 9.962E-01
  4436.256 9.936E-01
  4436.456 9.872E-01
  4436.656 9.761E-01
  4436.856 9.637E-01
  4437.057 9.536E-01
  4437.257 9.472E-01
  4437.457 9.445E-01
  4437.657 9.451E-01
  4437.857 9.489E-01
  4438.058 9.562E-01
  4438.258 9.668E-01
  4438.458 9.794E-01
  4438.658 9.899E-01
  4438.858 9.952E-01
  4439.059 9.964E-01
  4439.259 9.961E-01
  4439.459 9.956E-01
  4439.659 9.954E-01
  4439.859 9.954E-01
  4440.060 9.957E-01
  4440.260 9.962E-01
  4440.460 9.970E-01
  4440.660 9.977E-01
  4440.860 9.980E-01
  4441.061 9.970E-01
  4441.261 9.952E-01
  4441.461 9.934E-01
  4441.661 9.918E-01
  4441.861 9.901E-01
  4442.062 9.879E-01
  4442.262 9.857E-01
  4442.462 9.844E-01
  4442.662 9.843E-01
  4442.862 9.853E-01
  4443.063 9.871E-01
  4443.263 9.888E-01
  4443.463 9.904E-01
  4443.663 9.925E-01
  4443.863 9.950E-01
  4444.064 9.975E-01
  4444.264 9.989E-01
  4444.464 9.995E-01
  4444.664 9.998E-01
  4444.864 9.999E-01
  4445.065 9.998E-01
  4445.265 9.996E-01
  4445.465 9.988E-01
  4445.665 9.968E-01
  4445.865 9.932E-01
  4446.066 9.875E-01
  4446.266 9.807E-01
  4446.466 9.750E-01
  4446.666 9.712E-01
  4446.866 9.688E-01
  4447.067 9.672E-01
  4447.267 9.655E-01
  4447.467 9.641E-01
  4447.667 9.646E-01
  4447.867 9.670E-01
  4448.068 9.706E-01
  4448.268 9.732E-01
  4448.468 9.754E-01
  4448.668 9.781E-01
  4448.868 9.823E-01
  4449.069 9.876E-01
  4449.269 9.931E-01
  4449.469 9.970E-01
  4449.669 9.989E-01
  4449.869 9.996E-01
  4450.070 9.998E-01
  4450.270 9.999E-01
  4450.470 9.998E-01
  4450.670 9.998E-01
  4450.870 9.996E-01
  4451.071 9.990E-01
  4451.271 9.970E-01
  4451.471 9.930E-01
  4451.671 9.885E-01
  4451.871 9.848E-01
  4452.072 9.823E-01
  4452.272 9.811E-01
  4452.472 9.811E-01
  4452.672 9.823E-01
  4452.872 9.846E-01
  4453.073 9.882E-01
  4453.273 9.927E-01
  4453.473 9.969E-01
  4453.673 9.990E-01
  4453.873 9.997E-01
  4454.074 9.998E-01
  4454.274 9.999E-01
  4454.474 9.998E-01
  4454.674 9.998E-01
  4454.874 9.998E-01
  4455.075 9.998E-01
  4455.275 9.998E-01
  4455.475 9.997E-01
  4455.675 9.997E-01
  4455.875 9.996E-01
  4456.076 9.994E-01
  4456.276 9.992E-01
  4456.476 9.990E-01
  4456.676 9.989E-01
  4456.876 9.988E-01
  4457.077 9.988E-01
  4457.277 9.989E-01
  4457.477 9.990E-01
  4457.677 9.991E-01
  4457.877 9.993E-01
  4458.078 9.996E-01
  4458.278 9.997E-01
  4458.478 9.997E-01
  4458.678 9.997E-01
  4458.878 9.996E-01
  4459.079 9.993E-01
  4459.279 9.991E-01
  4459.479 9.989E-01
  4459.679 9.987E-01
  4459.879 9.987E-01
  4460.080 9.987E-01
  4460.280 9.987E-01
  4460.480 9.988E-01
  4460.680 9.990E-01
  4460.880 9.992E-01
  4461.081 9.994E-01
  4461.281 9.995E-01
  4461.481 9.995E-01
  4461.681 9.995E-01
  4461.881 9.995E-01
  4462.082 9.995E-01
  4462.282 9.995E-01
  4462.482 9.994E-01
  4462.682 9.992E-01
  4462.882 9.990E-01
  4463.083 9.989E-01
  4463.283 9.988E-01
  4463.483 9.987E-01
  4463.683 9.987E-01
  4463.883 9.987E-01
  4464.084 9.984E-01
  4464.284 9.975E-01
  4464.484 9.953E-01
  4464.684 9.923E-01
  4464.884 9.894E-01
  4465.085 9.867E-01
  4465.285 9.837E-01
  4465.485 9.807E-01
  4465.685 9.781E-01
  4465.885 9.768E-01
  4466.086 9.770E-01
  4466.286 9.784E-01
  4466.486 9.798E-01
  4466.686 9.793E-01
  4466.886 9.767E-01
  4467.087 9.737E-01
  4467.287 9.718E-01
  4467.487 9.709E-01
  4467.687 9.706E-01
  4467.887 9.709E-01
  4468.088 9.720E-01
  4468.288 9.737E-01
  4468.488 9.756E-01
  4468.688 9.772E-01
  4468.888 9.775E-01
  4469.089 9.755E-01
  4469.289 9.713E-01
  4469.489 9.665E-01
  4469.689 9.619E-01
  4469.889 9.570E-01
  4470.090 9.493E-01
  4470.290 9.339E-01
  4470.490 9.062E-01
  4470.690 8.680E-01
  4470.890 8.275E-01
  4471.091 7.938E-01
  4471.291 7.715E-01
  4471.491 7.621E-01
  4471.691 7.661E-01
  4471.891 7.837E-01
  4472.092 8.146E-01
  4472.292 8.562E-01
  4472.492 9.012E-01
  4472.692 9.396E-01
  4472.892 9.653E-01
  4473.093 9.792E-01
  4473.293 9.861E-01
  4473.493 9.897E-01
  4473.693 9.920E-01
  4473.893 9.935E-01
  4474.094 9.947E-01
  4474.294 9.956E-01
  4474.494 9.963E-01
  4474.694 9.968E-01
  4474.894 9.972E-01
  4475.095 9.975E-01
  4475.295 9.978E-01
  4475.495 9.980E-01
  4475.695 9.982E-01
  4475.895 9.984E-01
  4476.096 9.986E-01
  4476.296 9.987E-01
  4476.496 9.986E-01
  4476.696 9.983E-01
  4476.896 9.978E-01
  4477.097 9.974E-01
  4477.297 9.970E-01
  4477.497 9.967E-01
  4477.697 9.965E-01
  4477.897 9.964E-01
  4478.098 9.966E-01
  4478.298 9.969E-01
  4478.498 9.971E-01
  4478.698 9.963E-01
  4478.898 9.932E-01
  4479.099 9.876E-01
  4479.299 9.821E-01
  4479.499 9.779E-01
  4479.699 9.748E-01
  4479.899 9.713E-01
  4480.100 9.645E-01
  4480.300 9.529E-01
  4480.500 9.406E-01
  4480.700 9.324E-01
  4480.900 9.293E-01
  4481.101 9.294E-01
  4481.301 9.310E-01
  4481.501 9.354E-01
  4481.701 9.438E-01
  4481.901 9.565E-01
  4482.102 9.723E-01
  4482.302 9.867E-01
  4482.502 9.953E-01
  4482.702 9.986E-01
  4482.902 9.994E-01
  4483.103 9.995E-01
  4483.303 9.995E-01
  4483.503 9.995E-01
  4483.703 9.996E-01
  4483.903 9.996E-01
  4484.104 9.997E-01
  4484.304 9.997E-01
  4484.504 9.998E-01
  4484.704 9.998E-01
  4484.904 9.998E-01
  4485.105 9.998E-01
  4485.305 9.998E-01
  4485.505 9.998E-01
  4485.705 9.997E-01
  4485.905 9.997E-01
  4486.106 9.996E-01
  4486.306 9.996E-01
  4486.506 9.994E-01
  4486.706 9.991E-01
  4486.906 9.985E-01
  4487.107 9.977E-01
  4487.307 9.966E-01
  4487.507 9.956E-01
  4487.707 9.950E-01
  4487.907 9.945E-01
  4488.108 9.939E-01
  4488.308 9.928E-01
  4488.508 9.916E-01
  4488.708 9.908E-01
  4488.908 9.905E-01
  4489.109 9.908E-01
  4489.309 9.913E-01
  4489.509 9.919E-01
  4489.709 9.928E-01
  4489.909 9.941E-01
  4490.110 9.958E-01
  4490.310 9.978E-01
  4490.510 9.991E-01
  4490.710 9.996E-01
  4490.910 9.998E-01
  4491.111 9.998E-01
  4491.311 9.998E-01
  4491.511 9.997E-01
  4491.711 9.997E-01
  4491.911 9.996E-01
  4492.112 9.996E-01
  4492.312 9.997E-01
  4492.512 9.997E-01
  4492.712 9.997E-01
  4492.912 9.997E-01
  4493.113 9.998E-01
  4493.313 9.998E-01
  4493.513 9.999E-01
  4493.713 9.999E-01
  4493.913 9.999E-01
  4494.114 9.999E-01
  4494.314 9.999E-01
  4494.514 9.999E-01
  4494.714 9.999E-01
  4494.914 9.999E-01
  4495.115 9.999E-01
  4495.315 9.999E-01
  4495.515 9.998E-01
  4495.715 9.998E-01
  4495.915 9.998E-01
  4496.116 9.997E-01
  4496.316 9.997E-01
  4496.516 9.997E-01
  4496.716 9.997E-01
  4496.916 9.997E-01
  4497.117 9.996E-01
  4497.317 9.995E-01
  4497.517 9.994E-01
  4497.717 9.994E-01
  4497.917 9.992E-01
  4498.118 9.987E-01
  4498.318 9.978E-01
  4498.518 9.968E-01
  4498.718 9.961E-01
  4498.918 9.956E-01
  4499.119 9.954E-01
  4499.319 9.955E-01
  4499.519 9.956E-01
  4499.719 9.957E-01
  4499.919 9.956E-01
  4500.120 9.954E-01
  4500.320 9.954E-01
  4500.520 9.952E-01
  4500.720 9.950E-01
  4500.920 9.950E-01
  4501.121 9.952E-01
  4501.321 9.957E-01
  4501.521 9.966E-01
  4501.721 9.978E-01
  4501.921 9.990E-01
  4502.122 9.996E-01
  4502.322 9.999E-01
  4502.522 9.999E-01
  4502.722 1.000E+00
  4502.922 1.000E+00
  4503.123 1.000E+00
  4503.323 9.999E-01
  4503.523 9.999E-01
  4503.723 9.999E-01
  4503.923 9.999E-01
  4504.124 9.999E-01
  4504.324 9.999E-01
  4504.524 9.998E-01
  4504.724 9.997E-01
  4504.924 9.997E-01
  4505.125 9.996E-01
  4505.325 9.996E-01
  4505.525 9.996E-01
  4505.725 9.996E-01
  4505.925 9.996E-01
  4506.126 9.996E-01
  4506.326 9.996E-01
  4506.526 9.992E-01
  4506.726 9.985E-01
  4506.926 9.978E-01
  4507.127 9.973E-01
  4507.327 9.969E-01
  4507.527 9.966E-01
  4507.727 9.965E-01
  4507.927 9.966E-01
  4508.128 9.969E-01
  4508.328 9.975E-01
  4508.528 9.982E-01
  4508.728 9.987E-01
  4508.928 9.991E-01
  4509.129 9.993E-01
  4509.329 9.995E-01
  4509.529 9.996E-01
  4509.729 9.997E-01
  4509.929 9.997E-01
  4510.130 9.996E-01
  4510.330 9.995E-01
  4510.530 9.993E-01
  4510.730 9.992E-01
  4510.930 9.990E-01
  4511.131 9.987E-01
  4511.331 9.976E-01
  4511.531 9.949E-01
  4511.731 9.904E-01
  4511.931 9.862E-01
  4512.132 9.832E-01
  4512.332 9.813E-01
  4512.532 9.807E-01
  4512.732 9.811E-01
  4512.932 9.825E-01
  4513.133 9.845E-01
  4513.333 9.866E-01
  4513.533 9.887E-01
  4513.733 9.900E-01
  4513.933 9.898E-01
  4514.134 9.891E-01
  4514.334 9.887E-01
  4514.534 9.888E-01
  4514.734 9.897E-01
  4514.934 9.912E-01
  4515.135 9.935E-01
  4515.335 9.960E-01
  4515.535 9.978E-01
  4515.735 9.986E-01
  4515.935 9.988E-01
  4516.136 9.988E-01
  4516.336 9.988E-01
  4516.536 9.989E-01
  4516.736 9.989E-01
  4516.936 9.990E-01
  4517.137 9.990E-01
  4517.337 9.990E-01
  4517.537 9.991E-01
  4517.737 9.993E-01
  4517.937 9.994E-01
  4518.138 9.995E-01
  4518.338 9.995E-01
  4518.538 9.996E-01
  4518.738 9.997E-01
  4518.938 9.997E-01
  4519.139 9.998E-01
  4519.339 9.998E-01
  4519.539 9.998E-01
  4519.739 9.999E-01
  4519.939 9.999E-01
  4520.140 9.999E-01
  4520.340 9.999E-01
  4520.540 9.999E-01
  4520.740 9.999E-01
  4520.940 9.999E-01
  4521.141 9.999E-01
  4521.341 9.999E-01
  4521.541 9.998E-01
  4521.741 9.996E-01
  4521.941 9.994E-01
  4522.142 9.992E-01
  4522.342 9.991E-01
  4522.542 9.990E-01
  4522.742 9.989E-01
  4522.942 9.989E-01
  4523.143 9.990E-01
  4523.343 9.988E-01
  4523.543 9.980E-01
  4523.743 9.956E-01
  4523.943 9.921E-01
  4524.144 9.882E-01
  4524.344 9.852E-01
  4524.544 9.832E-01
  4524.744 9.824E-01
  4524.944 9.826E-01
  4525.145 9.839E-01
  4525.345 9.863E-01
  4525.545 9.898E-01
  4525.745 9.939E-01
  4525.945 9.972E-01
  4526.146 9.990E-01
  4526.346 9.997E-01
  4526.546 9.998E-01
  4526.746 9.997E-01
  4526.946 9.994E-01
  4527.147 9.991E-01
  4527.347 9.988E-01
  4527.547 9.984E-01
  4527.747 9.976E-01
  4527.947 9.951E-01
  4528.148 9.900E-01
  4528.348 9.826E-01
  4528.548 9.760E-01
  4528.748 9.713E-01
  4528.948 9.686E-01
  4529.149 9.672E-01
  4529.349 9.666E-01
  4529.549 9.665E-01
  4529.749 9.685E-01
  4529.949 9.730E-01
  4530.150 9.788E-01
  4530.350 9.838E-01
  4530.550 9.863E-01
  4530.750 9.879E-01
  4530.950 9.898E-01
  4531.151 9.924E-01
  4531.351 9.955E-01
  4531.551 9.982E-01
  4531.751 9.994E-01
  4531.951 9.998E-01
  4532.152 9.999E-01
  4532.352 9.999E-01
  4532.552 9.999E-01
  4532.752 9.999E-01
  4532.952 9.998E-01
  4533.153 9.998E-01
  4533.353 9.996E-01
  4533.553 9.993E-01
  4533.753 9.991E-01
  4533.953 9.989E-01
  4534.154 9.988E-01
  4534.354 9.987E-01
  4534.554 9.987E-01
  4534.754 9.987E-01
  4534.954 9.988E-01
  4535.155 9.991E-01
  4535.355 9.993E-01
  4535.555 9.995E-01
  4535.755 9.997E-01
  4535.955 9.997E-01
  4536.156 9.998E-01
  4536.356 9.998E-01
  4536.556 9.998E-01
  4536.756 9.998E-01
  4536.956 9.998E-01
  4537.157 9.998E-01
  4537.357 9.998E-01
  4537.557 9.998E-01
  4537.757 9.998E-01
  4537.957 9.998E-01
  4538.158 9.999E-01
  4538.358 9.999E-01
  4538.558 9.998E-01
  4538.758 9.997E-01
  4538.958 9.996E-01
  4539.159 9.995E-01
  4539.359 9.994E-01
  4539.559 9.993E-01
  4539.759 9.993E-01
  4539.959 9.992E-01
  4540.160 9.992E-01
  4540.360 9.991E-01
  4540.560 9.990E-01
  4540.760 9.989E-01
  4540.960 9.987E-01
  4541.161 9.986E-01
  4541.361 9.985E-01
  4541.561 9.985E-01
  4541.761 9.985E-01
  4541.961 9.987E-01
  4542.162 9.988E-01
  4542.362 9.991E-01
  4542.562 9.993E-01
  4542.762 9.995E-01
  4542.962 9.996E-01
  4543.163 9.997E-01
  4543.363 9.998E-01
  4543.563 9.998E-01
  4543.763 9.998E-01
  4543.963 9.997E-01
  4544.164 9.994E-01
  4544.364 9.992E-01
  4544.564 9.990E-01
  4544.764 9.989E-01
  4544.964 9.989E-01
  4545.165 9.989E-01
  4545.365 9.989E-01
  4545.565 9.990E-01
  4545.765 9.992E-01
  4545.965 9.995E-01
  4546.166 9.997E-01
  4546.366 9.998E-01
  4546.566 9.998E-01
  4546.766 9.998E-01
  4546.966 9.998E-01
  4547.167 9.999E-01
  4547.367 9.999E-01
  4547.567 9.999E-01
  4547.767 9.999E-01
  4547.967 9.999E-01
  4548.168 9.999E-01
  4548.368 9.998E-01
  4548.568 9.996E-01
  4548.768 9.995E-01
  4548.968 9.993E-01
  4549.169 9.992E-01
  4549.369 9.991E-01
  4549.569 9.991E-01
  4549.769 9.991E-01
  4549.969 9.992E-01
  4550.170 9.994E-01
  4550.370 9.995E-01
  4550.570 9.997E-01
  4550.770 9.997E-01
  4550.970 9.995E-01
  4551.171 9.980E-01
  4551.371 9.925E-01
  4551.571 9.796E-01
  4551.771 9.600E-01
  4551.971 9.412E-01
  4552.172 9.272E-01
  4552.372 9.187E-01
  4552.572 9.154E-01
  4552.772 9.170E-01
  4552.972 9.238E-01
  4553.173 9.359E-01
  4553.373 9.531E-01
  4553.573 9.729E-01
  4553.773 9.890E-01
  4553.973 9.966E-01
  4554.174 9.990E-01
  4554.374 9.995E-01
  4554.574 9.996E-01
  4554.774 9.996E-01
  4554.974 9.996E-01
  4555.175 9.997E-01
  4555.375 9.997E-01
  4555.575 9.997E-01
  4555.775 9.997E-01
  4555.975 9.997E-01
  4556.176 9.997E-01
  4556.376 9.997E-01
  4556.576 9.997E-01
  4556.776 9.996E-01
  4556.976 9.995E-01
  4557.177 9.994E-01
  4557.377 9.994E-01
  4557.577 9.993E-01
  4557.777 9.993E-01
  4557.977 9.992E-01
  4558.178 9.992E-01
  4558.378 9.993E-01
  4558.578 9.994E-01
  4558.778 9.995E-01
  4558.978 9.996E-01
  4559.179 9.996E-01
  4559.379 9.996E-01
  4559.579 9.997E-01
  4559.779 9.998E-01
  4559.979 9.998E-01
  4560.180 9.999E-01
  4560.380 9.999E-01
  4560.580 9.999E-01
  4560.780 9.999E-01
  4560.980 9.999E-01
  4561.181 9.999E-01
  4561.381 9.998E-01
  4561.581 9.998E-01
  4561.781 9.998E-01
  4561.981 9.997E-01
  4562.182 9.995E-01
  4562.382 9.991E-01
  4562.582 9.988E-01
  4562.782 9.986E-01
  4562.982 9.985E-01
  4563.183 9.985E-01
  4563.383 9.985E-01
  4563.583 9.986E-01
  4563.783 9.987E-01
  4563.983 9.990E-01
  4564.184 9.993E-01
  4564.384 9.995E-01
  4564.584 9.996E-01
  4564.784 9.997E-01
  4564.984 9.997E-01
  4565.185 9.997E-01
  4565.385 9.997E-01
  4565.585 9.998E-01
  4565.785 9.998E-01
  4565.985 9.998E-01
  4566.186 9.997E-01
  4566.386 9.988E-01
  4566.586 9.952E-01
  4566.786 9.858E-01
  4566.986 9.705E-01
  4567.187 9.557E-01
  4567.387 9.445E-01
  4567.587 9.375E-01
  4567.787 9.345E-01
  4567.987 9.354E-01
  4568.188 9.400E-01
  4568.388 9.487E-01
  4568.588 9.611E-01
  4568.788 9.755E-01
  4568.988 9.875E-01
  4569.189 9.925E-01
  4569.389 9.934E-01
  4569.589 9.930E-01
  4569.789 9.926E-01
  4569.989 9.928E-01
  4570.190 9.933E-01
  4570.390 9.943E-01
  4570.590 9.956E-01
  4570.790 9.972E-01
  4570.990 9.983E-01
  4571.191 9.991E-01
  4571.391 9.995E-01
  4571.591 9.997E-01
  4571.791 9.998E-01
  4571.991 9.998E-01
  4572.192 9.997E-01
  4572.392 9.997E-01
  4572.592 9.996E-01
  4572.792 9.996E-01
  4572.992 9.995E-01
  4573.193 9.994E-01
  4573.393 9.982E-01
  4573.593 9.942E-01
  4573.793 9.855E-01
  4573.993 9.752E-01
  4574.194 9.664E-01
  4574.394 9.603E-01
  4574.594 9.569E-01
  4574.794 9.562E-01
  4574.994 9.579E-01
  4575.195 9.624E-01
  4575.395 9.696E-01
  4575.595 9.794E-01
  4575.795 9.897E-01
  4575.995 9.964E-01
  4576.196 9.990E-01
  4576.396 9.997E-01
  4576.596 9.998E-01
  4576.796 9.998E-01
  4576.996 9.998E-01
  4577.197 9.998E-01
  4577.397 9.998E-01
  4577.597 9.998E-01
  4577.797 9.998E-01
  4577.997 9.997E-01
  4578.198 9.994E-01
  4578.398 9.988E-01
  4578.598 9.981E-01
  4578.798 9.976E-01
  4578.998 9.973E-01
  4579.199 9.971E-01
  4579.399 9.971E-01
  4579.599 9.973E-01
  4579.799 9.977E-01
  4579.999 9.982E-01
  4580.200 9.989E-01
  4580.400 9.995E-01
  4580.600 9.998E-01
  4580.800 9.999E-01
  4581.000 1.000E+00
  4581.201 9.999E-01
  4581.401 9.999E-01
  4581.601 9.999E-01
  4581.801 9.998E-01
  4582.001 9.998E-01
  4582.202 9.998E-01
  4582.402 9.998E-01
  4582.602 9.998E-01
  4582.802 9.998E-01
  4583.002 9.997E-01
  4583.203 9.997E-01
  4583.403 9.997E-01
  4583.603 9.997E-01
  4583.803 9.997E-01
  4584.003 9.997E-01
  4584.204 9.997E-01
  4584.404 9.997E-01
  4584.604 9.998E-01
  4584.804 9.999E-01
  4585.004 9.999E-01
  4585.205 9.999E-01
  4585.405 9.999E-01
  4585.605 9.999E-01
  4585.805 9.999E-01
  4586.005 9.999E-01
  4586.206 9.999E-01
  4586.406 1.000E+00
  4586.606 1.000E+00
  4586.806 1.000E+00
  4587.006 9.999E-01
  4587.207 9.998E-01
  4587.407 9.997E-01
  4587.607 9.996E-01
  4587.807 9.996E-01
  4588.007 9.995E-01
  4588.208 9.995E-01
  4588.408 9.995E-01
  4588.608 9.995E-01
  4588.808 9.994E-01
  4589.008 9.991E-01
  4589.209 9.988E-01
  4589.409 9.984E-01
  4589.609 9.974E-01
  4589.809 9.946E-01
  4590.009 9.888E-01
  4590.210 9.820E-01
  4590.410 9.762E-01
  4590.610 9.724E-01
  4590.810 9.705E-01
  4591.010 9.703E-01
  4591.211 9.716E-01
  4591.411 9.746E-01
  4591.611 9.794E-01
  4591.811 9.859E-01
  4592.011 9.928E-01
  4592.212 9.974E-01
  4592.412 9.993E-01
  4592.612 9.998E-01
  4592.812 9.999E-01
  4593.012 9.999E-01
  4593.213 9.999E-01
  4593.413 9.999E-01
  4593.613 9.999E-01
  4593.813 9.999E-01
  4594.013 9.999E-01
  4594.214 9.999E-01
  4594.414 9.999E-01
  4594.614 9.996E-01
  4594.814 9.984E-01
  4595.014 9.951E-01
  4595.215 9.890E-01
  4595.415 9.820E-01
  4595.615 9.762E-01
  4595.815 9.723E-01
  4596.015 9.703E-01
  4596.216 9.701E-01
  4596.416 9.716E-01
  4596.616 9.749E-01
  4596.816 9.801E-01
  4597.016 9.868E-01
  4597.217 9.935E-01
  4597.417 9.977E-01
  4597.617 9.994E-01
  4597.817 9.998E-01
  4598.017 9.998E-01
  4598.218 9.999E-01
  4598.418 9.999E-01
  4598.618 9.999E-01
  4598.818 9.999E-01
  4599.018 1.000E+00
  4599.219 1.000E+00
  4599.419 1.000E+00
  4599.619 1.000E+00
  4599.819 1.000E+00
