  3980.000 9.613E-01
  3982.002 9.691E-01
  3984.004 9.734E-01
  3986.006 9.770E-01
  3988.008 9.795E-01
  3990.010 9.824E-01
  3992.012 9.846E-01
  3994.014 9.858E-01
  3996.016 9.860E-01
  3998.018 9.852E-01
  4000.020 9.808E-01
  4002.022 9.695E-01
  4004.024 9.621E-01
  4006.026 9.569E-01
  4008.028 9.541E-01
  4010.030 9.541E-01
  4012.032 9.567E-01
  4014.034 9.609E-01
  4016.036 9.630E-01
  4018.038 9.541E-01
  4020.040 9.411E-01
  4022.042 9.283E-01
  4024.044 9.204E-01
  4026.046 9.178E-01
  4028.048 9.202E-01
  4030.050 9.286E-01
  4032.052 9.428E-01
  4034.054 9.620E-01
  4036.056 9.812E-01
  4038.058 9.865E-01
  4040.060 9.877E-01
  4042.062 9.888E-01
  4044.064 9.901E-01
  4046.066 9.911E-01
  4048.068 9.922E-01
  4050.070 9.935E-01
  4052.072 9.940E-01
  4054.074 9.937E-01
  4056.076 9.930E-01
  4058.078 9.926E-01
  4060.080 9.922E-01
  4062.082 9.893E-01
  4064.084 9.856E-01
  4066.086 9.798E-01
  4068.088 9.698E-01
  4070.090 9.623E-01
  4072.092 9.571E-01
  4074.094 9.541E-01
  4076.096 9.530E-01
  4078.098 9.544E-01
  4080.100 9.576E-01
  4082.102 9.607E-01
  4084.104 9.643E-01
  4086.106 9.641E-01
  4088.108 9.547E-01
  4090.110 9.371E-01
  4092.112 9.069E-01
  4094.114 8.624E-01
  4096.116 8.199E-01
  4098.118 7.880E-01
  4100.120 7.698E-01
  4102.122 7.659E-01
  4104.124 7.769E-01
  4106.126 8.027E-01
  4108.128 8.405E-01
  4110.130 8.851E-01
  4112.132 9.209E-01
  4114.134 9.400E-01
  4116.136 9.505E-01
  4118.138 9.568E-01
  4120.140 9.610E-01
  4122.142 9.641E-01
  4124.144 9.668E-01
  4126.146 9.705E-01
  4128.148 9.761E-01
  4130.150 9.833E-01
  4132.152 9.858E-01
  4134.154 9.827E-01
  4136.156 9.717E-01
  4138.158 9.646E-01
  4140.160 9.605E-01
  4142.162 9.581E-01
  4144.164 9.569E-01
  4146.166 9.576E-01
  4148.168 9.610E-01
  4150.170 9.676E-01
  4152.172 9.776E-01
  4154.174 9.882E-01
  4156.176 9.900E-01
  4158.178 9.906E-01
  4160.180 9.898E-01
  4162.182 9.885E-01
  4164.184 9.879E-01
  4166.186 9.870E-01
  4168.188 9.859E-01
  4170.190 9.859E-01
  4172.192 9.868E-01
  4174.194 9.884E-01
  4176.196 9.901E-01
  4178.198 9.921E-01
  4180.200 9.931E-01
  4182.202 9.924E-01
  4184.204 9.922E-01
  4186.206 9.922E-01
  4188.208 9.919E-01
  4190.210 9.922E-01
  4192.212 9.925E-01
  4194.214 9.935E-01
  4196.216 9.949E-01
  4198.218 9.960E-01
  4200.220 9.974E-01
  4202.222 9.977E-01
  4204.224 9.979E-01
  4206.226 9.981E-01
  4208.228 9.982E-01
  4210.230 9.984E-01
  4212.232 9.984E-01
  4214.234 9.978E-01
  4216.236 9.975E-01
  4218.238 9.971E-01
  4220.240 9.968E-01
  4222.242 9.965E-01
  4224.244 9.964E-01
  4226.246 9.964E-01
  4228.248 9.958E-01
  4230.250 9.955E-01
  4232.252 9.951E-01
  4234.254 9.939E-01
  4236.256 9.932E-01
  4238.258 9.926E-01
  4240.260 9.922E-01
  4242.262 9.921E-01
  4244.264 9.916E-01
  4246.266 9.908E-01
  4248.268 9.906E-01
  4250.270 9.906E-01
  4252.272 9.913E-01
  4254.274 9.916E-01
  4256.276 9.921E-01
  4258.278 9.894E-01
  4260.280 9.872E-01
  4262.282 9.864E-01
  4264.284 9.869E-01
  4266.286 9.858E-01
  4268.288 9.839E-01
  4270.290 9.830E-01
  4272.292 9.831E-01
  4274.294 9.838E-01
  4276.296 9.851E-01
  4278.298 9.865E-01
  4280.300 9.858E-01
  4282.302 9.857E-01
  4284.304 9.867E-01
  4286.306 9.878E-01
  4288.308 9.885E-01
  4290.310 9.891E-01
  4292.312 9.905E-01
  4294.314 9.916E-01
  4296.316 9.915E-01
  4298.318 9.910E-01
  4300.320 9.907E-01
  4302.322 9.903E-01
  4304.324 9.900E-01
  4306.326 9.894E-01
  4308.328 9.876E-01
  4310.330 9.855E-01
  4312.332 9.840E-01
  4314.334 9.836E-01
  4316.336 9.823E-01
  4318.338 9.806E-01
  4320.340 9.786E-01
  4322.342 9.757E-01
  4324.344 9.707E-01
  4326.346 9.626E-01
  4328.348 9.477E-01
  4330.350 9.201E-01
  4332.352 8.784E-01
  4334.354 8.390E-01
  4336.356 8.083E-01
  4338.358 7.884E-01
  4340.360 7.800E-01
  4342.362 7.840E-01
  4344.364 8.002E-01
  4346.366 8.286E-01
  4348.368 8.670E-01
  4350.370 9.088E-01
  4352.372 9.394E-01
  4354.374 9.578E-01
  4356.376 9.694E-01
  4358.378 9.762E-01
  4360.380 9.805E-01
  4362.382 9.820E-01
  4364.384 9.807E-01
  4366.386 9.795E-01
  4368.388 9.788E-01
  4370.390 9.789E-01
  4372.392 9.800E-01
  4374.394 9.815E-01
  4376.396 9.830E-01
  4378.398 9.771E-01
  4380.400 9.670E-01
  4382.402 9.610E-01
  4384.404 9.567E-01
  4386.406 9.536E-01
  4388.408 9.527E-01
  4390.410 9.546E-01
  4392.412 9.589E-01
  4394.414 9.663E-01
  4396.416 9.772E-01
  4398.418 9.911E-01
  4400.420 9.943E-01
  4402.422 9.940E-01
  4404.424 9.935E-01
  4406.426 9.918E-01
  4408.428 9.888E-01
  4410.430 9.865E-01
  4412.432 9.851E-01
  4414.434 9.847E-01
  4416.436 9.852E-01
  4418.438 9.862E-01
  4420.440 9.882E-01
  4422.442 9.900E-01
  4424.444 9.913E-01
  4426.446 9.929E-01
  4428.448 9.912E-01
  4430.450 9.891E-01
  4432.452 9.873E-01
  4434.454 9.859E-01
  4436.456 9.856E-01
  4438.458 9.846E-01
  4440.460 9.843E-01
  4442.462 9.850E-01
  4444.464 9.860E-01
  4446.466 9.880E-01
  4448.468 9.910E-01
  4450.470 9.917E-01
  4452.472 9.927E-01
  4454.474 9.936E-01
  4456.476 9.940E-01
  4458.478 9.932E-01
  4460.480 9.867E-01
  4462.482 9.691E-01
  4464.484 9.530E-01
  4466.486 9.415E-01
  4468.488 9.344E-01
  4470.490 9.307E-01
  4472.492 9.279E-01
  4474.494 9.305E-01
  4476.496 9.382E-01
  4478.498 9.502E-01
  4480.500 9.663E-01
  4482.502 9.821E-01
  4484.504 9.866E-01
  4486.506 9.889E-01
  4488.508 9.915E-01
  4490.510 9.949E-01
  4492.512 9.975E-01
  4494.514 9.978E-01
  4496.516 9.981E-01
  4498.518 9.985E-01
  4500.520 9.986E-01
  4502.522 9.982E-01
  4504.524 9.973E-01
  4506.526 9.966E-01
  4508.528 9.962E-01
  4510.530 9.961E-01
  4512.532 9.961E-01
  4514.534 9.960E-01
  4516.536 9.958E-01
  4518.538 9.959E-01
  4520.540 9.945E-01
  4522.542 9.939E-01
  4524.544 9.937E-01
  4526.546 9.933E-01
  4528.548 9.932E-01
  4530.550 9.934E-01
  4532.552 9.940E-01
  4534.554 9.951E-01
  4536.556 9.963E-01
  4538.558 9.977E-01
  4540.560 9.992E-01
  4542.562 9.980E-01
  4544.564 9.956E-01
  4546.566 9.940E-01
  4548.568 9.929E-01
  4550.570 9.923E-01
  4552.572 9.921E-01
  4554.574 9.922E-01
  4556.576 9.928E-01
  4558.578 9.919E-01
  4560.580 9.918E-01
  4562.582 9.929E-01
  4564.584 9.932E-01
  4566.586 9.917E-01
  4568.588 9.909E-01
  4570.590 9.906E-01
  4572.592 9.908E-01
  4574.594 9.917E-01
  4576.596 9.932E-01
  4578.598 9.959E-01
  4580.600 9.962E-01
  4582.602 9.960E-01
  4584.604 9.964E-01
  4586.606 9.961E-01
  4588.608 9.952E-01
  4590.610 9.947E-01
  4592.612 9.944E-01
  4594.614 9.945E-01
  4596.616 9.948E-01
  4598.618 9.956E-01
