  3980.000 9.190E-01
  3980.229 9.162E-01
  3980.458 9.170E-01
  3980.686 9.197E-01
  3980.915 9.238E-01
  3981.144 9.287E-01
  3981.373 9.333E-01
  3981.602 9.355E-01
  3981.830 9.348E-01
  3982.059 9.336E-01
  3982.288 9.331E-01
  3982.517 9.332E-01
  3982.746 9.336E-01
  3982.974 9.343E-01
  3983.203 9.362E-01
  3983.432 9.396E-01
  3983.661 9.442E-01
  3983.890 9.487E-01
  3984.118 9.518E-01
  3984.347 9.544E-01
  3984.576 9.570E-01
  3984.805 9.597E-01
  3985.034 9.615E-01
  3985.262 9.625E-01
  3985.491 9.633E-01
  3985.720 9.642E-01
  3985.949 9.653E-01
  3986.178 9.664E-01
  3986.406 9.677E-01
  3986.635 9.690E-01
  3986.864 9.703E-01
  3987.093 9.716E-01
  3987.322 9.725E-01
  3987.550 9.733E-01
  3987.779 9.740E-01
  3988.008 9.747E-01
  3988.237 9.753E-01
  3988.466 9.760E-01
  3988.694 9.765E-01
  3988.923 9.771E-01
  3989.152 9.776E-01
  3989.381 9.781E-01
  3989.610 9.786E-01
  3989.838 9.790E-01
  3990.067 9.792E-01
  3990.296 9.795E-01
  3990.525 9.796E-01
  3990.754 9.795E-01
  3990.982 9.791E-01
  3991.211 9.787E-01
  3991.440 9.784E-01
  3991.669 9.785E-01
  3991.898 9.788E-01
  3992.126 9.793E-01
  3992.355 9.799E-01
  3992.584 9.805E-01
  3992.813 9.812E-01
  3993.042 9.819E-01
  3993.270 9.824E-01
  3993.499 9.824E-01
  3993.728 9.804E-01
  3993.957 9.742E-01
  3994.186 9.637E-01
  3994.414 9.543E-01
  3994.643 9.481E-01
  3994.872 9.451E-01
  3995.101 9.452E-01
  3995.330 9.484E-01
  3995.558 9.550E-01
  3995.787 9.649E-01
  3996.016 9.761E-01
  3996.245 9.835E-01
  3996.474 9.862E-01
  3996.702 9.868E-01
  3996.931 9.866E-01
  3997.160 9.862E-01
  3997.389 9.858E-01
  3997.618 9.854E-01
  3997.846 9.848E-01
  3998.075 9.843E-01
  3998.304 9.840E-01
  3998.533 9.840E-01
  3998.762 9.842E-01
  3998.990 9.846E-01
  3999.219 9.848E-01
  3999.448 9.851E-01
  3999.677 9.854E-01
  3999.906 9.856E-01
  4000.134 9.856E-01
  4000.363 9.856E-01
  4000.592 9.855E-01
  4000.821 9.855E-01
  4001.050 9.855E-01
  4001.278 9.854E-01
  4001.507 9.850E-01
  4001.736 9.844E-01
  4001.965 9.837E-01
  4002.194 9.829E-01
  4002.422 9.822E-01
  4002.651 9.816E-01
  4002.880 9.811E-01
  4003.109 9.807E-01
  4003.338 9.805E-01
  4003.566 9.803E-01
  4003.795 9.794E-01
  4004.024 9.772E-01
  4004.253 9.740E-01
  4004.482 9.709E-01
  4004.710 9.682E-01
  4004.939 9.662E-01
  4005.168 9.646E-01
  4005.397 9.636E-01
  4005.626 9.632E-01
  4005.854 9.634E-01
  4006.083 9.634E-01
  4006.312 9.620E-01
  4006.541 9.591E-01
  4006.770 9.550E-01
  4006.998 9.498E-01
  4007.227 9.434E-01
  4007.456 9.356E-01
  4007.685 9.256E-01
  4007.914 9.128E-01
  4008.142 8.964E-01
  4008.371 8.773E-01
  4008.600 8.585E-01
  4008.829 8.432E-01
  4009.058 8.336E-01
  4009.286 8.309E-01
  4009.515 8.352E-01
  4009.744 8.463E-01
  4009.973 8.627E-01
  4010.202 8.820E-01
  4010.430 9.007E-01
  4010.659 9.164E-01
  4010.888 9.285E-01
  4011.117 9.380E-01
  4011.346 9.454E-01
  4011.574 9.514E-01
  4011.803 9.563E-01
  4012.032 9.604E-01
  4012.261 9.638E-01
  4012.490 9.667E-01
  4012.718 9.691E-01
  4012.947 9.712E-01
  4013.176 9.729E-01
  4013.405 9.744E-01
  4013.634 9.757E-01
  4013.862 9.768E-01
  4014.091 9.778E-01
  4014.320 9.787E-01
  4014.549 9.795E-01
  4014.778 9.803E-01
  4015.006 9.809E-01
  4015.235 9.812E-01
  4015.464 9.814E-01
  4015.693 9.816E-01
  4015.922 9.817E-01
  4016.150 9.818E-01
  4016.379 9.816E-01
  4016.608 9.815E-01
  4016.837 9.814E-01
  4017.066 9.814E-01
  4017.294 9.814E-01
  4017.523 9.814E-01
  4017.752 9.813E-01
  4017.981 9.812E-01
  4018.210 9.809E-01
  4018.438 9.804E-01
  4018.667 9.797E-01
  4018.896 9.788E-01
  4019.125 9.779E-01
  4019.354 9.771E-01
  4019.582 9.762E-01
  4019.811 9.752E-01
  4020.040 9.742E-01
  4020.269 9.731E-01
  4020.498 9.718E-01
  4020.726 9.699E-01
  4020.955 9.676E-01
  4021.184 9.644E-01
  4021.413 9.601E-01
  4021.642 9.553E-01
  4021.870 9.506E-01
  4022.099 9.459E-01
  4022.328 9.407E-01
  4022.557 9.346E-01
  4022.786 9.264E-01
  4023.014 9.153E-01
  4023.243 9.020E-01
  4023.472 8.875E-01
  4023.701 8.709E-01
  4023.930 8.528E-01
  4024.158 8.335E-01
  4024.387 8.137E-01
  4024.616 7.927E-01
  4024.845 7.697E-01
  4025.074 7.432E-01
  4025.302 7.122E-01
  4025.531 6.816E-01
  4025.760 6.572E-01
  4025.989 6.427E-01
  4026.218 6.395E-01
  4026.446 6.483E-01
  4026.675 6.688E-01
  4026.904 6.988E-01
  4027.133 7.351E-01
  4027.362 7.722E-01
  4027.590 8.049E-01
  4027.819 8.324E-01
  4028.048 8.556E-01
  4028.277 8.752E-01
  4028.506 8.920E-01
  4028.734 9.062E-01
  4028.963 9.184E-01
  4029.192 9.290E-01
  4029.421 9.381E-01
  4029.650 9.459E-01
  4029.878 9.523E-01
  4030.107 9.574E-01
  4030.336 9.616E-01
  4030.565 9.652E-01
  4030.794 9.682E-01
  4031.022 9.707E-01
  4031.251 9.728E-01
  4031.480 9.746E-01
  4031.709 9.760E-01
  4031.938 9.769E-01
  4032.166 9.776E-01
  4032.395 9.782E-01
  4032.624 9.789E-01
  4032.853 9.798E-01
  4033.082 9.808E-01
  4033.310 9.820E-01
  4033.539 9.832E-01
  4033.768 9.839E-01
  4033.997 9.830E-01
  4034.226 9.798E-01
  4034.454 9.762E-01
  4034.683 9.734E-01
  4034.912 9.718E-01
  4035.141 9.715E-01
  4035.370 9.725E-01
  4035.598 9.749E-01
  4035.827 9.788E-01
  4036.056 9.837E-01
  4036.285 9.879E-01
  4036.514 9.903E-01
  4036.742 9.914E-01
  4036.971 9.919E-01
  4037.200 9.922E-01
  4037.429 9.924E-01
  4037.658 9.925E-01
  4037.886 9.923E-01
  4038.115 9.914E-01
  4038.344 9.898E-01
  4038.573 9.883E-01
  4038.802 9.873E-01
  4039.030 9.869E-01
  4039.259 9.870E-01
  4039.488 9.876E-01
  4039.717 9.886E-01
  4039.946 9.895E-01
  4040.174 9.889E-01
  4040.403 9.849E-01
  4040.632 9.798E-01
  4040.861 9.756E-01
  4041.090 9.731E-01
  4041.318 9.722E-01
  4041.547 9.730E-01
  4041.776 9.755E-01
  4042.005 9.796E-01
  4042.234 9.842E-01
  4042.462 9.867E-01
  4042.691 9.842E-01
  4042.920 9.804E-01
  4043.149 9.775E-01
  4043.378 9.760E-01
  4043.606 9.758E-01
  4043.835 9.767E-01
  4044.064 9.790E-01
  4044.293 9.827E-01
  4044.522 9.874E-01
  4044.750 9.912E-01
  4044.979 9.928E-01
  4045.208 9.934E-01
  4045.437 9.938E-01
  4045.666 9.945E-01
  4045.894 9.951E-01
  4046.123 9.955E-01
  4046.352 9.956E-01
  4046.581 9.957E-01
  4046.810 9.956E-01
  4047.038 9.952E-01
  4047.267 9.943E-01
  4047.496 9.932E-01
  4047.725 9.923E-01
  4047.954 9.917E-01
  4048.182 9.915E-01
  4048.411 9.917E-01
  4048.640 9.921E-01
  4048.869 9.929E-01
  4049.098 9.939E-01
  4049.326 9.950E-01
  4049.555 9.955E-01
  4049.784 9.957E-01
  4050.013 9.957E-01
  4050.242 9.957E-01
  4050.470 9.958E-01
  4050.699 9.958E-01
  4050.928 9.959E-01
  4051.157 9.959E-01
  4051.386 9.958E-01
  4051.614 9.955E-01
  4051.843 9.950E-01
  4052.072 9.943E-01
  4052.301 9.935E-01
  4052.530 9.928E-01
  4052.758 9.923E-01
  4052.987 9.919E-01
  4053.216 9.911E-01
  4053.445 9.902E-01
  4053.674 9.893E-01
  4053.902 9.886E-01
  4054.131 9.883E-01
  4054.360 9.883E-01
  4054.589 9.886E-01
  4054.818 9.893E-01
  4055.046 9.905E-01
  4055.275 9.920E-01
  4055.504 9.932E-01
  4055.733 9.939E-01
  4055.962 9.941E-01
  4056.190 9.937E-01
  4056.419 9.932E-01
  4056.648 9.928E-01
  4056.877 9.926E-01
  4057.106 9.927E-01
  4057.334 9.929E-01
  4057.563 9.933E-01
  4057.792 9.938E-01
  4058.021 9.942E-01
  4058.250 9.937E-01
  4058.478 9.924E-01
  4058.707 9.910E-01
  4058.936 9.899E-01
  4059.165 9.889E-01
  4059.394 9.875E-01
  4059.622 9.850E-01
  4059.851 9.823E-01
  4060.080 9.797E-01
  4060.309 9.778E-01
  4060.538 9.767E-01
  4060.766 9.762E-01
  4060.995 9.767E-01
  4061.224 9.787E-01
  4061.453 9.819E-01
  4061.682 9.852E-01
  4061.910 9.871E-01
  4062.139 9.880E-01
  4062.368 9.880E-01
  4062.597 9.877E-01
  4062.826 9.877E-01
  4063.054 9.879E-01
  4063.283 9.885E-01
  4063.512 9.896E-01
  4063.741 9.912E-01
  4063.970 9.929E-01
  4064.198 9.936E-01
  4064.427 9.937E-01
  4064.656 9.934E-01
  4064.885 9.931E-01
  4065.114 9.929E-01
  4065.342 9.928E-01
  4065.571 9.928E-01
  4065.800 9.928E-01
  4066.029 9.930E-01
  4066.258 9.931E-01
  4066.486 9.931E-01
  4066.715 9.930E-01
  4066.944 9.928E-01
  4067.173 9.924E-01
  4067.402 9.921E-01
  4067.630 9.918E-01
  4067.859 9.914E-01
  4068.088 9.907E-01
  4068.317 9.888E-01
  4068.546 9.836E-01
  4068.774 9.730E-01
  4069.003 9.592E-01
  4069.232 9.471E-01
  4069.461 9.391E-01
  4069.690 9.355E-01
  4069.918 9.360E-01
  4070.147 9.401E-01
  4070.376 9.476E-01
  4070.605 9.584E-01
  4070.834 9.684E-01
  4071.062 9.712E-01
  4071.291 9.645E-01
  4071.520 9.561E-01
  4071.749 9.499E-01
  4071.978 9.471E-01
  4072.206 9.471E-01
  4072.435 9.500E-01
  4072.664 9.553E-01
  4072.893 9.633E-01
  4073.122 9.718E-01
  4073.350 9.741E-01
  4073.579 9.630E-01
  4073.808 9.430E-01
  4074.037 9.208E-01
  4074.266 9.023E-01
  4074.494 8.870E-01
  4074.723 8.727E-01
  4074.952 8.568E-01
  4075.181 8.454E-01
  4075.410 8.436E-01
  4075.638 8.508E-01
  4075.867 8.613E-01
  4076.096 8.722E-01
  4076.325 8.846E-01
  4076.554 9.007E-01
  4076.782 9.192E-01
  4077.011 9.372E-01
  4077.240 9.494E-01
  4077.469 9.560E-01
  4077.698 9.585E-01
  4077.926 9.577E-01
  4078.155 9.569E-01
  4078.384 9.580E-01
  4078.613 9.614E-01
  4078.842 9.656E-01
  4079.070 9.683E-01
  4079.299 9.698E-01
  4079.528 9.716E-01
  4079.757 9.741E-01
  4079.986 9.763E-01
  4080.214 9.767E-01
  4080.443 9.763E-01
  4080.672 9.758E-01
  4080.901 9.756E-01
  4081.130 9.751E-01
  4081.358 9.736E-01
  4081.587 9.718E-01
  4081.816 9.704E-01
  4082.045 9.696E-01
  4082.274 9.692E-01
  4082.502 9.690E-01
  4082.731 9.686E-01
  4082.960 9.677E-01
  4083.189 9.669E-01
  4083.418 9.662E-01
  4083.646 9.644E-01
  4083.875 9.614E-01
  4084.104 9.570E-01
  4084.333 9.525E-01
  4084.562 9.496E-01
  4084.790 9.488E-01
  4085.019 9.495E-01
  4085.248 9.507E-01
  4085.477 9.524E-01
  4085.706 9.548E-01
  4085.934 9.569E-01
  4086.163 9.574E-01
  4086.392 9.551E-01
  4086.621 9.516E-01
  4086.850 9.485E-01
  4087.078 9.462E-01
  4087.307 9.448E-01
  4087.536 9.440E-01
  4087.765 9.432E-01
  4087.994 9.416E-01
  4088.222 9.386E-01
  4088.451 9.333E-01
  4088.680 9.275E-01
  4088.909 9.229E-01
  4089.138 9.201E-01
  4089.366 9.193E-01
  4089.595 9.202E-01
  4089.824 9.229E-01
  4090.053 9.265E-01
  4090.282 9.297E-01
  4090.510 9.311E-01
  4090.739 9.301E-01
  4090.968 9.278E-01
  4091.197 9.249E-01
  4091.426 9.216E-01
  4091.654 9.177E-01
  4091.883 9.128E-01
  4092.112 9.071E-01
  4092.341 9.015E-01
  4092.570 8.964E-01
  4092.798 8.919E-01
  4093.027 8.879E-01
  4093.256 8.844E-01
  4093.485 8.814E-01
  4093.714 8.788E-01
  4093.942 8.762E-01
  4094.171 8.728E-01
  4094.400 8.678E-01
  4094.629 8.613E-01
  4094.858 8.538E-01
  4095.086 8.462E-01
  4095.315 8.385E-01
  4095.544 8.306E-01
  4095.773 8.227E-01
  4096.002 8.147E-01
  4096.230 8.062E-01
  4096.459 7.976E-01
  4096.688 7.891E-01
  4096.917 7.805E-01
  4097.146 7.715E-01
  4097.374 7.623E-01
  4097.603 7.530E-01
  4097.832 7.435E-01
  4098.061 7.339E-01
  4098.290 7.239E-01
  4098.518 7.129E-01
  4098.747 7.007E-01
  4098.976 6.876E-01
  4099.205 6.739E-01
  4099.434 6.595E-01
  4099.662 6.445E-01
  4099.891 6.288E-01
  4100.120 6.121E-01
  4100.349 5.941E-01
  4100.578 5.746E-01
  4100.806 5.541E-01
  4101.035 5.349E-01
  4101.264 5.195E-01
  4101.493 5.096E-01
  4101.722 5.060E-01
  4101.950 5.090E-01
  4102.179 5.183E-01
  4102.408 5.332E-01
  4102.637 5.522E-01
  4102.866 5.727E-01
  4103.094 5.925E-01
  4103.323 6.106E-01
  4103.552 6.273E-01
  4103.781 6.427E-01
  4104.010 6.571E-01
  4104.238 6.708E-01
  4104.467 6.842E-01
  4104.696 6.972E-01
  4104.925 7.099E-01
  4105.154 7.224E-01
  4105.382 7.346E-01
  4105.611 7.466E-01
  4105.840 7.582E-01
  4106.069 7.693E-01
  4106.298 7.795E-01
  4106.526 7.890E-01
  4106.755 7.981E-01
  4106.984 8.068E-01
  4107.213 8.151E-01
  4107.442 8.231E-01
  4107.670 8.306E-01
  4107.899 8.376E-01
  4108.128 8.443E-01
  4108.357 8.508E-01
  4108.586 8.569E-01
  4108.814 8.628E-01
  4109.043 8.684E-01
  4109.272 8.735E-01
  4109.501 8.782E-01
  4109.730 8.821E-01
  4109.958 8.851E-01
  4110.187 8.880E-01
  4110.416 8.911E-01
  4110.645 8.944E-01
  4110.874 8.977E-01
  4111.102 9.008E-01
  4111.331 9.042E-01
  4111.560 9.082E-01
  4111.789 9.127E-01
  4112.018 9.172E-01
  4112.246 9.210E-01
  4112.475 9.246E-01
  4112.704 9.281E-01
  4112.933 9.314E-01
  4113.162 9.345E-01
  4113.390 9.365E-01
  4113.619 9.378E-01
  4113.848 9.390E-01
  4114.077 9.405E-01
  4114.306 9.423E-01
  4114.534 9.442E-01
  4114.763 9.462E-01
  4114.992 9.479E-01
  4115.221 9.486E-01
  4115.450 9.494E-01
  4115.678 9.506E-01
  4115.907 9.518E-01
  4116.136 9.532E-01
  4116.365 9.549E-01
  4116.594 9.571E-01
  4116.822 9.595E-01
  4117.051 9.621E-01
  4117.280 9.645E-01
  4117.509 9.657E-01
  4117.738 9.657E-01
  4117.966 9.633E-01
  4118.195 9.572E-01
  4118.424 9.489E-01
  4118.653 9.415E-01
  4118.882 9.359E-01
  4119.110 9.315E-01
  4119.339 9.260E-01
  4119.568 9.166E-01
  4119.797 9.009E-01
  4120.026 8.819E-01
  4120.254 8.656E-01
  4120.483 8.532E-01
  4120.712 8.460E-01
  4120.941 8.464E-01
  4121.170 8.556E-01
  4121.398 8.740E-01
  4121.627 8.991E-01
  4121.856 9.264E-01
  4122.085 9.486E-01
  4122.314 9.624E-01
  4122.542 9.699E-01
  4122.771 9.740E-01
  4123.000 9.764E-01
  4123.229 9.782E-01
  4123.458 9.797E-01
  4123.686 9.810E-01
  4123.915 9.823E-01
  4124.144 9.832E-01
  4124.373 9.837E-01
  4124.602 9.842E-01
  4124.830 9.846E-01
  4125.059 9.850E-01
  4125.288 9.854E-01
  4125.517 9.856E-01
  4125.746 9.857E-01
  4125.974 9.858E-01
  4126.203 9.859E-01
  4126.432 9.860E-01
  4126.661 9.859E-01
  4126.890 9.848E-01
  4127.118 9.821E-01
  4127.347 9.793E-01
  4127.576 9.774E-01
  4127.805 9.763E-01
  4128.034 9.760E-01
  4128.262 9.760E-01
  4128.491 9.766E-01
  4128.720 9.783E-01
  4128.949 9.810E-01
  4129.178 9.842E-01
  4129.406 9.856E-01
  4129.635 9.852E-01
  4129.864 9.827E-01
  4130.093 9.792E-01
  4130.322 9.765E-01
  4130.550 9.748E-01
  4130.779 9.738E-01
  4131.008 9.738E-01
  4131.237 9.748E-01
  4131.466 9.764E-01
  4131.694 9.774E-01
  4131.923 9.765E-01
  4132.152 9.744E-01
  4132.381 9.717E-01
  4132.610 9.698E-01
  4132.838 9.691E-01
  4133.067 9.698E-01
  4133.296 9.720E-01
  4133.525 9.759E-01
  4133.754 9.811E-01
  4133.982 9.862E-01
  4134.211 9.888E-01
  4134.440 9.898E-01
  4134.669 9.902E-01
  4134.898 9.905E-01
  4135.126 9.907E-01
  4135.355 9.909E-01
  4135.584 9.909E-01
  4135.813 9.907E-01
  4136.042 9.902E-01
  4136.270 9.893E-01
  4136.499 9.882E-01
  4136.728 9.868E-01
  4136.957 9.852E-01
  4137.186 9.839E-01
  4137.414 9.832E-01
  4137.643 9.829E-01
  4137.872 9.831E-01
  4138.101 9.834E-01
  4138.330 9.835E-01
  4138.558 9.833E-01
  4138.787 9.831E-01
  4139.016 9.828E-01
  4139.245 9.819E-01
  4139.474 9.805E-01
  4139.702 9.789E-01
  4139.931 9.774E-01
  4140.160 9.760E-01
  4140.389 9.746E-01
  4140.618 9.727E-01
  4140.846 9.700E-01
  4141.075 9.664E-01
  4141.304 9.616E-01
  4141.533 9.555E-01
  4141.762 9.474E-01
  4141.990 9.364E-01
  4142.219 9.211E-01
  4142.448 8.997E-01
  4142.677 8.709E-01
  4142.906 8.372E-01
  4143.134 8.053E-01
  4143.363 7.808E-01
  4143.592 7.666E-01
  4143.821 7.639E-01
  4144.050 7.729E-01
  4144.278 7.930E-01
  4144.507 8.220E-01
  4144.736 8.552E-01
  4144.965 8.864E-01
  4145.194 9.108E-01
  4145.422 9.283E-01
  4145.651 9.409E-01
  4145.880 9.501E-01
  4146.109 9.570E-01
  4146.338 9.626E-01
  4146.566 9.673E-01
  4146.795 9.715E-01
  4147.024 9.747E-01
  4147.253 9.773E-01
  4147.482 9.796E-01
  4147.710 9.816E-01
  4147.939 9.834E-01
  4148.168 9.849E-01
  4148.397 9.859E-01
  4148.626 9.862E-01
  4148.854 9.852E-01
  4149.083 9.830E-01
  4149.312 9.803E-01
  4149.541 9.783E-01
  4149.770 9.773E-01
  4149.998 9.772E-01
  4150.227 9.779E-01
  4150.456 9.797E-01
  4150.685 9.825E-01
  4150.914 9.862E-01
  4151.142 9.899E-01
  4151.371 9.923E-01
  4151.600 9.933E-01
  4151.829 9.931E-01
  4152.058 9.908E-01
  4152.286 9.856E-01
  4152.515 9.793E-01
  4152.744 9.741E-01
  4152.973 9.709E-01
  4153.202 9.695E-01
  4153.430 9.699E-01
  4153.659 9.718E-01
  4153.888 9.754E-01
  4154.117 9.804E-01
  4154.346 9.860E-01
  4154.574 9.896E-01
  4154.803 9.910E-01
  4155.032 9.914E-01
  4155.261 9.914E-01
  4155.490 9.907E-01
  4155.718 9.896E-01
  4155.947 9.888E-01
  4156.176 9.884E-01
  4156.405 9.881E-01
  4156.634 9.882E-01
  4156.862 9.888E-01
  4157.091 9.900E-01
  4157.320 9.918E-01
  4157.549 9.940E-01
  4157.778 9.958E-01
  4158.006 9.968E-01
  4158.235 9.972E-01
  4158.464 9.973E-01
  4158.693 9.973E-01
  4158.922 9.973E-01
  4159.150 9.971E-01
  4159.379 9.968E-01
  4159.608 9.965E-01
  4159.837 9.962E-01
  4160.066 9.959E-01
  4160.294 9.958E-01
  4160.523 9.957E-01
  4160.752 9.958E-01
  4160.981 9.960E-01
  4161.210 9.962E-01
  4161.438 9.958E-01
  4161.667 9.941E-01
  4161.896 9.919E-01
  4162.125 9.900E-01
  4162.354 9.887E-01
  4162.582 9.880E-01
  4162.811 9.880E-01
  4163.040 9.886E-01
  4163.269 9.899E-01
  4163.498 9.913E-01
  4163.726 9.917E-01
  4163.955 9.904E-01
  4164.184 9.882E-01
  4164.413 9.862E-01
  4164.642 9.850E-01
  4164.870 9.845E-01
  4165.099 9.850E-01
  4165.328 9.864E-01
  4165.557 9.887E-01
  4165.786 9.914E-01
  4166.014 9.933E-01
  4166.243 9.940E-01
  4166.472 9.939E-01
  4166.701 9.936E-01
  4166.930 9.932E-01
  4167.158 9.926E-01
  4167.387 9.911E-01
  4167.616 9.878E-01
  4167.845 9.810E-01
  4168.074 9.704E-01
  4168.302 9.583E-01
  4168.531 9.483E-01
  4168.760 9.421E-01
  4168.989 9.400E-01
  4169.218 9.420E-01
  4169.446 9.480E-01
  4169.675 9.577E-01
  4169.904 9.697E-01
  4170.133 9.815E-01
  4170.362 9.892E-01
  4170.590 9.920E-01
  4170.819 9.919E-01
  4171.048 9.912E-01
  4171.277 9.906E-01
  4171.506 9.904E-01
  4171.734 9.906E-01
  4171.963 9.912E-01
  4172.192 9.924E-01
  4172.421 9.939E-01
  4172.650 9.954E-01
  4172.878 9.961E-01
  4173.107 9.954E-01
  4173.336 9.933E-01
  4173.565 9.912E-01
  4173.794 9.895E-01
  4174.022 9.885E-01
  4174.251 9.883E-01
  4174.480 9.888E-01
  4174.709 9.897E-01
  4174.938 9.903E-01
  4175.166 9.898E-01
  4175.395 9.890E-01
  4175.624 9.877E-01
  4175.853 9.866E-01
  4176.082 9.861E-01
  4176.310 9.863E-01
  4176.539 9.871E-01
  4176.768 9.888E-01
  4176.997 9.913E-01
  4177.226 9.940E-01
  4177.454 9.957E-01
  4177.683 9.962E-01
  4177.912 9.961E-01
  4178.141 9.960E-01
  4178.370 9.959E-01
  4178.598 9.956E-01
  4178.827 9.951E-01
  4179.056 9.946E-01
  4179.285 9.944E-01
  4179.514 9.944E-01
  4179.742 9.946E-01
  4179.971 9.950E-01
  4180.200 9.955E-01
  4180.429 9.963E-01
  4180.658 9.972E-01
  4180.886 9.980E-01
  4181.115 9.984E-01
  4181.344 9.985E-01
  4181.573 9.986E-01
  4181.802 9.987E-01
  4182.030 9.988E-01
  4182.259 9.989E-01
  4182.488 9.990E-01
  4182.717 9.991E-01
  4182.946 9.990E-01
  4183.174 9.990E-01
  4183.403 9.989E-01
  4183.632 9.988E-01
  4183.861 9.985E-01
  4184.090 9.972E-01
  4184.318 9.941E-01
  4184.547 9.888E-01
  4184.776 9.838E-01
  4185.005 9.802E-01
  4185.234 9.782E-01
  4185.462 9.776E-01
  4185.691 9.783E-01
  4185.920 9.802E-01
  4186.149 9.836E-01
  4186.378 9.883E-01
  4186.606 9.929E-01
  4186.835 9.951E-01
  4187.064 9.960E-01
  4187.293 9.964E-01
  4187.522 9.969E-01
  4187.750 9.976E-01
  4187.979 9.982E-01
  4188.208 9.982E-01
  4188.437 9.966E-01
  4188.666 9.914E-01
  4188.894 9.827E-01
  4189.123 9.745E-01
  4189.352 9.687E-01
  4189.581 9.657E-01
  4189.810 9.654E-01
  4190.038 9.675E-01
  4190.267 9.719E-01
  4190.496 9.788E-01
  4190.725 9.875E-01
  4190.954 9.954E-01
  4191.182 9.989E-01
  4191.411 9.992E-01
  4191.640 9.980E-01
  4191.869 9.968E-01
  4192.098 9.961E-01
  4192.326 9.956E-01
  4192.555 9.954E-01
  4192.784 9.952E-01
  4193.013 9.950E-01
  4193.242 9.951E-01
  4193.470 9.955E-01
  4193.699 9.960E-01
  4193.928 9.963E-01
  4194.157 9.964E-01
  4194.386 9.967E-01
  4194.614 9.970E-01
  4194.843 9.972E-01
  4195.072 9.970E-01
  4195.301 9.966E-01
  4195.530 9.960E-01
  4195.758 9.953E-01
  4195.987 9.947E-01
  4196.216 9.945E-01
  4196.445 9.946E-01
  4196.674 9.951E-01
  4196.902 9.960E-01
  4197.131 9.971E-01
  4197.360 9.981E-01
  4197.589 9.990E-01
  4197.818 9.996E-01
  4198.046 1.000E+00
  4198.275 1.000E+00
  4198.504 9.999E-01
  4198.733 9.993E-01
  4198.962 9.981E-01
  4199.190 9.965E-01
  4199.419 9.953E-01
  4199.648 9.944E-01
  4199.877 9.940E-01
  4200.106 9.938E-01
  4200.334 9.940E-01
  4200.563 9.946E-01
  4200.792 9.955E-01
  4201.021 9.967E-01
  4201.250 9.977E-01
  4201.478 9.981E-01
  4201.707 9.983E-01
  4201.936 9.985E-01
  4202.165 9.986E-01
  4202.394 9.988E-01
  4202.622 9.988E-01
  4202.851 9.985E-01
  4203.080 9.982E-01
  4203.309 9.979E-01
  4203.538 9.976E-01
  4203.766 9.975E-01
  4203.995 9.974E-01
  4204.224 9.975E-01
  4204.453 9.977E-01
  4204.682 9.980E-01
  4204.910 9.983E-01
  4205.139 9.986E-01
  4205.368 9.987E-01
  4205.597 9.988E-01
  4205.826 9.987E-01
  4206.054 9.986E-01
  4206.283 9.985E-01
  4206.512 9.984E-01
  4206.741 9.983E-01
  4206.970 9.983E-01
  4207.198 9.984E-01
  4207.427 9.985E-01
  4207.656 9.986E-01
  4207.885 9.988E-01
  4208.114 9.989E-01
  4208.342 9.989E-01
  4208.571 9.988E-01
  4208.800 9.987E-01
  4209.029 9.986E-01
  4209.258 9.985E-01
  4209.486 9.983E-01
  4209.715 9.980E-01
  4209.944 9.976E-01
  4210.173 9.974E-01
  4210.402 9.973E-01
  4210.630 9.973E-01
  4210.859 9.974E-01
  4211.088 9.975E-01
  4211.317 9.977E-01
  4211.546 9.979E-01
  4211.774 9.982E-01
  4212.003 9.981E-01
  4212.232 9.979E-01
  4212.461 9.977E-01
  4212.690 9.975E-01
  4212.918 9.976E-01
  4213.147 9.977E-01
  4213.376 9.980E-01
  4213.605 9.983E-01
  4213.834 9.986E-01
  4214.062 9.989E-01
  4214.291 9.991E-01
  4214.520 9.991E-01
  4214.749 9.990E-01
  4214.978 9.989E-01
  4215.206 9.988E-01
  4215.435 9.988E-01
  4215.664 9.987E-01
  4215.893 9.987E-01
  4216.122 9.985E-01
  4216.350 9.982E-01
  4216.579 9.981E-01
  4216.808 9.979E-01
  4217.037 9.979E-01
  4217.266 9.979E-01
  4217.494 9.980E-01
  4217.723 9.981E-01
  4217.952 9.984E-01
  4218.181 9.987E-01
  4218.410 9.990E-01
  4218.638 9.989E-01
  4218.867 9.986E-01
  4219.096 9.982E-01
  4219.325 9.980E-01
  4219.554 9.978E-01
  4219.782 9.978E-01
  4220.011 9.978E-01
  4220.240 9.979E-01
  4220.469 9.981E-01
  4220.698 9.982E-01
  4220.926 9.977E-01
  4221.155 9.959E-01
  4221.384 9.933E-01
  4221.613 9.911E-01
  4221.842 9.896E-01
  4222.070 9.889E-01
  4222.299 9.888E-01
  4222.528 9.895E-01
  4222.757 9.910E-01
  4222.986 9.931E-01
  4223.214 9.958E-01
  4223.443 9.979E-01
  4223.672 9.988E-01
  4223.901 9.989E-01
  4224.130 9.987E-01
  4224.358 9.983E-01
  4224.587 9.980E-01
  4224.816 9.978E-01
  4225.045 9.977E-01
  4225.274 9.977E-01
  4225.502 9.979E-01
  4225.731 9.982E-01
  4225.960 9.985E-01
  4226.189 9.987E-01
  4226.418 9.985E-01
  4226.646 9.973E-01
  4226.875 9.953E-01
  4227.104 9.934E-01
  4227.333 9.921E-01
  4227.562 9.914E-01
  4227.790 9.912E-01
  4228.019 9.916E-01
  4228.248 9.926E-01
  4228.477 9.942E-01
  4228.706 9.962E-01
  4228.934 9.981E-01
  4229.163 9.990E-01
  4229.392 9.993E-01
  4229.621 9.991E-01
  4229.850 9.987E-01
  4230.078 9.979E-01
  4230.307 9.972E-01
  4230.536 9.965E-01
  4230.765 9.960E-01
  4230.994 9.958E-01
  4231.222 9.958E-01
  4231.451 9.960E-01
  4231.680 9.966E-01
  4231.909 9.973E-01
  4232.138 9.980E-01
  4232.366 9.984E-01
  4232.595 9.986E-01
  4232.824 9.987E-01
  4233.053 9.986E-01
  4233.282 9.986E-01
  4233.510 9.986E-01
  4233.739 9.986E-01
  4233.968 9.987E-01
  4234.197 9.988E-01
  4234.426 9.989E-01
  4234.654 9.990E-01
  4234.883 9.991E-01
  4235.112 9.992E-01
  4235.341 9.991E-01
  4235.570 9.984E-01
  4235.798 9.963E-01
  4236.027 9.917E-01
  4236.256 9.868E-01
  4236.485 9.828E-01
  4236.714 9.803E-01
  4236.942 9.791E-01
  4237.171 9.792E-01
  4237.400 9.806E-01
  4237.629 9.834E-01
  4237.858 9.876E-01
  4238.086 9.925E-01
  4238.315 9.958E-01
  4238.544 9.971E-01
  4238.773 9.976E-01
  4239.002 9.979E-01
  4239.230 9.981E-01
  4239.459 9.983E-01
  4239.688 9.983E-01
  4239.917 9.982E-01
  4240.146 9.976E-01
  4240.374 9.963E-01
  4240.603 9.936E-01
  4240.832 9.887E-01
  4241.061 9.838E-01
  4241.290 9.800E-01
  4241.518 9.775E-01
  4241.747 9.764E-01
  4241.976 9.767E-01
  4242.205 9.785E-01
  4242.434 9.816E-01
  4242.662 9.859E-01
  4242.891 9.907E-01
  4243.120 9.938E-01
  4243.349 9.953E-01
  4243.578 9.962E-01
  4243.806 9.965E-01
  4244.035 9.966E-01
  4244.264 9.966E-01
  4244.493 9.967E-01
  4244.722 9.964E-01
  4244.950 9.960E-01
  4245.179 9.954E-01
  4245.408 9.949E-01
  4245.637 9.942E-01
  4245.866 9.932E-01
  4246.094 9.924E-01
  4246.323 9.919E-01
  4246.552 9.918E-01
  4246.781 9.922E-01
  4247.010 9.928E-01
  4247.238 9.937E-01
  4247.467 9.946E-01
  4247.696 9.958E-01
  4247.925 9.968E-01
  4248.154 9.973E-01
  4248.382 9.975E-01
  4248.611 9.976E-01
  4248.840 9.975E-01
  4249.069 9.972E-01
  4249.298 9.969E-01
  4249.526 9.966E-01
  4249.755 9.965E-01
  4249.984 9.965E-01
  4250.213 9.964E-01
  4250.442 9.963E-01
  4250.670 9.962E-01
  4250.899 9.964E-01
  4251.128 9.966E-01
  4251.357 9.969E-01
  4251.586 9.971E-01
  4251.814 9.973E-01
  4252.043 9.971E-01
  4252.272 9.956E-01
  4252.501 9.906E-01
  4252.730 9.819E-01
  4252.958 9.721E-01
  4253.187 9.635E-01
  4253.416 9.576E-01
  4253.645 9.548E-01
  4253.874 9.552E-01
  4254.102 9.587E-01
  4254.331 9.656E-01
  4254.560 9.753E-01
  4254.789 9.858E-01
  4255.018 9.929E-01
  4255.246 9.967E-01
  4255.475 9.980E-01
  4255.704 9.981E-01
  4255.933 9.980E-01
  4256.162 9.977E-01
  4256.390 9.970E-01
  4256.619 9.959E-01
  4256.848 9.948E-01
  4257.077 9.941E-01
  4257.306 9.937E-01
  4257.534 9.937E-01
  4257.763 9.937E-01
  4257.992 9.939E-01
  4258.221 9.942E-01
  4258.450 9.950E-01
  4258.678 9.959E-01
  4258.907 9.965E-01
  4259.136 9.967E-01
  4259.365 9.969E-01
  4259.594 9.972E-01
  4259.822 9.975E-01
  4260.051 9.979E-01
  4260.280 9.982E-01
  4260.509 9.981E-01
  4260.738 9.979E-01
  4260.966 9.977E-01
  4261.195 9.977E-01
  4261.424 9.977E-01
  4261.653 9.977E-01
  4261.882 9.977E-01
  4262.110 9.977E-01
  4262.339 9.975E-01
  4262.568 9.974E-01
  4262.797 9.971E-01
  4263.026 9.969E-01
  4263.254 9.969E-01
  4263.483 9.969E-01
  4263.712 9.971E-01
  4263.941 9.974E-01
  4264.170 9.978E-01
  4264.398 9.982E-01
  4264.627 9.985E-01
  4264.856 9.986E-01
  4265.085 9.985E-01
  4265.314 9.981E-01
  4265.542 9.964E-01
  4265.771 9.906E-01
  4266.000 9.770E-01
  4266.229 9.573E-01
  4266.458 9.386E-01
  4266.686 9.247E-01
  4266.915 9.166E-01
  4267.144 9.142E-01
  4267.373 9.177E-01
  4267.602 9.271E-01
  4267.830 9.425E-01
  4268.059 9.622E-01
  4268.288 9.806E-01
  4268.517 9.914E-01
  4268.746 9.955E-01
  4268.974 9.966E-01
  4269.203 9.968E-01
  4269.432 9.967E-01
  4269.661 9.967E-01
  4269.890 9.968E-01
  4270.118 9.970E-01
  4270.347 9.973E-01
  4270.576 9.977E-01
  4270.805 9.982E-01
  4271.034 9.985E-01
  4271.262 9.986E-01
  4271.491 9.987E-01
  4271.720 9.986E-01
  4271.949 9.985E-01
  4272.178 9.982E-01
  4272.406 9.975E-01
  4272.635 9.967E-01
  4272.864 9.961E-01
  4273.093 9.955E-01
  4273.322 9.947E-01
  4273.550 9.943E-01
  4273.779 9.941E-01
  4274.008 9.940E-01
  4274.237 9.932E-01
  4274.466 9.906E-01
  4274.694 9.864E-01
  4274.923 9.824E-01
  4275.152 9.791E-01
  4275.381 9.758E-01
  4275.610 9.715E-01
  4275.838 9.667E-01
  4276.067 9.637E-01
  4276.296 9.628E-01
  4276.525 9.635E-01
  4276.754 9.650E-01
  4276.982 9.658E-01
  4277.211 9.675E-01
  4277.440 9.708E-01
  4277.669 9.758E-01
  4277.898 9.809E-01
  4278.126 9.847E-01
  4278.355 9.879E-01
  4278.584 9.910E-01
  4278.813 9.937E-01
  4279.042 9.956E-01
  4279.270 9.967E-01
  4279.499 9.973E-01
  4279.728 9.977E-01
  4279.957 9.978E-01
  4280.186 9.973E-01
  4280.414 9.960E-01
  4280.643 9.943E-01
  4280.872 9.930E-01
  4281.101 9.921E-01
  4281.330 9.915E-01
  4281.558 9.910E-01
  4281.787 9.898E-01
  4282.016 9.873E-01
  4282.245 9.844E-01
  4282.474 9.820E-01
  4282.702 9.798E-01
  4282.931 9.779E-01
  4283.160 9.769E-01
  4283.389 9.772E-01
  4283.618 9.781E-01
  4283.846 9.783E-01
  4284.075 9.766E-01
  4284.304 9.745E-01
  4284.533 9.728E-01
  4284.762 9.718E-01
  4284.990 9.716E-01
  4285.219 9.718E-01
  4285.448 9.735E-01
  4285.677 9.772E-01
  4285.906 9.827E-01
  4286.134 9.889E-01
  4286.363 9.926E-01
  4286.592 9.943E-01
  4286.821 9.952E-01
  4287.050 9.961E-01
  4287.278 9.968E-01
  4287.507 9.965E-01
  4287.736 9.946E-01
  4287.965 9.917E-01
  4288.194 9.892E-01
  4288.422 9.874E-01
  4288.651 9.864E-01
  4288.880 9.860E-01
  4289.109 9.864E-01
  4289.338 9.875E-01
  4289.566 9.894E-01
  4289.795 9.919E-01
  4290.024 9.939E-01
  4290.253 9.942E-01
  4290.482 9.934E-01
  4290.710 9.923E-01
  4290.939 9.913E-01
  4291.168 9.906E-01
  4291.397 9.902E-01
  4291.626 9.904E-01
  4291.854 9.909E-01
  4292.083 9.919E-01
  4292.312 9.933E-01
  4292.541 9.947E-01
  4292.770 9.957E-01
  4292.998 9.964E-01
  4293.227 9.961E-01
  4293.456 9.947E-01
  4293.685 9.921E-01
  4293.914 9.882E-01
  4294.142 9.844E-01
  4294.371 9.815E-01
  4294.600 9.798E-01
  4294.829 9.789E-01
  4295.058 9.791E-01
  4295.286 9.805E-01
  4295.515 9.830E-01
  4295.744 9.856E-01
  4295.973 9.880E-01
  4296.202 9.895E-01
  4296.430 9.901E-01
  4296.659 9.905E-01
  4296.888 9.911E-01
  4297.117 9.918E-01
  4297.346 9.925E-01
  4297.574 9.934E-01
  4297.803 9.944E-01
  4298.032 9.954E-01
  4298.261 9.959E-01
  4298.490 9.960E-01
  4298.718 9.961E-01
  4298.947 9.961E-01
  4299.176 9.961E-01
  4299.405 9.961E-01
  4299.634 9.961E-01
  4299.862 9.961E-01
  4300.091 9.960E-01
  4300.320 9.960E-01
  4300.549 9.959E-01
  4300.778 9.958E-01
  4301.006 9.957E-01
  4301.235 9.956E-01
  4301.464 9.955E-01
  4301.693 9.952E-01
  4301.922 9.945E-01
  4302.150 9.932E-01
  4302.379 9.910E-01
  4302.608 9.866E-01
  4302.837 9.802E-01
  4303.066 9.740E-01
  4303.294 9.694E-01
  4303.523 9.665E-01
  4303.752 9.650E-01
  4303.981 9.653E-01
  4304.210 9.675E-01
  4304.438 9.714E-01
  4304.667 9.768E-01
  4304.896 9.825E-01
  4305.125 9.865E-01
  4305.354 9.885E-01
  4305.582 9.896E-01
  4305.811 9.907E-01
  4306.040 9.913E-01
  4306.269 9.908E-01
  4306.498 9.896E-01
  4306.726 9.885E-01
  4306.955 9.876E-01
  4307.184 9.872E-01
  4307.413 9.871E-01
  4307.642 9.871E-01
  4307.870 9.869E-01
  4308.099 9.865E-01
  4308.328 9.864E-01
  4308.557 9.866E-01
  4308.786 9.866E-01
  4309.014 9.861E-01
  4309.243 9.854E-01
  4309.472 9.844E-01
  4309.701 9.841E-01
  4309.930 9.845E-01
  4310.158 9.855E-01
  4310.387 9.862E-01
  4310.616 9.866E-01
  4310.845 9.869E-01
  4311.074 9.872E-01
  4311.302 9.878E-01
  4311.531 9.884E-01
  4311.760 9.885E-01
  4311.989 9.879E-01
  4312.218 9.863E-01
  4312.446 9.833E-01
  4312.675 9.805E-01
  4312.904 9.785E-01
  4313.133 9.775E-01
  4313.362 9.772E-01
  4313.590 9.774E-01
  4313.819 9.782E-01
  4314.048 9.795E-01
  4314.277 9.809E-01
  4314.506 9.822E-01
  4314.734 9.824E-01
  4314.963 9.813E-01
  4315.192 9.800E-01
  4315.421 9.791E-01
  4315.650 9.783E-01
  4315.878 9.764E-01
  4316.107 9.722E-01
  4316.336 9.674E-01
  4316.565 9.635E-01
  4316.794 9.603E-01
  4317.022 9.584E-01
  4317.251 9.576E-01
  4317.480 9.583E-01
  4317.709 9.606E-01
  4317.938 9.649E-01
  4318.166 9.701E-01
  4318.395 9.730E-01
  4318.624 9.701E-01
  4318.853 9.650E-01
  4319.082 9.604E-01
  4319.310 9.571E-01
  4319.539 9.555E-01
  4319.768 9.556E-01
  4319.997 9.571E-01
  4320.226 9.603E-01
  4320.454 9.652E-01
  4320.683 9.711E-01
  4320.912 9.759E-01
  4321.141 9.776E-01
  4321.370 9.775E-01
  4321.598 9.769E-01
  4321.827 9.762E-01
  4322.056 9.755E-01
  4322.285 9.748E-01
  4322.514 9.741E-01
  4322.742 9.733E-01
  4322.971 9.726E-01
  4323.200 9.719E-01
  4323.429 9.712E-01
  4323.658 9.705E-01
  4323.886 9.697E-01
  4324.115 9.688E-01
  4324.344 9.676E-01
  4324.573 9.658E-01
  4324.802 9.628E-01
  4325.030 9.598E-01
  4325.259 9.572E-01
  4325.488 9.552E-01
  4325.717 9.536E-01
  4325.946 9.524E-01
  4326.174 9.513E-01
  4326.403 9.502E-01
  4326.632 9.492E-01
  4326.861 9.486E-01
  4327.090 9.476E-01
  4327.318 9.458E-01
  4327.547 9.437E-01
  4327.776 9.416E-01
  4328.005 9.400E-01
  4328.234 9.388E-01
  4328.462 9.379E-01
  4328.691 9.371E-01
  4328.920 9.357E-01
  4329.149 9.340E-01
  4329.378 9.322E-01
  4329.606 9.304E-01
  4329.835 9.283E-01
  4330.064 9.257E-01
  4330.293 9.227E-01
  4330.522 9.193E-01
  4330.750 9.155E-01
  4330.979 9.114E-01
  4331.208 9.071E-01
  4331.437 9.024E-01
  4331.666 8.968E-01
  4331.894 8.911E-01
  4332.123 8.858E-01
  4332.352 8.811E-01
  4332.581 8.767E-01
  4332.810 8.727E-01
  4333.038 8.687E-01
  4333.267 8.647E-01
  4333.496 8.607E-01
  4333.725 8.568E-01
  4333.954 8.524E-01
  4334.182 8.468E-01
  4334.411 8.403E-01
  4334.640 8.335E-01
  4334.869 8.264E-01
  4335.098 8.189E-01
  4335.326 8.111E-01
  4335.555 8.027E-01
  4335.784 7.936E-01
  4336.013 7.840E-01
  4336.242 7.740E-01
  4336.470 7.637E-01
  4336.699 7.532E-01
  4336.928 7.423E-01
  4337.157 7.310E-01
  4337.386 7.193E-01
  4337.614 7.073E-01
  4337.843 6.948E-01
  4338.072 6.817E-01
  4338.301 6.678E-01
  4338.530 6.530E-01
  4338.758 6.371E-01
  4338.987 6.195E-01
  4339.216 5.995E-01
  4339.445 5.775E-01
  4339.674 5.558E-01
  4339.902 5.374E-01
  4340.131 5.244E-01
  4340.360 5.179E-01
  4340.589 5.182E-01
  4340.818 5.254E-01
  4341.046 5.390E-01
  4341.275 5.579E-01
  4341.504 5.799E-01
  4341.733 6.020E-01
  4341.962 6.218E-01
  4342.190 6.393E-01
  4342.419 6.552E-01
  4342.648 6.700E-01
  4342.877 6.841E-01
  4343.106 6.976E-01
  4343.334 7.105E-01
  4343.563 7.229E-01
  4343.792 7.347E-01
  4344.021 7.459E-01
  4344.250 7.562E-01
  4344.478 7.651E-01
  4344.707 7.731E-01
  4344.936 7.809E-01
  4345.165 7.889E-01
  4345.394 7.970E-01
  4345.622 8.052E-01
  4345.851 8.134E-01
  4346.080 8.213E-01
  4346.309 8.284E-01
  4346.538 8.349E-01
  4346.766 8.413E-01
  4346.995 8.466E-01
  4347.224 8.515E-01
  4347.453 8.565E-01
  4347.682 8.618E-01
  4347.910 8.672E-01
  4348.139 8.715E-01
  4348.368 8.733E-01
  4348.597 8.736E-01
  4348.826 8.740E-01
  4349.054 8.755E-01
  4349.283 8.783E-01
  4349.512 8.823E-01
  4349.741 8.872E-01
  4349.970 8.927E-01
  4350.198 8.976E-01
  4350.427 9.024E-01
  4350.656 9.072E-01
  4350.885 9.099E-01
  4351.114 9.116E-01
  4351.342 9.135E-01
  4351.571 9.158E-01
  4351.800 9.192E-01
  4352.029 9.241E-01
  4352.258 9.299E-01
  4352.486 9.352E-01
  4352.715 9.381E-01
  4352.944 9.397E-01
  4353.173 9.413E-01
  4353.402 9.434E-01
  4353.630 9.457E-01
  4353.859 9.480E-01
  4354.088 9.503E-01
  4354.317 9.527E-01
  4354.546 9.554E-01
  4354.774 9.580E-01
  4355.003 9.601E-01
  4355.232 9.617E-01
  4355.461 9.632E-01
  4355.690 9.646E-01
  4355.918 9.658E-01
  4356.147 9.669E-01
  4356.376 9.677E-01
  4356.605 9.685E-01
  4356.834 9.693E-01
  4357.062 9.700E-01
  4357.291 9.707E-01
  4357.520 9.713E-01
  4357.749 9.719E-01
  4357.978 9.725E-01
  4358.206 9.732E-01
  4358.435 9.738E-01
  4358.664 9.745E-01
  4358.893 9.751E-01
  4359.122 9.758E-01
  4359.350 9.766E-01
  4359.579 9.774E-01
  4359.808 9.781E-01
  4360.037 9.785E-01
  4360.266 9.782E-01
  4360.494 9.765E-01
  4360.723 9.743E-01
  4360.952 9.726E-01
  4361.181 9.717E-01
  4361.410 9.715E-01
  4361.638 9.719E-01
  4361.867 9.730E-01
  4362.096 9.749E-01
  4362.325 9.774E-01
  4362.554 9.805E-01
  4362.782 9.833E-01
  4363.011 9.846E-01
  4363.240 9.850E-01
  4363.469 9.847E-01
  4363.698 9.836E-01
  4363.926 9.822E-01
  4364.155 9.810E-01
  4364.384 9.802E-01
  4364.613 9.796E-01
  4364.842 9.793E-01
  4365.070 9.795E-01
  4365.299 9.800E-01
  4365.528 9.799E-01
  4365.757 9.778E-01
  4365.986 9.732E-01
  4366.214 9.683E-01
  4366.443 9.648E-01
  4366.672 9.630E-01
  4366.901 9.623E-01
  4367.130 9.622E-01
  4367.358 9.630E-01
  4367.587 9.657E-01
  4367.816 9.704E-01
  4368.045 9.754E-01
  4368.274 9.772E-01
  4368.502 9.768E-01
  4368.731 9.760E-01
  4368.960 9.757E-01
  4369.189 9.765E-01
  4369.418 9.779E-01
  4369.646 9.792E-01
  4369.875 9.802E-01
  4370.104 9.812E-01
  4370.333 9.819E-01
  4370.562 9.820E-01
  4370.790 9.809E-01
  4371.019 9.779E-01
  4371.248 9.715E-01
  4371.477 9.625E-01
  4371.706 9.536E-01
  4371.934 9.466E-01
  4372.163 9.430E-01
  4372.392 9.428E-01
  4372.621 9.454E-01
  4372.850 9.501E-01
  4373.078 9.562E-01
  4373.307 9.630E-01
  4373.536 9.699E-01
  4373.765 9.751E-01
  4373.994 9.779E-01
  4374.222 9.788E-01
  4374.451 9.793E-01
  4374.680 9.803E-01
  4374.909 9.821E-01
  4375.138 9.846E-01
  4375.366 9.871E-01
  4375.595 9.878E-01
  4375.824 9.871E-01
  4376.053 9.860E-01
  4376.282 9.853E-01
  4376.510 9.849E-01
  4376.739 9.849E-01
  4376.968 9.852E-01
  4377.197 9.857E-01
  4377.426 9.861E-01
  4377.654 9.864E-01
  4377.883 9.863E-01
  4378.112 9.856E-01
  4378.341 9.848E-01
  4378.570 9.841E-01
  4378.798 9.839E-01
  4379.027 9.842E-01
  4379.256 9.851E-01
  4379.485 9.865E-01
  4379.714 9.880E-01
  4379.942 9.892E-01
  4380.171 9.898E-01
  4380.400 9.900E-01
  4380.629 9.901E-01
  4380.858 9.899E-01
  4381.086 9.892E-01
  4381.315 9.882E-01
  4381.544 9.868E-01
  4381.773 9.853E-01
  4382.002 9.838E-01
  4382.230 9.824E-01
  4382.459 9.811E-01
  4382.688 9.799E-01
  4382.917 9.788E-01
  4383.146 9.779E-01
  4383.374 9.770E-01
  4383.603 9.761E-01
  4383.832 9.751E-01
  4384.061 9.737E-01
  4384.290 9.720E-01
  4384.518 9.698E-01
  4384.747 9.668E-01
  4384.976 9.628E-01
  4385.205 9.574E-01
  4385.434 9.502E-01
  4385.662 9.412E-01
  4385.891 9.299E-01
  4386.120 9.156E-01
  4386.349 8.968E-01
  4386.578 8.725E-01
  4386.806 8.419E-01
  4387.035 8.074E-01
  4387.264 7.744E-01
  4387.493 7.478E-01
  4387.722 7.302E-01
  4387.950 7.234E-01
  4388.179 7.280E-01
  4388.408 7.440E-01
  4388.637 7.700E-01
  4388.866 8.026E-01
  4389.094 8.374E-01
  4389.323 8.684E-01
  4389.552 8.930E-01
  4389.781 9.120E-01
  4390.010 9.268E-01
  4390.238 9.387E-01
  4390.467 9.481E-01
  4390.696 9.558E-01
  4390.925 9.619E-01
  4391.154 9.671E-01
  4391.382 9.715E-01
  4391.611 9.755E-01
  4391.840 9.788E-01
  4392.069 9.813E-01
  4392.298 9.834E-01
  4392.526 9.851E-01
  4392.755 9.867E-01
  4392.984 9.881E-01
  4393.213 9.894E-01
  4393.442 9.903E-01
  4393.670 9.910E-01
  4393.899 9.916E-01
  4394.128 9.921E-01
  4394.357 9.923E-01
  4394.586 9.913E-01
  4394.814 9.884E-01
  4395.043 9.846E-01
  4395.272 9.814E-01
  4395.501 9.793E-01
  4395.730 9.784E-01
  4395.958 9.784E-01
  4396.187 9.795E-01
  4396.416 9.816E-01
  4396.645 9.849E-01
  4396.874 9.888E-01
  4397.102 9.925E-01
  4397.331 9.944E-01
  4397.560 9.950E-01
  4397.789 9.952E-01
  4398.018 9.953E-01
  4398.246 9.955E-01
  4398.475 9.957E-01
  4398.704 9.960E-01
  4398.933 9.963E-01
  4399.162 9.965E-01
  4399.390 9.966E-01
  4399.619 9.965E-01
  4399.848 9.964E-01
  4400.077 9.961E-01
  4400.306 9.960E-01
  4400.534 9.959E-01
  4400.763 9.959E-01
  4400.992 9.960E-01
  4401.221 9.961E-01
  4401.450 9.963E-01
  4401.678 9.965E-01
  4401.907 9.968E-01
  4402.136 9.971E-01
  4402.365 9.973E-01
  4402.594 9.973E-01
  4402.822 9.972E-01
  4403.051 9.971E-01
  4403.280 9.969E-01
  4403.509 9.967E-01
  4403.738 9.966E-01
  4403.966 9.966E-01
  4404.195 9.966E-01
  4404.424 9.965E-01
  4404.653 9.965E-01
  4404.882 9.963E-01
  4405.110 9.961E-01
  4405.339 9.959E-01
  4405.568 9.956E-01
  4405.797 9.953E-01
  4406.026 9.952E-01
  4406.254 9.953E-01
  4406.483 9.956E-01
  4406.712 9.960E-01
  4406.941 9.966E-01
  4407.170 9.972E-01
  4407.398 9.976E-01
  4407.627 9.978E-01
  4407.856 9.975E-01
  4408.085 9.964E-01
  4408.314 9.948E-01
  4408.542 9.930E-01
  4408.771 9.909E-01
  4409.000 9.879E-01
  4409.229 9.853E-01
  4409.458 9.836E-01
  4409.686 9.828E-01
  4409.915 9.822E-01
  4410.144 9.807E-01
  4410.373 9.781E-01
  4410.602 9.749E-01
  4410.830 9.728E-01
  4411.059 9.725E-01
  4411.288 9.733E-01
  4411.517 9.744E-01
  4411.746 9.764E-01
  4411.974 9.795E-01
  4412.203 9.839E-01
  4412.432 9.887E-01
  4412.661 9.927E-01
  4412.890 9.947E-01
  4413.118 9.953E-01
  4413.347 9.948E-01
  4413.576 9.921E-01
  4413.805 9.853E-01
  4414.034 9.762E-01
  4414.262 9.685E-01
  4414.491 9.633E-01
  4414.720 9.604E-01
  4414.949 9.598E-01
  4415.178 9.616E-01
  4415.406 9.653E-01
  4415.635 9.702E-01
  4415.864 9.740E-01
  4416.093 9.754E-01
  4416.322 9.735E-01
  4416.550 9.703E-01
  4416.779 9.679E-01
  4417.008 9.672E-01
  4417.237 9.684E-01
  4417.466 9.716E-01
  4417.694 9.769E-01
  4417.923 9.840E-01
  4418.152 9.912E-01
  4418.381 9.944E-01
  4418.610 9.935E-01
  4418.838 9.915E-01
  4419.067 9.898E-01
  4419.296 9.889E-01
  4419.525 9.886E-01
  4419.754 9.890E-01
  4419.982 9.900E-01
  4420.211 9.915E-01
  4420.440 9.935E-01
  4420.669 9.959E-01
  4420.898 9.978E-01
  4421.126 9.986E-01
  4421.355 9.988E-01
  4421.584 9.988E-01
  4421.813 9.989E-01
  4422.042 9.989E-01
  4422.270 9.989E-01
  4422.499 9.990E-01
  4422.728 9.990E-01
  4422.957 9.990E-01
  4423.186 9.990E-01
  4423.414 9.990E-01
  4423.643 9.990E-01
  4423.872 9.990E-01
  4424.101 9.990E-01
  4424.330 9.990E-01
  4424.558 9.989E-01
  4424.787 9.986E-01
  4425.016 9.978E-01
  4425.245 9.970E-01
  4425.474 9.964E-01
  4425.702 9.960E-01
  4425.931 9.955E-01
  4426.160 9.948E-01
  4426.389 9.940E-01
  4426.618 9.935E-01
  4426.846 9.931E-01
  4427.075 9.928E-01
  4427.304 9.926E-01
  4427.533 9.924E-01
  4427.762 9.923E-01
  4427.990 9.928E-01
  4428.219 9.936E-01
  4428.448 9.947E-01
  4428.677 9.956E-01
  4428.906 9.964E-01
  4429.134 9.970E-01
  4429.363 9.972E-01
  4429.592 9.972E-01
  4429.821 9.966E-01
  4430.050 9.952E-01
  4430.278 9.937E-01
  4430.507 9.926E-01
  4430.736 9.916E-01
  4430.965 9.910E-01
  4431.194 9.907E-01
  4431.422 9.903E-01
  4431.651 9.890E-01
  4431.880 9.877E-01
  4432.109 9.869E-01
  4432.338 9.864E-01
  4432.566 9.856E-01
  4432.795 9.853E-01
  4433.024 9.854E-01
  4433.253 9.861E-01
  4433.482 9.875E-01
  4433.710 9.897E-01
  4433.939 9.921E-01
  4434.168 9.936E-01
  4434.397 9.945E-01
  4434.626 9.953E-01
  4434.854 9.957E-01
  4435.083 9.958E-01
  4435.312 9.953E-01
  4435.541 9.941E-01
  4435.770 9.922E-01
  4435.998 9.885E-01
  4436.227 9.815E-01
  4436.456 9.697E-01
  4436.685 9.553E-01
  4436.914 9.421E-01
  4437.142 9.326E-01
  4437.371 9.274E-01
  4437.600 9.266E-01
  4437.829 9.300E-01
  4438.058 9.375E-01
  4438.286 9.489E-01
  4438.515 9.629E-01
  4438.744 9.765E-01
  4438.973 9.858E-01
  4439.202 9.906E-01
  4439.430 9.928E-01
  4439.659 9.940E-01
  4439.888 9.948E-01
  4440.117 9.954E-01
  4440.346 9.960E-01
  4440.574 9.964E-01
  4440.803 9.963E-01
  4441.032 9.954E-01
  4441.261 9.942E-01
  4441.490 9.931E-01
  4441.718 9.918E-01
  4441.947 9.900E-01
  4442.176 9.884E-01
  4442.405 9.874E-01
  4442.634 9.872E-01
  4442.862 9.879E-01
  4443.091 9.893E-01
  4443.320 9.909E-01
  4443.549 9.923E-01
  4443.778 9.938E-01
  4444.006 9.956E-01
  4444.235 9.974E-01
  4444.464 9.983E-01
  4444.693 9.986E-01
  4444.922 9.987E-01
  4445.150 9.985E-01
  4445.379 9.978E-01
  4445.608 9.957E-01
  4445.837 9.920E-01
  4446.066 9.862E-01
  4446.294 9.809E-01
  4446.523 9.770E-01
  4446.752 9.743E-01
  4446.981 9.721E-01
  4447.210 9.697E-01
  4447.438 9.680E-01
  4447.667 9.685E-01
  4447.896 9.710E-01
  4448.125 9.750E-01
  4448.354 9.786E-01
  4448.582 9.810E-01
  4448.811 9.834E-01
  4449.040 9.867E-01
  4449.269 9.908E-01
  4449.498 9.948E-01
  4449.726 9.971E-01
  4449.955 9.981E-01
  4450.184 9.985E-01
  4450.413 9.985E-01
  4450.642 9.985E-01
  4450.870 9.981E-01
  4451.099 9.969E-01
  4451.328 9.940E-01
  4451.557 9.908E-01
  4451.786 9.881E-01
  4452.014 9.864E-01
  4452.243 9.855E-01
  4452.472 9.854E-01
  4452.701 9.861E-01
  4452.930 9.876E-01
  4453.158 9.901E-01
  4453.387 9.932E-01
  4453.616 9.962E-01
  4453.845 9.976E-01
  4454.074 9.980E-01
  4454.302 9.980E-01
  4454.531 9.980E-01
  4454.760 9.979E-01
  4454.989 9.979E-01
  4455.218 9.977E-01
  4455.446 9.976E-01
  4455.675 9.974E-01
  4455.904 9.972E-01
  4456.133 9.970E-01
  4456.362 9.968E-01
  4456.590 9.967E-01
  4456.819 9.966E-01
  4457.048 9.966E-01
  4457.277 9.966E-01
  4457.506 9.967E-01
  4457.734 9.967E-01
  4457.963 9.967E-01
  4458.192 9.967E-01
  4458.421 9.966E-01
  4458.650 9.965E-01
  4458.878 9.962E-01
  4459.107 9.959E-01
  4459.336 9.956E-01
  4459.565 9.954E-01
  4459.794 9.952E-01
  4460.022 9.950E-01
  4460.251 9.948E-01
  4460.480 9.947E-01
  4460.709 9.946E-01
  4460.938 9.945E-01
  4461.166 9.944E-01
  4461.395 9.942E-01
  4461.624 9.940E-01
  4461.853 9.937E-01
  4462.082 9.933E-01
  4462.310 9.928E-01
  4462.539 9.920E-01
  4462.768 9.912E-01
  4462.997 9.904E-01
  4463.226 9.897E-01
  4463.454 9.890E-01
  4463.683 9.884E-01
  4463.912 9.876E-01
  4464.141 9.865E-01
  4464.370 9.847E-01
  4464.598 9.825E-01
  4464.827 9.802E-01
  4465.056 9.775E-01
  4465.285 9.741E-01
  4465.514 9.706E-01
  4465.742 9.675E-01
  4465.971 9.648E-01
  4466.200 9.626E-01
  4466.429 9.603E-01
  4466.658 9.575E-01
  4466.886 9.535E-01
  4467.115 9.491E-01
  4467.344 9.445E-01
  4467.573 9.392E-01
  4467.802 9.328E-01
  4468.030 9.248E-01
  4468.259 9.151E-01
  4468.488 9.036E-01
  4468.717 8.902E-01
  4468.946 8.748E-01
  4469.174 8.583E-01
  4469.403 8.423E-01
  4469.632 8.278E-01
  4469.861 8.137E-01
  4470.090 7.976E-01
  4470.318 7.764E-01
  4470.547 7.507E-01
  4470.776 7.253E-01
  4471.005 7.048E-01
  4471.234 6.911E-01
  4471.462 6.849E-01
  4471.691 6.873E-01
  4471.920 6.999E-01
  4472.149 7.234E-01
  4472.378 7.564E-01
  4472.606 7.948E-01
  4472.835 8.314E-01
  4473.064 8.614E-01
  4473.293 8.848E-01
  4473.522 9.033E-01
  4473.750 9.182E-01
  4473.979 9.304E-01
  4474.208 9.402E-01
  4474.437 9.483E-01
  4474.666 9.552E-01
  4474.894 9.610E-01
  4475.123 9.661E-01
  4475.352 9.704E-01
  4475.581 9.741E-01
  4475.810 9.773E-01
  4476.038 9.799E-01
  4476.267 9.820E-01
  4476.496 9.836E-01
  4476.725 9.847E-01
  4476.954 9.857E-01
  4477.182 9.865E-01
  4477.411 9.873E-01
  4477.640 9.881E-01
  4477.869 9.889E-01
  4478.098 9.896E-01
  4478.326 9.902E-01
  4478.555 9.899E-01
  4478.784 9.877E-01
  4479.013 9.837E-01
  4479.242 9.799E-01
  4479.470 9.769E-01
  4479.699 9.737E-01
  4479.928 9.672E-01
  4480.157 9.548E-01
  4480.386 9.409E-01
  4480.614 9.309E-01
  4480.843 9.265E-01
  4481.072 9.268E-01
  4481.301 9.297E-01
  4481.530 9.345E-01
  4481.758 9.424E-01
  4481.987 9.545E-01
  4482.216 9.698E-01
  4482.445 9.843E-01
  4482.674 9.928E-01
  4482.902 9.957E-01
  4483.131 9.964E-01
  4483.360 9.965E-01
  4483.589 9.967E-01
  4483.818 9.969E-01
  4484.046 9.971E-01
  4484.275 9.973E-01
  4484.504 9.976E-01
  4484.733 9.978E-01
  4484.962 9.979E-01
  4485.190 9.980E-01
  4485.419 9.979E-01
  4485.648 9.978E-01
  4485.877 9.977E-01
  4486.106 9.976E-01
  4486.334 9.974E-01
  4486.563 9.970E-01
  4486.792 9.962E-01
  4487.021 9.950E-01
  4487.250 9.936E-01
  4487.478 9.925E-01
  4487.707 9.918E-01
  4487.936 9.912E-01
  4488.165 9.904E-01
  4488.394 9.896E-01
  4488.622 9.894E-01
  4488.851 9.898E-01
  4489.080 9.908E-01
  4489.309 9.920E-01
  4489.538 9.930E-01
  4489.766 9.939E-01
  4489.995 9.949E-01
  4490.224 9.962E-01
  4490.453 9.976E-01
  4490.682 9.985E-01
  4490.910 9.989E-01
  4491.139 9.989E-01
  4491.368 9.989E-01
  4491.597 9.989E-01
  4491.826 9.989E-01
  4492.054 9.989E-01
  4492.283 9.989E-01
  4492.512 9.989E-01
  4492.741 9.990E-01
  4492.970 9.989E-01
  4493.198 9.989E-01
  4493.427 9.989E-01
  4493.656 9.989E-01
  4493.885 9.989E-01
  4494.114 9.989E-01
  4494.342 9.989E-01
  4494.571 9.990E-01
  4494.800 9.991E-01
  4495.029 9.991E-01
  4495.258 9.992E-01
  4495.486 9.992E-01
  4495.715 9.992E-01
  4495.944 9.992E-01
  4496.173 9.992E-01
  4496.402 9.992E-01
  4496.630 9.992E-01
  4496.859 9.991E-01
  4497.088 9.990E-01
  4497.317 9.990E-01
  4497.546 9.989E-01
  4497.774 9.988E-01
  4498.003 9.986E-01
  4498.232 9.982E-01
  4498.461 9.978E-01
  4498.690 9.976E-01
  4498.918 9.975E-01
  4499.147 9.976E-01
  4499.376 9.976E-01
  4499.605 9.974E-01
  4499.834 9.968E-01
  4500.062 9.964E-01
  4500.291 9.962E-01
  4500.520 9.961E-01
  4500.749 9.961E-01
  4500.978 9.961E-01
  4501.206 9.963E-01
  4501.435 9.968E-01
  4501.664 9.974E-01
  4501.893 9.982E-01
  4502.122 9.990E-01
  4502.350 9.994E-01
  4502.579 9.995E-01
  4502.808 9.996E-01
  4503.037 9.996E-01
  4503.266 9.996E-01
  4503.494 9.996E-01
  4503.723 9.996E-01
  4503.952 9.995E-01
  4504.181 9.995E-01
  4504.410 9.995E-01
  4504.638 9.994E-01
  4504.867 9.994E-01
  4505.096 9.994E-01
  4505.325 9.994E-01
  4505.554 9.994E-01
  4505.782 9.994E-01
  4506.011 9.994E-01
  4506.240 9.992E-01
  4506.469 9.988E-01
  4506.698 9.982E-01
  4506.926 9.976E-01
  4507.155 9.972E-01
  4507.384 9.969E-01
  4507.613 9.968E-01
  4507.842 9.968E-01
  4508.070 9.969E-01
  4508.299 9.973E-01
  4508.528 9.979E-01
  4508.757 9.985E-01
  4508.986 9.989E-01
  4509.214 9.991E-01
  4509.443 9.993E-01
  4509.672 9.994E-01
  4509.901 9.994E-01
  4510.130 9.995E-01
  4510.358 9.994E-01
  4510.587 9.993E-01
  4510.816 9.992E-01
  4511.045 9.988E-01
  4511.274 9.971E-01
  4511.502 9.931E-01
  4511.731 9.887E-01
  4511.960 9.852E-01
  4512.189 9.830E-01
  4512.418 9.819E-01
  4512.646 9.817E-01
  4512.875 9.824E-01
  4513.104 9.835E-01
  4513.333 9.849E-01
  4513.562 9.875E-01
  4513.790 9.905E-01
  4514.019 9.918E-01
  4514.248 9.920E-01
  4514.477 9.921E-01
  4514.706 9.926E-01
  4514.934 9.935E-01
  4515.163 9.949E-01
  4515.392 9.968E-01
  4515.621 9.983E-01
  4515.850 9.989E-01
  4516.078 9.990E-01
  4516.307 9.989E-01
  4516.536 9.988E-01
  4516.765 9.987E-01
  4516.994 9.986E-01
  4517.222 9.986E-01
  4517.451 9.986E-01
  4517.680 9.987E-01
  4517.909 9.988E-01
  4518.138 9.990E-01
  4518.366 9.992E-01
  4518.595 9.993E-01
  4518.824 9.994E-01
  4519.053 9.994E-01
  4519.282 9.995E-01
  4519.510 9.995E-01
  4519.739 9.995E-01
  4519.968 9.995E-01
  4520.197 9.996E-01
  4520.426 9.996E-01
  4520.654 9.996E-01
  4520.883 9.996E-01
  4521.112 9.996E-01
  4521.341 9.996E-01
  4521.570 9.995E-01
  4521.798 9.994E-01
  4522.027 9.993E-01
  4522.256 9.992E-01
  4522.485 9.992E-01
  4522.714 9.992E-01
  4522.942 9.992E-01
  4523.171 9.991E-01
  4523.400 9.986E-01
  4523.629 9.972E-01
  4523.858 9.952E-01
  4524.086 9.932E-01
  4524.315 9.916E-01
  4524.544 9.907E-01
  4524.773 9.904E-01
  4525.002 9.906E-01
  4525.230 9.913E-01
  4525.459 9.927E-01
  4525.688 9.947E-01
  4525.917 9.970E-01
  4526.146 9.987E-01
  4526.374 9.994E-01
  4526.603 9.996E-01
  4526.832 9.995E-01
  4527.061 9.994E-01
  4527.290 9.993E-01
  4527.518 9.989E-01
  4527.747 9.971E-01
  4527.976 9.926E-01
  4528.205 9.853E-01
  4528.434 9.786E-01
  4528.662 9.738E-01
  4528.891 9.708E-01
  4529.120 9.688E-01
  4529.349 9.673E-01
  4529.578 9.673E-01
  4529.806 9.696E-01
  4530.035 9.745E-01
  4530.264 9.810E-01
  4530.493 9.866E-01
  4530.722 9.894E-01
  4530.950 9.911E-01
  4531.179 9.930E-01
  4531.408 9.954E-01
  4531.637 9.979E-01
  4531.866 9.992E-01
  4532.094 9.996E-01
  4532.323 9.997E-01
  4532.552 9.997E-01
  4532.781 9.996E-01
  4533.010 9.995E-01
  4533.238 9.993E-01
  4533.467 9.990E-01
  4533.696 9.988E-01
  4533.925 9.987E-01
  4534.154 9.986E-01
  4534.382 9.985E-01
  4534.611 9.986E-01
  4534.840 9.987E-01
  4535.069 9.989E-01
  4535.298 9.991E-01
  4535.526 9.994E-01
  4535.755 9.996E-01
  4535.984 9.996E-01
  4536.213 9.996E-01
  4536.442 9.996E-01
  4536.670 9.996E-01
  4536.899 9.996E-01
  4537.128 9.996E-01
  4537.357 9.996E-01
  4537.586 9.996E-01
  4537.814 9.997E-01
  4538.043 9.997E-01
  4538.272 9.997E-01
  4538.501 9.996E-01
  4538.730 9.996E-01
  4538.958 9.995E-01
  4539.187 9.994E-01
  4539.416 9.994E-01
  4539.645 9.994E-01
  4539.874 9.994E-01
  4540.102 9.994E-01
  4540.331 9.994E-01
  4540.560 9.995E-01
  4540.789 9.996E-01
  4541.018 9.996E-01
  4541.246 9.996E-01
  4541.475 9.996E-01
  4541.704 9.997E-01
  4541.933 9.997E-01
  4542.162 9.997E-01
  4542.390 9.997E-01
  4542.619 9.997E-01
  4542.848 9.997E-01
  4543.077 9.997E-01
  4543.306 9.997E-01
  4543.534 9.997E-01
  4543.763 9.996E-01
  4543.992 9.994E-01
  4544.221 9.992E-01
  4544.450 9.991E-01
  4544.678 9.990E-01
  4544.907 9.990E-01
  4545.136 9.990E-01
  4545.365 9.990E-01
  4545.594 9.991E-01
  4545.822 9.992E-01
  4546.051 9.994E-01
  4546.280 9.996E-01
  4546.509 9.997E-01
  4546.738 9.997E-01
  4546.966 9.997E-01
  4547.195 9.997E-01
  4547.424 9.998E-01
  4547.653 9.998E-01
  4547.882 9.997E-01
  4548.110 9.997E-01
  4548.339 9.996E-01
  4548.568 9.995E-01
  4548.797 9.994E-01
  4549.026 9.993E-01
  4549.254 9.992E-01
  4549.483 9.992E-01
  4549.712 9.992E-01
  4549.941 9.992E-01
  4550.170 9.993E-01
  4550.398 9.994E-01
  4550.627 9.995E-01
  4550.856 9.993E-01
  4551.085 9.977E-01
  4551.314 9.919E-01
  4551.542 9.797E-01
  4551.771 9.660E-01
  4552.000 9.548E-01
  4552.229 9.474E-01
  4552.458 9.435E-01
  4552.686 9.429E-01
  4552.915 9.456E-01
  4553.144 9.517E-01
  4553.373 9.617E-01
  4553.602 9.749E-01
  4553.830 9.883E-01
  4554.059 9.958E-01
  4554.288 9.984E-01
  4554.517 9.990E-01
  4554.746 9.991E-01
  4554.974 9.993E-01
  4555.203 9.994E-01
  4555.432 9.996E-01
  4555.661 9.996E-01
  4555.890 9.996E-01
  4556.118 9.995E-01
  4556.347 9.993E-01
  4556.576 9.990E-01
  4556.805 9.988E-01
  4557.034 9.986E-01
  4557.262 9.985E-01
  4557.491 9.984E-01
  4557.720 9.984E-01
  4557.949 9.984E-01
  4558.178 9.985E-01
  4558.406 9.987E-01
  4558.635 9.990E-01
  4558.864 9.992E-01
  4559.093 9.993E-01
  4559.322 9.994E-01
  4559.550 9.994E-01
  4559.779 9.995E-01
  4560.008 9.996E-01
  4560.237 9.997E-01
  4560.466 9.997E-01
  4560.694 9.998E-01
  4560.923 9.998E-01
  4561.152 9.998E-01
  4561.381 9.998E-01
  4561.610 9.998E-01
  4561.838 9.997E-01
  4562.067 9.995E-01
  4562.296 9.993E-01
  4562.525 9.991E-01
  4562.754 9.990E-01
  4562.982 9.989E-01
  4563.211 9.988E-01
  4563.440 9.988E-01
  4563.669 9.988E-01
  4563.898 9.989E-01
  4564.126 9.990E-01
  4564.355 9.991E-01
  4564.584 9.993E-01
  4564.813 9.993E-01
  4565.042 9.993E-01
  4565.270 9.994E-01
  4565.499 9.994E-01
  4565.728 9.995E-01
  4565.957 9.996E-01
  4566.186 9.992E-01
  4566.414 9.970E-01
  4566.643 9.906E-01
  4566.872 9.798E-01
  4567.101 9.697E-01
  4567.330 9.623E-01
  4567.558 9.578E-01
  4567.787 9.559E-01
  4568.016 9.565E-01
  4568.245 9.596E-01
  4568.474 9.654E-01
  4568.702 9.738E-01
  4568.931 9.840E-01
  4569.160 9.926E-01
  4569.389 9.961E-01
  4569.618 9.969E-01
  4569.846 9.970E-01
  4570.075 9.971E-01
  4570.304 9.974E-01
  4570.533 9.978E-01
  4570.762 9.984E-01
  4570.990 9.990E-01
  4571.219 9.994E-01
  4571.448 9.996E-01
  4571.677 9.997E-01
  4571.906 9.997E-01
  4572.134 9.997E-01
  4572.363 9.997E-01
  4572.592 9.996E-01
  4572.821 9.996E-01
  4573.050 9.995E-01
  4573.278 9.985E-01
  4573.507 9.951E-01
  4573.736 9.883E-01
  4573.965 9.813E-01
  4574.194 9.761E-01
  4574.422 9.728E-01
  4574.651 9.712E-01
  4574.880 9.713E-01
  4575.109 9.730E-01
  4575.338 9.765E-01
  4575.566 9.819E-01
  4575.795 9.889E-01
  4576.024 9.956E-01
  4576.253 9.987E-01
  4576.482 9.996E-01
  4576.710 9.997E-01
  4576.939 9.997E-01
  4577.168 9.998E-01
  4577.397 9.998E-01
  4577.626 9.998E-01
  4577.854 9.997E-01
  4578.083 9.994E-01
  4578.312 9.990E-01
  4578.541 9.985E-01
  4578.770 9.982E-01
  4578.998 9.980E-01
  4579.227 9.979E-01
  4579.456 9.979E-01
  4579.685 9.980E-01
  4579.914 9.983E-01
  4580.142 9.987E-01
  4580.371 9.992E-01
  4580.600 9.996E-01
  4580.829 9.998E-01
  4581.058 9.998E-01
  4581.286 9.998E-01
  4581.515 9.998E-01
  4581.744 9.998E-01
  4581.973 9.998E-01
  4582.202 9.998E-01
  4582.430 9.997E-01
  4582.659 9.997E-01
  4582.888 9.997E-01
  4583.117 9.997E-01
  4583.346 9.996E-01
  4583.574 9.996E-01
  4583.803 9.997E-01
  4584.032 9.997E-01
  4584.261 9.997E-01
  4584.490 9.997E-01
  4584.718 9.997E-01
  4584.947 9.998E-01
  4585.176 9.998E-01
  4585.405 9.998E-01
  4585.634 9.998E-01
  4585.862 9.998E-01
  4586.091 9.998E-01
  4586.320 9.998E-01
  4586.549 9.998E-01
  4586.778 9.998E-01
  4587.006 9.998E-01
  4587.235 9.997E-01
  4587.464 9.996E-01
  4587.693 9.996E-01
  4587.922 9.995E-01
  4588.150 9.995E-01
  4588.379 9.995E-01
  4588.608 9.994E-01
  4588.837 9.991E-01
  4589.066 9.988E-01
  4589.294 9.984E-01
  4589.523 9.972E-01
  4589.752 9.939E-01
  4589.981 9.881E-01
  4590.210 9.825E-01
  4590.438 9.785E-01
  4590.667 9.762E-01
  4590.896 9.754E-01
  4591.125 9.760E-01
  4591.354 9.777E-01
  4591.582 9.808E-01
  4591.811 9.855E-01
  4592.040 9.913E-01
  4592.269 9.966E-01
  4592.498 9.991E-01
  4592.726 9.997E-01
  4592.955 9.998E-01
  4593.184 9.999E-01
  4593.413 9.999E-01
  4593.642 9.999E-01
  4593.870 9.999E-01
  4594.099 9.999E-01
  4594.328 9.998E-01
  4594.557 9.993E-01
  4594.786 9.975E-01
  4595.014 9.933E-01
  4595.243 9.876E-01
  4595.472 9.826E-01
  4595.701 9.792E-01
  4595.930 9.772E-01
  4596.158 9.766E-01
  4596.387 9.773E-01
  4596.616 9.794E-01
  4596.845 9.830E-01
  4597.074 9.880E-01
  4597.302 9.936E-01
  4597.531 9.978E-01
  4597.760 9.994E-01
  4597.989 9.998E-01
  4598.218 9.999E-01
  4598.446 9.999E-01
  4598.675 9.999E-01
  4598.904 9.999E-01
  4599.133 9.999E-01
  4599.362 9.999E-01
  4599.590 9.999E-01
  4599.819 9.999E-01
