  3980.000 9.114E-01
  3981.573 9.283E-01
  3983.146 9.371E-01
  3984.719 9.461E-01
  3986.292 9.550E-01
  3987.865 9.625E-01
  3989.438 9.667E-01
  3991.011 9.704E-01
  3992.584 9.726E-01
  3994.157 9.742E-01
  3995.730 9.755E-01
  3997.303 9.765E-01
  3998.876 9.767E-01
  4000.449 9.759E-01
  4002.022 9.721E-01
  4003.595 9.628E-01
  4005.168 9.541E-01
  4006.741 9.481E-01
  4008.314 9.450E-01
  4009.887 9.449E-01
  4011.460 9.476E-01
  4013.033 9.528E-01
  4014.606 9.593E-01
  4016.179 9.651E-01
  4017.752 9.609E-01
  4019.325 9.390E-01
  4020.898 9.083E-01
  4022.471 8.832E-01
  4024.044 8.671E-01
  4025.617 8.606E-01
  4027.190 8.635E-01
  4028.763 8.749E-01
  4030.336 8.959E-01
  4031.909 9.251E-01
  4033.482 9.561E-01
  4035.055 9.735E-01
  4036.628 9.794E-01
  4038.201 9.813E-01
  4039.774 9.827E-01
  4041.347 9.840E-01
  4042.920 9.856E-01
  4044.493 9.865E-01
  4046.066 9.878E-01
  4047.639 9.892E-01
  4049.212 9.908E-01
  4050.785 9.916E-01
  4052.358 9.916E-01
  4053.931 9.903E-01
  4055.504 9.889E-01
  4057.077 9.874E-01
  4058.650 9.866E-01
  4060.223 9.865E-01
  4061.796 9.864E-01
  4063.369 9.827E-01
  4064.942 9.783E-01
  4066.515 9.737E-01
  4068.088 9.664E-01
  4069.661 9.536E-01
  4071.234 9.435E-01
  4072.807 9.363E-01
  4074.380 9.332E-01
  4075.953 9.339E-01
  4077.526 9.382E-01
  4079.099 9.408E-01
  4080.672 9.444E-01
  4082.245 9.489E-01
  4083.818 9.493E-01
  4085.391 9.432E-01
  4086.964 9.333E-01
  4088.537 9.205E-01
  4090.110 9.034E-01
  4091.683 8.811E-01
  4093.256 8.510E-01
  4094.829 8.107E-01
  4096.402 7.664E-01
  4097.975 7.270E-01
  4099.548 6.988E-01
  4101.121 6.857E-01
  4102.694 6.886E-01
  4104.267 7.068E-01
  4105.840 7.382E-01
  4107.413 7.800E-01
  4108.986 8.260E-01
  4110.559 8.655E-01
  4112.132 8.936E-01
  4113.705 9.094E-01
  4115.278 9.172E-01
  4116.851 9.240E-01
  4118.424 9.306E-01
  4119.997 9.367E-01
  4121.570 9.427E-01
  4123.143 9.493E-01
  4124.716 9.565E-01
  4126.289 9.643E-01
  4127.862 9.737E-01
  4129.435 9.796E-01
  4131.008 9.804E-01
  4132.581 9.803E-01
  4134.154 9.796E-01
  4135.727 9.760E-01
  4137.300 9.623E-01
  4138.873 9.493E-01
  4140.446 9.406E-01
  4142.019 9.346E-01
  4143.592 9.321E-01
  4145.165 9.339E-01
  4146.738 9.383E-01
  4148.311 9.468E-01
  4149.884 9.596E-01
  4151.457 9.755E-01
  4153.030 9.826E-01
  4154.603 9.855E-01
  4156.176 9.871E-01
  4157.749 9.886E-01
  4159.322 9.896E-01
  4160.895 9.910E-01
  4162.468 9.887E-01
  4164.041 9.867E-01
  4165.614 9.849E-01
  4167.187 9.838E-01
  4168.760 9.832E-01
  4170.333 9.834E-01
  4171.906 9.844E-01
  4173.479 9.860E-01
  4175.052 9.884E-01
  4176.625 9.920E-01
  4178.198 9.927E-01
  4179.771 9.923E-01
  4181.344 9.921E-01
  4182.917 9.906E-01
  4184.490 9.892E-01
  4186.063 9.880E-01
  4187.636 9.874E-01
  4189.209 9.872E-01
  4190.782 9.878E-01
  4192.355 9.895E-01
  4193.928 9.914E-01
  4195.501 9.929E-01
  4197.074 9.949E-01
  4198.647 9.963E-01
  4200.220 9.967E-01
  4201.793 9.971E-01
  4203.366 9.973E-01
  4204.939 9.975E-01
  4206.512 9.976E-01
  4208.085 9.978E-01
  4209.658 9.979E-01
  4211.231 9.979E-01
  4212.804 9.979E-01
  4214.377 9.978E-01
  4215.950 9.972E-01
  4217.523 9.969E-01
  4219.096 9.966E-01
  4220.669 9.963E-01
  4222.242 9.959E-01
  4223.815 9.957E-01
  4225.388 9.957E-01
  4226.961 9.959E-01
  4228.534 9.964E-01
  4230.107 9.961E-01
  4231.680 9.953E-01
  4233.253 9.948E-01
  4234.826 9.936E-01
  4236.399 9.924E-01
  4237.972 9.915E-01
  4239.545 9.908E-01
  4241.118 9.905E-01
  4242.691 9.907E-01
  4244.264 9.916E-01
  4245.837 9.923E-01
  4247.410 9.899E-01
  4248.983 9.890E-01
  4250.556 9.886E-01
  4252.129 9.879E-01
  4253.702 9.880E-01
  4255.275 9.884E-01
  4256.848 9.892E-01
  4258.421 9.905E-01
  4259.994 9.897E-01
  4261.567 9.896E-01
  4263.140 9.880E-01
  4264.713 9.869E-01
  4266.286 9.864E-01
  4267.859 9.856E-01
  4269.432 9.835E-01
  4271.005 9.815E-01
  4272.578 9.812E-01
  4274.151 9.826E-01
  4275.724 9.839E-01
  4277.297 9.818E-01
  4278.870 9.796E-01
  4280.443 9.791E-01
  4282.016 9.797E-01
  4283.589 9.819E-01
  4285.162 9.836E-01
  4286.735 9.842E-01
  4288.308 9.842E-01
  4289.881 9.852E-01
  4291.454 9.871E-01
  4293.027 9.889E-01
  4294.600 9.894E-01
  4296.173 9.890E-01
  4297.746 9.876E-01
  4299.319 9.866E-01
  4300.892 9.855E-01
  4302.465 9.849E-01
  4304.038 9.840E-01
  4305.611 9.829E-01
  4307.184 9.814E-01
  4308.757 9.801E-01
  4310.330 9.782E-01
  4311.903 9.770E-01
  4313.476 9.734E-01
  4315.049 9.705E-01
  4316.622 9.682E-01
  4318.195 9.658E-01
  4319.768 9.628E-01
  4321.341 9.595E-01
  4322.914 9.551E-01
  4324.487 9.494E-01
  4326.060 9.407E-01
  4327.633 9.284E-01
  4329.206 9.098E-01
  4330.779 8.850E-01
  4332.352 8.521E-01
  4333.925 8.103E-01
  4335.498 7.698E-01
  4337.071 7.367E-01
  4338.644 7.146E-01
  4340.217 7.053E-01
  4341.790 7.089E-01
  4343.363 7.250E-01
  4344.936 7.526E-01
  4346.509 7.898E-01
  4348.082 8.315E-01
  4349.655 8.681E-01
  4351.228 8.957E-01
  4352.801 9.172E-01
  4354.374 9.339E-01
  4355.947 9.472E-01
  4357.520 9.581E-01
  4359.093 9.650E-01
  4360.666 9.687E-01
  4362.239 9.707E-01
  4363.812 9.718E-01
  4365.385 9.704E-01
  4366.958 9.692E-01
  4368.531 9.690E-01
  4370.104 9.695E-01
  4371.677 9.700E-01
  4373.250 9.718E-01
  4374.823 9.744E-01
  4376.396 9.757E-01
  4377.969 9.761E-01
  4379.542 9.725E-01
  4381.115 9.578E-01
  4382.688 9.412E-01
  4384.261 9.288E-01
  4385.834 9.214E-01
  4387.407 9.187E-01
  4388.980 9.192E-01
  4390.553 9.246E-01
  4392.126 9.346E-01
  4393.699 9.493E-01
  4395.272 9.682E-01
  4396.845 9.843E-01
  4398.418 9.901E-01
  4399.991 9.923E-01
  4401.564 9.935E-01
  4403.137 9.938E-01
  4404.710 9.929E-01
  4406.283 9.916E-01
  4407.856 9.885E-01
  4409.429 9.849E-01
  4411.002 9.818E-01
  4412.575 9.798E-01
  4414.148 9.792E-01
  4415.721 9.797E-01
  4417.294 9.817E-01
  4418.867 9.844E-01
  4420.440 9.871E-01
  4422.013 9.899E-01
  4423.586 9.933E-01
  4425.159 9.950E-01
  4426.732 9.945E-01
  4428.305 9.939E-01
  4429.878 9.912E-01
  4431.451 9.875E-01
  4433.024 9.850E-01
  4434.597 9.835E-01
  4436.170 9.825E-01
  4437.743 9.823E-01
  4439.316 9.823E-01
  4440.889 9.819E-01
  4442.462 9.821E-01
  4444.035 9.836E-01
  4445.608 9.860E-01
  4447.181 9.868E-01
  4448.754 9.871E-01
  4450.327 9.881E-01
  4451.900 9.892E-01
  4453.473 9.905E-01
  4455.046 9.925E-01
  4456.619 9.937E-01
  4458.192 9.923E-01
  4459.765 9.890E-01
  4461.338 9.821E-01
  4462.911 9.673E-01
  4464.484 9.418E-01
  4466.057 9.175E-01
  4467.630 8.997E-01
  4469.203 8.889E-01
  4470.776 8.851E-01
  4472.349 8.874E-01
  4473.922 8.939E-01
  4475.495 9.070E-01
  4477.068 9.266E-01
  4478.641 9.501E-01
  4480.214 9.707E-01
  4481.787 9.789E-01
  4483.360 9.825E-01
  4484.933 9.850E-01
  4486.506 9.878E-01
  4488.079 9.915E-01
  4489.652 9.955E-01
  4491.225 9.961E-01
  4492.798 9.964E-01
  4494.371 9.968E-01
  4495.944 9.975E-01
  4497.517 9.981E-01
  4499.090 9.982E-01
  4500.663 9.981E-01
  4502.236 9.981E-01
  4503.809 9.981E-01
  4505.382 9.973E-01
  4506.955 9.964E-01
  4508.528 9.958E-01
  4510.101 9.953E-01
  4511.674 9.949E-01
  4513.247 9.948E-01
  4514.820 9.950E-01
  4516.393 9.954E-01
  4517.966 9.956E-01
  4519.539 9.963E-01
  4521.112 9.969E-01
  4522.685 9.957E-01
  4524.258 9.944E-01
  4525.831 9.936E-01
  4527.404 9.930E-01
  4528.977 9.928E-01
  4530.550 9.931E-01
  4532.123 9.937E-01
  4533.696 9.947E-01
  4535.269 9.958E-01
  4536.842 9.974E-01
  4538.415 9.989E-01
  4539.988 9.992E-01
  4541.561 9.993E-01
  4543.134 9.993E-01
  4544.707 9.975E-01
  4546.280 9.946E-01
  4547.853 9.926E-01
  4549.426 9.913E-01
  4550.999 9.904E-01
  4552.572 9.901E-01
  4554.145 9.903E-01
  4555.718 9.910E-01
  4557.291 9.922E-01
  4558.864 9.940E-01
  4560.437 9.946E-01
  4562.010 9.946E-01
  4563.583 9.933E-01
  4565.156 9.923E-01
  4566.729 9.911E-01
  4568.302 9.894E-01
  4569.875 9.887E-01
  4571.448 9.888E-01
  4573.021 9.895E-01
  4574.594 9.911E-01
  4576.167 9.940E-01
  4577.740 9.950E-01
  4579.313 9.958E-01
  4580.886 9.967E-01
  4582.459 9.980E-01
  4584.032 9.974E-01
  4585.605 9.964E-01
  4587.178 9.956E-01
  4588.751 9.937E-01
  4590.324 9.922E-01
  4591.897 9.914E-01
  4593.470 9.912E-01
  4595.043 9.914E-01
  4596.616 9.923E-01
  4598.189 9.938E-01
  4599.762 9.959E-01
