  3980.000 9.996E-01
  3981.001 9.996E-01
  3982.002 9.997E-01
  3983.003 9.997E-01
  3984.004 9.997E-01
  3985.005 9.998E-01
  3986.006 9.997E-01
  3987.007 9.997E-01
  3988.008 9.997E-01
  3989.009 9.997E-01
  3990.010 9.997E-01
  3991.011 9.998E-01
  3992.012 9.999E-01
  3993.013 9.999E-01
  3994.014 1.000E+00
  3995.015 9.999E-01
  3996.016 9.998E-01
  3997.017 9.997E-01
  3998.018 9.996E-01
  3999.019 9.996E-01
  4000.020 9.994E-01
  4001.021 9.987E-01
  4002.022 9.981E-01
  4003.023 9.978E-01
  4004.024 9.978E-01
  4005.025 9.982E-01
  4006.026 9.989E-01
  4007.027 9.996E-01
  4008.028 1.000E+00
  4009.029 1.001E+00
  4010.030 1.002E+00
  4011.031 1.002E+00
  4012.032 1.001E+00
  4013.033 1.001E+00
  4014.034 1.000E+00
  4015.035 1.000E+00
  4016.036 1.000E+00
  4017.037 1.000E+00
  4018.038 9.999E-01
  4019.039 9.998E-01
  4020.040 9.992E-01
  4021.041 9.952E-01
  4022.042 9.799E-01
  4023.043 9.659E-01
  4024.044 9.567E-01
  4025.045 9.515E-01
  4026.046 9.500E-01
  4027.047 9.520E-01
  4028.048 9.577E-01
  4029.049 9.672E-01
  4030.050 9.811E-01
  4031.051 9.959E-01
  4032.052 9.979E-01
  4033.053 9.980E-01
  4034.054 9.981E-01
  4035.055 9.982E-01
  4036.056 9.986E-01
  4037.057 9.990E-01
  4038.058 9.995E-01
  4039.059 9.998E-01
  4040.060 9.998E-01
  4041.061 9.992E-01
  4042.062 9.989E-01
  4043.063 9.987E-01
  4044.064 9.985E-01
  4045.065 9.985E-01
  4046.066 9.985E-01
  4047.067 9.987E-01
  4048.068 9.990E-01
  4049.069 9.994E-01
  4050.070 9.999E-01
  4051.071 1.000E+00
  4052.072 9.994E-01
  4053.073 9.990E-01
  4054.074 9.987E-01
  4055.075 9.985E-01
  4056.076 9.986E-01
  4057.077 9.991E-01
  4058.078 9.994E-01
  4059.079 9.996E-01
  4060.080 1.000E+00
  4061.081 1.001E+00
  4062.082 1.000E+00
  4063.083 9.998E-01
  4064.084 9.947E-01
  4065.085 9.859E-01
  4066.086 9.760E-01
  4067.087 9.685E-01
  4068.088 9.640E-01
  4069.089 9.622E-01
  4070.090 9.629E-01
  4071.091 9.665E-01
  4072.092 9.727E-01
  4073.093 9.819E-01
  4074.094 9.898E-01
  4075.095 9.960E-01
  4076.096 9.970E-01
  4077.097 9.968E-01
  4078.098 9.969E-01
  4079.099 9.972E-01
  4080.100 9.974E-01
  4081.101 9.977E-01
  4082.102 9.977E-01
  4083.103 9.974E-01
  4084.104 9.962E-01
  4085.105 9.890E-01
  4086.106 9.845E-01
  4087.107 9.813E-01
  4088.108 9.797E-01
  4089.109 9.796E-01
  4090.110 9.804E-01
  4091.111 9.822E-01
  4092.112 9.849E-01
  4093.113 9.838E-01
  4094.114 9.825E-01
  4095.115 9.758E-01
  4096.116 9.635E-01
  4097.117 9.397E-01
  4098.118 9.048E-01
  4099.119 8.756E-01
  4100.120 8.583E-01
  4101.121 8.533E-01
  4102.122 8.608E-01
  4103.123 8.721E-01
  4104.124 8.922E-01
  4105.125 9.217E-01
  4106.126 9.565E-01
  4107.127 9.836E-01
  4108.128 9.949E-01
  4109.129 9.975E-01
  4110.130 9.981E-01
  4111.131 9.980E-01
  4112.132 9.932E-01
  4113.133 9.898E-01
  4114.134 9.877E-01
  4115.135 9.868E-01
  4116.136 9.855E-01
  4117.137 9.823E-01
  4118.138 9.813E-01
  4119.139 9.823E-01
  4120.140 9.852E-01
  4121.141 9.899E-01
  4122.142 9.908E-01
  4123.143 9.920E-01
  4124.144 9.940E-01
  4125.145 9.972E-01
  4126.146 1.000E+00
  4127.147 1.000E+00
  4128.148 1.000E+00
  4129.149 1.000E+00
  4130.150 1.000E+00
  4131.151 1.000E+00
  4132.152 9.999E-01
  4133.153 9.997E-01
  4134.154 9.997E-01
  4135.155 9.999E-01
  4136.156 1.000E+00
  4137.157 1.000E+00
  4138.158 1.000E+00
  4139.159 1.001E+00
  4140.160 1.002E+00
  4141.161 1.003E+00
  4142.162 1.003E+00
  4143.163 1.003E+00
  4144.164 1.003E+00
  4145.165 1.003E+00
  4146.166 1.002E+00
  4147.167 1.002E+00
  4148.168 1.000E+00
  4149.169 9.985E-01
  4150.170 9.979E-01
  4151.171 9.974E-01
  4152.172 9.962E-01
  4153.173 9.952E-01
  4154.174 9.947E-01
  4155.175 9.948E-01
  4156.176 9.951E-01
  4157.177 9.959E-01
  4158.178 9.960E-01
  4159.179 9.949E-01
  4160.180 9.946E-01
  4161.181 9.952E-01
  4162.182 9.955E-01
  4163.183 9.955E-01
  4164.184 9.958E-01
  4165.185 9.963E-01
  4166.186 9.972E-01
  4167.187 9.985E-01
  4168.188 9.997E-01
  4169.189 9.996E-01
  4170.190 9.995E-01
  4171.191 9.994E-01
  4172.192 9.994E-01
  4173.193 9.995E-01
  4174.194 9.996E-01
  4175.195 9.997E-01
  4176.196 9.999E-01
  4177.197 1.000E+00
  4178.198 1.000E+00
  4179.199 1.000E+00
  4180.200 9.997E-01
  4181.201 9.996E-01
  4182.202 9.988E-01
  4183.203 9.971E-01
  4184.204 9.961E-01
  4185.205 9.957E-01
  4186.206 9.959E-01
  4187.207 9.963E-01
  4188.208 9.969E-01
  4189.209 9.978E-01
  4190.210 9.986E-01
  4191.211 9.999E-01
  4192.212 1.001E+00
  4193.213 1.001E+00
  4194.214 9.995E-01
  4195.215 9.942E-01
  4196.216 9.870E-01
  4197.217 9.817E-01
  4198.218 9.784E-01
  4199.219 9.767E-01
  4200.220 9.766E-01
  4201.221 9.781E-01
  4202.222 9.811E-01
  4203.223 9.860E-01
  4204.224 9.930E-01
  4205.225 9.986E-01
  4206.226 9.997E-01
  4207.227 9.998E-01
  4208.228 9.994E-01
  4209.229 9.990E-01
  4210.230 9.987E-01
  4211.231 9.986E-01
  4212.232 9.985E-01
  4213.233 9.985E-01
  4214.234 9.985E-01
  4215.235 9.983E-01
  4216.236 9.983E-01
  4217.237 9.985E-01
  4218.238 9.985E-01
  4219.239 9.985E-01
  4220.240 9.985E-01
  4221.241 9.986E-01
  4222.242 9.989E-01
  4223.243 9.992E-01
  4224.244 9.996E-01
  4225.245 9.999E-01
  4226.246 1.000E+00
  4227.247 9.999E-01
  4228.248 9.998E-01
  4229.249 9.997E-01
  4230.250 9.996E-01
  4231.251 9.995E-01
  4232.252 9.994E-01
  4233.253 9.995E-01
  4234.254 9.995E-01
  4235.255 9.995E-01
  4236.256 9.996E-01
  4237.257 9.997E-01
  4238.258 9.997E-01
  4239.259 9.998E-01
  4240.260 9.999E-01
  4241.261 9.999E-01
  4242.262 1.000E+00
  4243.263 1.000E+00
  4244.264 1.001E+00
  4245.265 1.001E+00
  4246.266 1.001E+00
  4247.267 1.001E+00
  4248.268 1.001E+00
  4249.269 1.001E+00
  4250.270 1.001E+00
  4251.271 1.001E+00
  4252.272 1.001E+00
  4253.273 1.001E+00
  4254.274 1.001E+00
  4255.275 1.001E+00
  4256.276 1.001E+00
  4257.277 1.000E+00
  4258.278 1.000E+00
  4259.279 9.998E-01
  4260.280 9.998E-01
  4261.281 9.998E-01
  4262.282 9.999E-01
  4263.283 9.998E-01
  4264.284 9.998E-01
  4265.285 9.998E-01
  4266.286 9.998E-01
  4267.287 9.998E-01
  4268.288 9.998E-01
  4269.289 9.998E-01
  4270.290 9.998E-01
  4271.291 9.997E-01
  4272.292 9.996E-01
  4273.293 9.996E-01
  4274.294 9.995E-01
  4275.295 9.994E-01
  4276.296 9.993E-01
  4277.297 9.993E-01
  4278.298 9.994E-01
  4279.299 9.994E-01
  4280.300 9.994E-01
  4281.301 9.993E-01
  4282.302 9.991E-01
  4283.303 9.991E-01
  4284.304 9.992E-01
  4285.305 9.993E-01
  4286.306 9.996E-01
  4287.307 1.000E+00
  4288.308 1.000E+00
  4289.309 1.001E+00
  4290.310 1.001E+00
  4291.311 1.001E+00
  4292.312 1.001E+00
  4293.313 1.001E+00
  4294.314 1.001E+00
  4295.315 1.000E+00
  4296.316 1.000E+00
  4297.317 1.000E+00
  4298.318 1.000E+00
  4299.319 1.000E+00
  4300.320 1.000E+00
  4301.321 1.000E+00
  4302.322 1.000E+00
  4303.323 1.000E+00
  4304.324 1.000E+00
  4305.325 1.001E+00
  4306.326 1.001E+00
  4307.327 1.001E+00
  4308.328 1.001E+00
  4309.329 1.001E+00
  4310.330 1.001E+00
  4311.331 1.001E+00
  4312.332 1.000E+00
  4313.333 9.997E-01
  4314.334 9.992E-01
  4315.335 9.984E-01
  4316.336 9.978E-01
  4317.337 9.975E-01
  4318.338 9.973E-01
  4319.339 9.974E-01
  4320.340 9.977E-01
  4321.341 9.985E-01
  4322.342 9.994E-01
  4323.343 9.999E-01
  4324.344 1.000E+00
  4325.345 1.001E+00
  4326.346 1.001E+00
  4327.347 1.001E+00
  4328.348 1.000E+00
  4329.349 9.999E-01
  4330.350 9.993E-01
  4331.351 9.987E-01
  4332.352 9.976E-01
  4333.353 9.946E-01
  4334.354 9.849E-01
  4335.355 9.646E-01
  4336.356 9.301E-01
  4337.357 8.996E-01
  4338.358 8.792E-01
  4339.359 8.681E-01
  4340.360 8.656E-01
  4341.361 8.709E-01
  4342.362 8.850E-01
  4343.363 9.077E-01
  4344.364 9.368E-01
  4345.365 9.674E-01
  4346.366 9.849E-01
  4347.367 9.876E-01
  4348.368 9.879E-01
  4349.369 9.884E-01
  4350.370 9.896E-01
  4351.371 9.909E-01
  4352.372 9.930E-01
  4353.373 9.949E-01
  4354.374 9.970E-01
  4355.375 9.987E-01
  4356.376 1.000E+00
  4357.377 1.001E+00
  4358.378 1.001E+00
  4359.379 1.001E+00
  4360.380 1.000E+00
  4361.381 1.000E+00
  4362.382 9.993E-01
  4363.383 9.989E-01
  4364.384 9.987E-01
  4365.385 9.985E-01
  4366.386 9.983E-01
  4367.387 9.984E-01
  4368.388 9.986E-01
  4369.389 9.990E-01
  4370.390 9.994E-01
  4371.391 1.000E+00
  4372.392 1.001E+00
  4373.393 1.001E+00
  4374.394 1.001E+00
  4375.395 1.000E+00
  4376.396 1.000E+00
  4377.397 9.995E-01
  4378.398 9.991E-01
  4379.399 9.988E-01
  4380.400 9.985E-01
  4381.401 9.984E-01
  4382.402 9.987E-01
  4383.403 1.000E+00
  4384.404 1.002E+00
  4385.405 1.003E+00
  4386.406 1.004E+00
  4387.407 1.004E+00
  4388.408 1.004E+00
  4389.409 1.003E+00
  4390.410 1.002E+00
  4391.411 1.001E+00
  4392.412 9.999E-01
  4393.413 9.984E-01
  4394.414 9.983E-01
  4395.415 9.985E-01
  4396.416 9.989E-01
  4397.417 9.994E-01
  4398.418 9.996E-01
  4399.419 9.997E-01
  4400.420 9.998E-01
  4401.421 1.000E+00
  4402.422 1.000E+00
  4403.423 1.000E+00
  4404.424 1.000E+00
  4405.425 9.997E-01
  4406.426 9.996E-01
  4407.427 9.995E-01
  4408.428 9.994E-01
  4409.429 9.993E-01
  4410.430 9.997E-01
  4411.431 1.000E+00
  4412.432 1.001E+00
  4413.433 1.001E+00
  4414.434 1.002E+00
  4415.435 1.002E+00
  4416.436 1.002E+00
  4417.437 1.002E+00
  4418.438 1.002E+00
  4419.439 1.001E+00
  4420.440 1.001E+00
  4421.441 1.000E+00
  4422.442 1.000E+00
  4423.443 1.000E+00
  4424.444 9.998E-01
  4425.445 9.997E-01
  4426.446 9.997E-01
  4427.447 9.997E-01
  4428.448 9.998E-01
  4429.449 9.998E-01
  4430.450 9.999E-01
  4431.451 9.999E-01
  4432.452 9.997E-01
  4433.453 9.999E-01
  4434.454 9.999E-01
  4435.455 9.998E-01
  4436.456 9.997E-01
  4437.457 9.994E-01
  4438.458 9.993E-01
  4439.459 9.993E-01
  4440.460 9.994E-01
  4441.461 9.995E-01
  4442.462 9.996E-01
  4443.463 9.998E-01
  4444.464 1.000E+00
  4445.465 1.001E+00
  4446.466 1.001E+00
  4447.467 1.000E+00
  4448.468 1.000E+00
  4449.469 9.996E-01
  4450.470 9.993E-01
  4451.471 9.991E-01
  4452.472 9.989E-01
  4453.473 9.987E-01
  4454.474 9.988E-01
  4455.475 9.991E-01
  4456.476 9.995E-01
  4457.477 9.998E-01
  4458.478 1.000E+00
  4459.479 9.999E-01
  4460.480 9.997E-01
  4461.481 9.994E-01
  4462.482 9.993E-01
  4463.483 9.988E-01
  4464.484 9.981E-01
  4465.485 9.970E-01
  4466.486 9.901E-01
  4467.487 9.745E-01
  4468.488 9.638E-01
  4469.489 9.570E-01
  4470.490 9.534E-01
  4471.491 9.523E-01
  4472.492 9.540E-01
  4473.493 9.586E-01
  4474.494 9.658E-01
  4475.495 9.761E-01
  4476.496 9.899E-01
  4477.497 9.973E-01
  4478.498 9.973E-01
  4479.499 9.969E-01
  4480.500 9.966E-01
  4481.501 9.966E-01
  4482.502 9.967E-01
  4483.503 9.973E-01
  4484.504 9.980E-01
  4485.505 9.990E-01
  4486.506 1.000E+00
  4487.507 1.001E+00
  4488.508 1.001E+00
  4489.509 1.001E+00
  4490.510 1.001E+00
  4491.511 1.001E+00
  4492.512 1.000E+00
  4493.513 1.000E+00
  4494.514 1.000E+00
  4495.515 9.999E-01
  4496.516 9.999E-01
  4497.517 9.998E-01
  4498.518 9.997E-01
  4499.519 9.997E-01
  4500.520 9.997E-01
  4501.521 9.994E-01
  4502.522 9.993E-01
  4503.523 9.992E-01
  4504.524 9.992E-01
  4505.525 9.991E-01
  4506.526 9.985E-01
  4507.527 9.983E-01
  4508.528 9.981E-01
  4509.529 9.980E-01
  4510.530 9.973E-01
  4511.531 9.972E-01
  4512.532 9.972E-01
  4513.533 9.971E-01
  4514.534 9.973E-01
  4515.535 9.977E-01
  4516.536 9.983E-01
  4517.537 9.984E-01
  4518.538 9.986E-01
  4519.539 9.987E-01
  4520.540 9.991E-01
  4521.541 9.989E-01
  4522.542 9.988E-01
  4523.543 9.989E-01
  4524.544 9.987E-01
  4525.545 9.987E-01
  4526.546 9.987E-01
  4527.547 9.988E-01
  4528.548 9.991E-01
  4529.549 9.991E-01
  4530.550 9.988E-01
  4531.551 9.986E-01
  4532.552 9.985E-01
  4533.553 9.984E-01
  4534.554 9.983E-01
  4535.555 9.972E-01
  4536.556 9.919E-01
  4537.557 9.838E-01
  4538.558 9.780E-01
  4539.559 9.742E-01
  4540.560 9.717E-01
  4541.561 9.706E-01
  4542.562 9.711E-01
  4543.563 9.734E-01
  4544.564 9.775E-01
  4545.565 9.837E-01
  4546.566 9.919E-01
  4547.567 9.970E-01
  4548.568 9.981E-01
  4549.569 9.986E-01
  4550.570 9.992E-01
  4551.571 9.995E-01
  4552.572 9.996E-01
  4553.573 9.996E-01
  4554.574 9.996E-01
  4555.575 9.997E-01
  4556.576 9.997E-01
  4557.577 9.998E-01
  4558.578 9.999E-01
  4559.579 9.999E-01
  4560.580 9.998E-01
  4561.581 9.998E-01
  4562.582 9.998E-01
  4563.583 9.998E-01
  4564.584 9.999E-01
  4565.585 1.000E+00
  4566.586 1.000E+00
  4567.587 1.000E+00
  4568.588 1.000E+00
  4569.589 1.000E+00
  4570.590 1.000E+00
  4571.591 1.000E+00
  4572.592 1.000E+00
  4573.593 1.000E+00
  4574.594 9.999E-01
  4575.595 9.999E-01
  4576.596 9.999E-01
  4577.597 9.999E-01
  4578.598 9.999E-01
  4579.599 9.999E-01
  4580.600 9.999E-01
  4581.601 9.999E-01
  4582.602 1.000E+00
  4583.603 1.000E+00
  4584.604 1.000E+00
  4585.605 9.998E-01
  4586.606 9.980E-01
  4587.607 9.967E-01
  4588.608 9.959E-01
  4589.609 9.954E-01
  4590.610 9.950E-01
  4591.611 9.936E-01
  4592.612 9.926E-01
  4593.613 9.922E-01
  4594.614 9.924E-01
  4595.615 9.934E-01
  4596.616 9.949E-01
  4597.617 9.952E-01
  4598.618 9.957E-01
  4599.619 9.963E-01
