  3980.000 9.225E-01
  3980.229 9.206E-01
  3980.458 9.215E-01
  3980.686 9.241E-01
  3980.915 9.277E-01
  3981.144 9.320E-01
  3981.373 9.357E-01
  3981.602 9.366E-01
  3981.830 9.336E-01
  3982.059 9.300E-01
  3982.288 9.277E-01
  3982.517 9.266E-01
  3982.746 9.258E-01
  3982.974 9.256E-01
  3983.203 9.273E-01
  3983.432 9.317E-01
  3983.661 9.380E-01
  3983.890 9.442E-01
  3984.118 9.484E-01
  3984.347 9.518E-01
  3984.576 9.555E-01
  3984.805 9.592E-01
  3985.034 9.613E-01
  3985.262 9.623E-01
  3985.491 9.629E-01
  3985.720 9.637E-01
  3985.949 9.648E-01
  3986.178 9.660E-01
  3986.406 9.674E-01
  3986.635 9.690E-01
  3986.864 9.706E-01
  3987.093 9.720E-01
  3987.322 9.731E-01
  3987.550 9.739E-01
  3987.779 9.746E-01
  3988.008 9.752E-01
  3988.237 9.758E-01
  3988.466 9.764E-01
  3988.694 9.770E-01
  3988.923 9.775E-01
  3989.152 9.780E-01
  3989.381 9.785E-01
  3989.610 9.790E-01
  3989.838 9.794E-01
  3990.067 9.798E-01
  3990.296 9.802E-01
  3990.525 9.805E-01
  3990.754 9.808E-01
  3990.982 9.810E-01
  3991.211 9.811E-01
  3991.440 9.813E-01
  3991.669 9.815E-01
  3991.898 9.818E-01
  3992.126 9.821E-01
  3992.355 9.823E-01
  3992.584 9.826E-01
  3992.813 9.828E-01
  3993.042 9.831E-01
  3993.270 9.834E-01
  3993.499 9.833E-01
  3993.728 9.815E-01
  3993.957 9.758E-01
  3994.186 9.662E-01
  3994.414 9.576E-01
  3994.643 9.518E-01
  3994.872 9.490E-01
  3995.101 9.491E-01
  3995.330 9.520E-01
  3995.558 9.581E-01
  3995.787 9.671E-01
  3996.016 9.773E-01
  3996.245 9.840E-01
  3996.474 9.865E-01
  3996.702 9.871E-01
  3996.931 9.871E-01
  3997.160 9.871E-01
  3997.389 9.869E-01
  3997.618 9.867E-01
  3997.846 9.863E-01
  3998.075 9.858E-01
  3998.304 9.855E-01
  3998.533 9.853E-01
  3998.762 9.852E-01
  3998.990 9.851E-01
  3999.219 9.851E-01
  3999.448 9.852E-01
  3999.677 9.854E-01
  3999.906 9.855E-01
  4000.134 9.854E-01
  4000.363 9.854E-01
  4000.592 9.854E-01
  4000.821 9.856E-01
  4001.050 9.857E-01
  4001.278 9.857E-01
  4001.507 9.856E-01
  4001.736 9.854E-01
  4001.965 9.851E-01
  4002.194 9.846E-01
  4002.422 9.840E-01
  4002.651 9.832E-01
  4002.880 9.825E-01
  4003.109 9.819E-01
  4003.338 9.815E-01
  4003.566 9.811E-01
  4003.795 9.803E-01
  4004.024 9.788E-01
  4004.253 9.766E-01
  4004.482 9.746E-01
  4004.710 9.728E-01
  4004.939 9.713E-01
  4005.168 9.701E-01
  4005.397 9.693E-01
  4005.626 9.690E-01
  4005.854 9.690E-01
  4006.083 9.690E-01
  4006.312 9.680E-01
  4006.541 9.659E-01
  4006.770 9.631E-01
  4006.998 9.596E-01
  4007.227 9.555E-01
  4007.456 9.505E-01
  4007.685 9.443E-01
  4007.914 9.365E-01
  4008.142 9.269E-01
  4008.371 9.159E-01
  4008.600 9.053E-01
  4008.829 8.967E-01
  4009.058 8.912E-01
  4009.286 8.896E-01
  4009.515 8.921E-01
  4009.744 8.984E-01
  4009.973 9.077E-01
  4010.202 9.187E-01
  4010.430 9.294E-01
  4010.659 9.386E-01
  4010.888 9.461E-01
  4011.117 9.520E-01
  4011.346 9.568E-01
  4011.574 9.607E-01
  4011.803 9.640E-01
  4012.032 9.668E-01
  4012.261 9.692E-01
  4012.490 9.713E-01
  4012.718 9.730E-01
  4012.947 9.746E-01
  4013.176 9.759E-01
  4013.405 9.771E-01
  4013.634 9.780E-01
  4013.862 9.789E-01
  4014.091 9.797E-01
  4014.320 9.804E-01
  4014.549 9.810E-01
  4014.778 9.816E-01
  4015.006 9.821E-01
  4015.235 9.825E-01
  4015.464 9.828E-01
  4015.693 9.830E-01
  4015.922 9.831E-01
  4016.150 9.832E-01
  4016.379 9.830E-01
  4016.608 9.828E-01
  4016.837 9.826E-01
  4017.066 9.825E-01
  4017.294 9.824E-01
  4017.523 9.822E-01
  4017.752 9.820E-01
  4017.981 9.819E-01
  4018.210 9.816E-01
  4018.438 9.811E-01
  4018.667 9.804E-01
  4018.896 9.796E-01
  4019.125 9.788E-01
  4019.354 9.779E-01
  4019.582 9.770E-01
  4019.811 9.760E-01
  4020.040 9.749E-01
  4020.269 9.737E-01
  4020.498 9.722E-01
  4020.726 9.704E-01
  4020.955 9.682E-01
  4021.184 9.653E-01
  4021.413 9.616E-01
  4021.642 9.574E-01
  4021.870 9.532E-01
  4022.099 9.489E-01
  4022.328 9.441E-01
  4022.557 9.383E-01
  4022.786 9.306E-01
  4023.014 9.205E-01
  4023.243 9.084E-01
  4023.472 8.950E-01
  4023.701 8.800E-01
  4023.930 8.638E-01
  4024.158 8.469E-01
  4024.387 8.294E-01
  4024.616 8.105E-01
  4024.845 7.896E-01
  4025.074 7.653E-01
  4025.302 7.368E-01
  4025.531 7.085E-01
  4025.760 6.855E-01
  4025.989 6.711E-01
  4026.218 6.672E-01
  4026.446 6.745E-01
  4026.675 6.926E-01
  4026.904 7.194E-01
  4027.133 7.523E-01
  4027.362 7.863E-01
  4027.590 8.167E-01
  4027.819 8.425E-01
  4028.048 8.643E-01
  4028.277 8.829E-01
  4028.506 8.986E-01
  4028.734 9.120E-01
  4028.963 9.233E-01
  4029.192 9.330E-01
  4029.421 9.412E-01
  4029.650 9.481E-01
  4029.878 9.539E-01
  4030.107 9.588E-01
  4030.336 9.628E-01
  4030.565 9.662E-01
  4030.794 9.691E-01
  4031.022 9.716E-01
  4031.251 9.736E-01
  4031.480 9.753E-01
  4031.709 9.766E-01
  4031.938 9.776E-01
  4032.166 9.782E-01
  4032.395 9.786E-01
  4032.624 9.791E-01
  4032.853 9.798E-01
  4033.082 9.808E-01
  4033.310 9.820E-01
  4033.539 9.831E-01
  4033.768 9.838E-01
  4033.997 9.829E-01
  4034.226 9.798E-01
  4034.454 9.762E-01
  4034.683 9.733E-01
  4034.912 9.717E-01
  4035.141 9.714E-01
  4035.370 9.725E-01
  4035.598 9.751E-01
  4035.827 9.791E-01
  4036.056 9.842E-01
  4036.285 9.885E-01
  4036.514 9.908E-01
  4036.742 9.918E-01
  4036.971 9.922E-01
  4037.200 9.924E-01
  4037.429 9.926E-01
  4037.658 9.927E-01
  4037.886 9.926E-01
  4038.115 9.921E-01
  4038.344 9.910E-01
  4038.573 9.901E-01
  4038.802 9.895E-01
  4039.030 9.893E-01
  4039.259 9.894E-01
  4039.488 9.898E-01
  4039.717 9.905E-01
  4039.946 9.908E-01
  4040.174 9.894E-01
  4040.403 9.845E-01
  4040.632 9.788E-01
  4040.861 9.742E-01
  4041.090 9.714E-01
  4041.318 9.704E-01
  4041.547 9.712E-01
  4041.776 9.740E-01
  4042.005 9.785E-01
  4042.234 9.837E-01
  4042.462 9.867E-01
  4042.691 9.843E-01
  4042.920 9.805E-01
  4043.149 9.775E-01
  4043.378 9.759E-01
  4043.606 9.756E-01
  4043.835 9.764E-01
  4044.064 9.786E-01
  4044.293 9.824E-01
  4044.522 9.872E-01
  4044.750 9.911E-01
  4044.979 9.927E-01
  4045.208 9.932E-01
  4045.437 9.937E-01
  4045.666 9.943E-01
  4045.894 9.950E-01
  4046.123 9.954E-01
  4046.352 9.956E-01
  4046.581 9.957E-01
  4046.810 9.955E-01
  4047.038 9.949E-01
  4047.267 9.934E-01
  4047.496 9.915E-01
  4047.725 9.900E-01
  4047.954 9.891E-01
  4048.182 9.887E-01
  4048.411 9.889E-01
  4048.640 9.897E-01
  4048.869 9.910E-01
  4049.098 9.928E-01
  4049.326 9.947E-01
  4049.555 9.957E-01
  4049.784 9.960E-01
  4050.013 9.960E-01
  4050.242 9.961E-01
  4050.470 9.961E-01
  4050.699 9.961E-01
  4050.928 9.961E-01
  4051.157 9.960E-01
  4051.386 9.958E-01
  4051.614 9.954E-01
  4051.843 9.949E-01
  4052.072 9.941E-01
  4052.301 9.931E-01
  4052.530 9.924E-01
  4052.758 9.918E-01
  4052.987 9.910E-01
  4053.216 9.897E-01
  4053.445 9.879E-01
  4053.674 9.862E-01
  4053.902 9.846E-01
  4054.131 9.836E-01
  4054.360 9.833E-01
  4054.589 9.837E-01
  4054.818 9.847E-01
  4055.046 9.862E-01
  4055.275 9.879E-01
  4055.504 9.893E-01
  4055.733 9.904E-01
  4055.962 9.908E-01
  4056.190 9.907E-01
  4056.419 9.905E-01
  4056.648 9.907E-01
  4056.877 9.913E-01
  4057.106 9.922E-01
  4057.334 9.930E-01
  4057.563 9.935E-01
  4057.792 9.941E-01
  4058.021 9.944E-01
  4058.250 9.938E-01
  4058.478 9.925E-01
  4058.707 9.910E-01
  4058.936 9.899E-01
  4059.165 9.887E-01
  4059.394 9.864E-01
  4059.622 9.823E-01
  4059.851 9.776E-01
  4060.080 9.727E-01
  4060.309 9.687E-01
  4060.538 9.662E-01
  4060.766 9.652E-01
  4060.995 9.660E-01
  4061.224 9.692E-01
  4061.453 9.743E-01
  4061.682 9.796E-01
  4061.910 9.825E-01
  4062.139 9.837E-01
  4062.368 9.834E-01
  4062.597 9.828E-01
  4062.826 9.826E-01
  4063.054 9.830E-01
  4063.283 9.840E-01
  4063.512 9.860E-01
  4063.741 9.888E-01
  4063.970 9.917E-01
  4064.198 9.931E-01
  4064.427 9.933E-01
  4064.656 9.929E-01
  4064.885 9.926E-01
  4065.114 9.923E-01
  4065.342 9.922E-01
  4065.571 9.922E-01
  4065.800 9.925E-01
  4066.029 9.928E-01
  4066.258 9.932E-01
  4066.486 9.932E-01
  4066.715 9.927E-01
  4066.944 9.914E-01
  4067.173 9.897E-01
  4067.402 9.881E-01
  4067.630 9.865E-01
  4067.859 9.846E-01
  4068.088 9.822E-01
  4068.317 9.786E-01
  4068.546 9.709E-01
  4068.774 9.561E-01
  4069.003 9.368E-01
  4069.232 9.196E-01
  4069.461 9.076E-01
  4069.690 9.024E-01
  4069.918 9.036E-01
  4070.147 9.100E-01
  4070.376 9.209E-01
  4070.605 9.367E-01
  4070.834 9.520E-01
  4071.062 9.577E-01
  4071.291 9.505E-01
  4071.520 9.403E-01
  4071.749 9.327E-01
  4071.978 9.297E-01
  4072.206 9.308E-01
  4072.435 9.356E-01
  4072.664 9.434E-01
  4072.893 9.547E-01
  4073.122 9.671E-01
  4073.350 9.733E-01
  4073.579 9.651E-01
  4073.808 9.476E-01
  4074.037 9.277E-01
  4074.266 9.112E-01
  4074.494 8.971E-01
  4074.723 8.825E-01
  4074.952 8.644E-01
  4075.181 8.502E-01
  4075.410 8.459E-01
  4075.638 8.510E-01
  4075.867 8.602E-01
  4076.096 8.709E-01
  4076.325 8.839E-01
  4076.554 9.016E-01
  4076.782 9.225E-01
  4077.011 9.427E-01
  4077.240 9.552E-01
  4077.469 9.610E-01
  4077.698 9.620E-01
  4077.926 9.589E-01
  4078.155 9.556E-01
  4078.384 9.546E-01
  4078.613 9.562E-01
  4078.842 9.592E-01
  4079.070 9.617E-01
  4079.299 9.639E-01
  4079.528 9.671E-01
  4079.757 9.714E-01
  4079.986 9.753E-01
  4080.214 9.762E-01
  4080.443 9.757E-01
  4080.672 9.751E-01
  4080.901 9.747E-01
  4081.130 9.741E-01
  4081.358 9.727E-01
  4081.587 9.709E-01
  4081.816 9.696E-01
  4082.045 9.689E-01
  4082.274 9.687E-01
  4082.502 9.684E-01
  4082.731 9.675E-01
  4082.960 9.653E-01
  4083.189 9.629E-01
  4083.418 9.608E-01
  4083.646 9.577E-01
  4083.875 9.529E-01
  4084.104 9.464E-01
  4084.333 9.399E-01
  4084.562 9.361E-01
  4084.790 9.357E-01
  4085.019 9.380E-01
  4085.248 9.407E-01
  4085.477 9.441E-01
  4085.706 9.485E-01
  4085.934 9.524E-01
  4086.163 9.534E-01
  4086.392 9.498E-01
  4086.621 9.445E-01
  4086.850 9.399E-01
  4087.078 9.368E-01
  4087.307 9.352E-01
  4087.536 9.342E-01
  4087.765 9.322E-01
  4087.994 9.270E-01
  4088.222 9.196E-01
  4088.451 9.091E-01
  4088.680 8.990E-01
  4088.909 8.920E-01
  4089.138 8.894E-01
  4089.366 8.912E-01
  4089.595 8.973E-01
  4089.824 9.072E-01
  4090.053 9.184E-01
  4090.282 9.272E-01
  4090.510 9.322E-01
  4090.739 9.325E-01
  4090.968 9.306E-01
  4091.197 9.279E-01
  4091.426 9.245E-01
  4091.654 9.202E-01
  4091.883 9.143E-01
  4092.112 9.070E-01
  4092.341 8.999E-01
  4092.570 8.940E-01
  4092.798 8.892E-01
  4093.027 8.856E-01
  4093.256 8.830E-01
  4093.485 8.815E-01
  4093.714 8.809E-01
  4093.942 8.806E-01
  4094.171 8.789E-01
  4094.400 8.744E-01
  4094.629 8.669E-01
  4094.858 8.578E-01
  4095.086 8.487E-01
  4095.315 8.399E-01
  4095.544 8.312E-01
  4095.773 8.228E-01
  4096.002 8.146E-01
  4096.230 8.057E-01
  4096.459 7.966E-01
  4096.688 7.887E-01
  4096.917 7.812E-01
  4097.146 7.735E-01
  4097.374 7.663E-01
  4097.603 7.596E-01
  4097.832 7.534E-01
  4098.061 7.478E-01
  4098.290 7.423E-01
  4098.518 7.349E-01
  4098.747 7.249E-01
  4098.976 7.133E-01
  4099.205 7.009E-01
  4099.434 6.877E-01
  4099.662 6.737E-01
  4099.891 6.587E-01
  4100.120 6.428E-01
  4100.349 6.255E-01
  4100.578 6.069E-01
  4100.806 5.877E-01
  4101.035 5.698E-01
  4101.264 5.554E-01
  4101.493 5.461E-01
  4101.722 5.427E-01
  4101.950 5.454E-01
  4102.179 5.541E-01
  4102.408 5.679E-01
  4102.637 5.855E-01
  4102.866 6.047E-01
  4103.094 6.234E-01
  4103.323 6.408E-01
  4103.552 6.565E-01
  4103.781 6.703E-01
  4104.010 6.823E-01
  4104.238 6.934E-01
  4104.467 7.045E-01
  4104.696 7.156E-01
  4104.925 7.270E-01
  4105.154 7.386E-01
  4105.382 7.506E-01
  4105.611 7.628E-01
  4105.840 7.751E-01
  4106.069 7.863E-01
  4106.298 7.958E-01
  4106.526 8.043E-01
  4106.755 8.122E-01
  4106.984 8.199E-01
  4107.213 8.274E-01
  4107.442 8.346E-01
  4107.670 8.412E-01
  4107.899 8.472E-01
  4108.128 8.531E-01
  4108.357 8.588E-01
  4108.586 8.642E-01
  4108.814 8.694E-01
  4109.043 8.743E-01
  4109.272 8.788E-01
  4109.501 8.827E-01
  4109.730 8.854E-01
  4109.958 8.868E-01
  4110.187 8.879E-01
  4110.416 8.898E-01
  4110.645 8.923E-01
  4110.874 8.950E-01
  4111.102 8.974E-01
  4111.331 9.007E-01
  4111.560 9.051E-01
  4111.789 9.106E-01
  4112.018 9.159E-01
  4112.246 9.202E-01
  4112.475 9.242E-01
  4112.704 9.280E-01
  4112.933 9.316E-01
  4113.162 9.348E-01
  4113.390 9.364E-01
  4113.619 9.367E-01
  4113.848 9.370E-01
  4114.077 9.379E-01
  4114.306 9.395E-01
  4114.534 9.416E-01
  4114.763 9.436E-01
  4114.992 9.440E-01
  4115.221 9.416E-01
  4115.450 9.393E-01
  4115.678 9.383E-01
  4115.907 9.382E-01
  4116.136 9.393E-01
  4116.365 9.417E-01
  4116.594 9.456E-01
  4116.822 9.511E-01
  4117.051 9.576E-01
  4117.280 9.635E-01
  4117.509 9.661E-01
  4117.738 9.659E-01
  4117.966 9.621E-01
  4118.195 9.528E-01
  4118.424 9.402E-01
  4118.653 9.291E-01
  4118.882 9.209E-01
  4119.110 9.146E-01
  4119.339 9.077E-01
  4119.568 8.984E-01
  4119.797 8.856E-01
  4120.026 8.721E-01
  4120.254 8.619E-01
  4120.483 8.534E-01
  4120.712 8.476E-01
  4120.941 8.484E-01
  4121.170 8.576E-01
  4121.398 8.756E-01
  4121.627 8.992E-01
  4121.856 9.241E-01
  4122.085 9.446E-01
  4122.314 9.584E-01
  4122.542 9.673E-01
  4122.771 9.725E-01
  4123.000 9.757E-01
  4123.229 9.779E-01
  4123.458 9.796E-01
  4123.686 9.811E-01
  4123.915 9.826E-01
  4124.144 9.835E-01
  4124.373 9.841E-01
  4124.602 9.844E-01
  4124.830 9.848E-01
  4125.059 9.852E-01
  4125.288 9.855E-01
  4125.517 9.856E-01
  4125.746 9.856E-01
  4125.974 9.856E-01
  4126.203 9.857E-01
  4126.432 9.859E-01
  4126.661 9.860E-01
  4126.890 9.859E-01
  4127.118 9.855E-01
  4127.347 9.852E-01
  4127.576 9.851E-01
  4127.805 9.852E-01
  4128.034 9.852E-01
  4128.262 9.846E-01
  4128.491 9.838E-01
  4128.720 9.833E-01
  4128.949 9.834E-01
  4129.178 9.840E-01
  4129.406 9.844E-01
  4129.635 9.847E-01
  4129.864 9.847E-01
  4130.093 9.848E-01
  4130.322 9.853E-01
  4130.550 9.858E-01
  4130.779 9.859E-01
  4131.008 9.860E-01
  4131.237 9.861E-01
  4131.466 9.855E-01
  4131.694 9.825E-01
  4131.923 9.761E-01
  4132.152 9.697E-01
  4132.381 9.647E-01
  4132.610 9.617E-01
  4132.838 9.607E-01
  4133.067 9.617E-01
  4133.296 9.648E-01
  4133.525 9.703E-01
  4133.754 9.778E-01
  4133.982 9.847E-01
  4134.211 9.881E-01
  4134.440 9.893E-01
  4134.669 9.898E-01
  4134.898 9.903E-01
  4135.126 9.907E-01
  4135.355 9.909E-01
  4135.584 9.909E-01
  4135.813 9.907E-01
  4136.042 9.900E-01
  4136.270 9.888E-01
  4136.499 9.873E-01
  4136.728 9.855E-01
  4136.957 9.836E-01
  4137.186 9.821E-01
  4137.414 9.813E-01
  4137.643 9.811E-01
  4137.872 9.815E-01
  4138.101 9.821E-01
  4138.330 9.825E-01
  4138.558 9.824E-01
  4138.787 9.824E-01
  4139.016 9.821E-01
  4139.245 9.812E-01
  4139.474 9.798E-01
  4139.702 9.780E-01
  4139.931 9.764E-01
  4140.160 9.750E-01
  4140.389 9.738E-01
  4140.618 9.721E-01
  4140.846 9.698E-01
  4141.075 9.668E-01
  4141.304 9.631E-01
  4141.533 9.582E-01
  4141.762 9.515E-01
  4141.990 9.422E-01
  4142.219 9.293E-01
  4142.448 9.113E-01
  4142.677 8.875E-01
  4142.906 8.598E-01
  4143.134 8.337E-01
  4143.363 8.136E-01
  4143.592 8.021E-01
  4143.821 8.002E-01
  4144.050 8.078E-01
  4144.278 8.244E-01
  4144.507 8.480E-01
  4144.736 8.748E-01
  4144.965 8.998E-01
  4145.194 9.196E-01
  4145.422 9.340E-01
  4145.651 9.446E-01
  4145.880 9.528E-01
  4146.109 9.593E-01
  4146.338 9.648E-01
  4146.566 9.697E-01
  4146.795 9.741E-01
  4147.024 9.773E-01
  4147.253 9.797E-01
  4147.482 9.814E-01
  4147.710 9.828E-01
  4147.939 9.838E-01
  4148.168 9.848E-01
  4148.397 9.855E-01
  4148.626 9.859E-01
  4148.854 9.855E-01
  4149.083 9.842E-01
  4149.312 9.828E-01
  4149.541 9.817E-01
  4149.770 9.813E-01
  4149.998 9.813E-01
  4150.227 9.818E-01
  4150.456 9.830E-01
  4150.685 9.850E-01
  4150.914 9.877E-01
  4151.142 9.903E-01
  4151.371 9.920E-01
  4151.600 9.926E-01
  4151.829 9.922E-01
  4152.058 9.894E-01
  4152.286 9.824E-01
  4152.515 9.735E-01
  4152.744 9.661E-01
  4152.973 9.615E-01
  4153.202 9.596E-01
  4153.430 9.599E-01
  4153.659 9.625E-01
  4153.888 9.671E-01
  4154.117 9.737E-01
  4154.346 9.815E-01
  4154.574 9.869E-01
  4154.803 9.890E-01
  4155.032 9.895E-01
  4155.261 9.893E-01
  4155.490 9.879E-01
  4155.718 9.858E-01
  4155.947 9.842E-01
  4156.176 9.833E-01
  4156.405 9.828E-01
  4156.634 9.829E-01
  4156.862 9.838E-01
  4157.091 9.858E-01
  4157.320 9.888E-01
  4157.549 9.924E-01
  4157.778 9.952E-01
  4158.006 9.966E-01
  4158.235 9.972E-01
  4158.464 9.973E-01
  4158.693 9.973E-01
  4158.922 9.973E-01
  4159.150 9.970E-01
  4159.379 9.967E-01
  4159.608 9.962E-01
  4159.837 9.959E-01
  4160.066 9.956E-01
  4160.294 9.954E-01
  4160.523 9.954E-01
  4160.752 9.955E-01
  4160.981 9.958E-01
  4161.210 9.962E-01
  4161.438 9.963E-01
  4161.667 9.958E-01
  4161.896 9.948E-01
  4162.125 9.935E-01
  4162.354 9.924E-01
  4162.582 9.917E-01
  4162.811 9.914E-01
  4163.040 9.915E-01
  4163.269 9.919E-01
  4163.498 9.920E-01
  4163.726 9.909E-01
  4163.955 9.884E-01
  4164.184 9.856E-01
  4164.413 9.834E-01
  4164.642 9.820E-01
  4164.870 9.816E-01
  4165.099 9.822E-01
  4165.328 9.840E-01
  4165.557 9.869E-01
  4165.786 9.902E-01
  4166.014 9.926E-01
  4166.243 9.934E-01
  4166.472 9.932E-01
  4166.701 9.930E-01
  4166.930 9.926E-01
  4167.158 9.922E-01
  4167.387 9.912E-01
  4167.616 9.890E-01
  4167.845 9.843E-01
  4168.074 9.762E-01
  4168.302 9.656E-01
  4168.531 9.563E-01
  4168.760 9.501E-01
  4168.989 9.475E-01
  4169.218 9.485E-01
  4169.446 9.530E-01
  4169.675 9.607E-01
  4169.904 9.707E-01
  4170.133 9.812E-01
  4170.362 9.890E-01
  4170.590 9.921E-01
  4170.819 9.923E-01
  4171.048 9.917E-01
  4171.277 9.911E-01
  4171.506 9.909E-01
  4171.734 9.911E-01
  4171.963 9.916E-01
  4172.192 9.926E-01
  4172.421 9.940E-01
  4172.650 9.954E-01
  4172.878 9.961E-01
  4173.107 9.955E-01
  4173.336 9.935E-01
  4173.565 9.914E-01
  4173.794 9.897E-01
  4174.022 9.887E-01
  4174.251 9.884E-01
  4174.480 9.888E-01
  4174.709 9.896E-01
  4174.938 9.902E-01
  4175.166 9.898E-01
  4175.395 9.892E-01
  4175.624 9.881E-01
  4175.853 9.872E-01
  4176.082 9.868E-01
  4176.310 9.869E-01
  4176.539 9.876E-01
  4176.768 9.891E-01
  4176.997 9.913E-01
  4177.226 9.937E-01
  4177.454 9.953E-01
  4177.683 9.957E-01
  4177.912 9.957E-01
  4178.141 9.956E-01
  4178.370 9.957E-01
  4178.598 9.955E-01
  4178.827 9.950E-01
  4179.056 9.946E-01
  4179.285 9.944E-01
  4179.514 9.944E-01
  4179.742 9.947E-01
  4179.971 9.951E-01
  4180.200 9.956E-01
  4180.429 9.964E-01
  4180.658 9.973E-01
  4180.886 9.981E-01
  4181.115 9.985E-01
  4181.344 9.986E-01
  4181.573 9.987E-01
  4181.802 9.987E-01
  4182.030 9.988E-01
  4182.259 9.989E-01
  4182.488 9.989E-01
  4182.717 9.989E-01
  4182.946 9.989E-01
  4183.174 9.988E-01
  4183.403 9.987E-01
  4183.632 9.985E-01
  4183.861 9.980E-01
  4184.090 9.961E-01
  4184.318 9.910E-01
  4184.547 9.822E-01
  4184.776 9.738E-01
  4185.005 9.678E-01
  4185.234 9.644E-01
  4185.462 9.633E-01
  4185.691 9.639E-01
  4185.920 9.658E-01
  4186.149 9.701E-01
  4186.378 9.767E-01
  4186.606 9.837E-01
  4186.835 9.871E-01
  4187.064 9.885E-01
  4187.293 9.896E-01
  4187.522 9.913E-01
  4187.750 9.936E-01
  4187.979 9.961E-01
  4188.208 9.971E-01
  4188.437 9.951E-01
  4188.666 9.874E-01
  4188.894 9.741E-01
  4189.123 9.614E-01
  4189.352 9.523E-01
  4189.581 9.473E-01
  4189.810 9.462E-01
  4190.038 9.487E-01
  4190.267 9.549E-01
  4190.496 9.652E-01
  4190.725 9.785E-01
  4190.954 9.909E-01
  4191.182 9.966E-01
  4191.411 9.975E-01
  4191.640 9.961E-01
  4191.869 9.946E-01
  4192.098 9.936E-01
  4192.326 9.930E-01
  4192.555 9.927E-01
  4192.784 9.926E-01
  4193.013 9.926E-01
  4193.242 9.931E-01
  4193.470 9.940E-01
  4193.699 9.950E-01
  4193.928 9.955E-01
  4194.157 9.957E-01
  4194.386 9.958E-01
  4194.614 9.961E-01
  4194.843 9.962E-01
  4195.072 9.959E-01
  4195.301 9.953E-01
  4195.530 9.944E-01
  4195.758 9.933E-01
  4195.987 9.924E-01
  4196.216 9.919E-01
  4196.445 9.920E-01
  4196.674 9.926E-01
  4196.902 9.935E-01
  4197.131 9.948E-01
  4197.360 9.959E-01
  4197.589 9.969E-01
  4197.818 9.979E-01
  4198.046 9.984E-01
  4198.275 9.985E-01
  4198.504 9.984E-01
  4198.733 9.979E-01
  4198.962 9.967E-01
  4199.190 9.952E-01
  4199.419 9.939E-01
  4199.648 9.931E-01
  4199.877 9.926E-01
  4200.106 9.926E-01
  4200.334 9.929E-01
  4200.563 9.935E-01
  4200.792 9.946E-01
  4201.021 9.960E-01
  4201.250 9.970E-01
  4201.478 9.975E-01
  4201.707 9.976E-01
  4201.936 9.977E-01
  4202.165 9.978E-01
  4202.394 9.980E-01
  4202.622 9.979E-01
  4202.851 9.976E-01
  4203.080 9.971E-01
  4203.309 9.967E-01
  4203.538 9.964E-01
  4203.766 9.963E-01
  4203.995 9.962E-01
  4204.224 9.963E-01
  4204.453 9.966E-01
  4204.682 9.970E-01
  4204.910 9.975E-01
  4205.139 9.979E-01
  4205.368 9.981E-01
  4205.597 9.982E-01
  4205.826 9.982E-01
  4206.054 9.982E-01
  4206.283 9.981E-01
  4206.512 9.981E-01
  4206.741 9.981E-01
  4206.970 9.982E-01
  4207.198 9.983E-01
  4207.427 9.984E-01
  4207.656 9.985E-01
  4207.885 9.986E-01
  4208.114 9.987E-01
  4208.342 9.987E-01
  4208.571 9.985E-01
  4208.800 9.983E-01
  4209.029 9.982E-01
  4209.258 9.981E-01
  4209.486 9.979E-01
  4209.715 9.973E-01
  4209.944 9.968E-01
  4210.173 9.965E-01
  4210.402 9.964E-01
  4210.630 9.965E-01
  4210.859 9.965E-01
  4211.088 9.965E-01
  4211.317 9.962E-01
  4211.546 9.957E-01
  4211.774 9.953E-01
  4212.003 9.949E-01
  4212.232 9.944E-01
  4212.461 9.942E-01
  4212.690 9.944E-01
  4212.918 9.949E-01
  4213.147 9.958E-01
  4213.376 9.969E-01
  4213.605 9.980E-01
  4213.834 9.987E-01
  4214.062 9.990E-01
  4214.291 9.992E-01
  4214.520 9.992E-01
  4214.749 9.991E-01
  4214.978 9.990E-01
  4215.206 9.989E-01
  4215.435 9.988E-01
  4215.664 9.988E-01
  4215.893 9.987E-01
  4216.122 9.985E-01
  4216.350 9.982E-01
  4216.579 9.979E-01
  4216.808 9.978E-01
  4217.037 9.977E-01
  4217.266 9.977E-01
  4217.494 9.978E-01
  4217.723 9.980E-01
  4217.952 9.984E-01
  4218.181 9.987E-01
  4218.410 9.987E-01
  4218.638 9.980E-01
  4218.867 9.967E-01
  4219.096 9.954E-01
  4219.325 9.946E-01
  4219.554 9.940E-01
  4219.782 9.938E-01
  4220.011 9.938E-01
  4220.240 9.942E-01
  4220.469 9.950E-01
  4220.698 9.958E-01
  4220.926 9.960E-01
  4221.155 9.945E-01
  4221.384 9.919E-01
  4221.613 9.897E-01
  4221.842 9.883E-01
  4222.070 9.878E-01
  4222.299 9.880E-01
  4222.528 9.888E-01
  4222.757 9.905E-01
  4222.986 9.928E-01
  4223.214 9.956E-01
  4223.443 9.979E-01
  4223.672 9.988E-01
  4223.901 9.987E-01
  4224.130 9.983E-01
  4224.358 9.976E-01
  4224.587 9.970E-01
  4224.816 9.967E-01
  4225.045 9.965E-01
  4225.274 9.966E-01
  4225.502 9.969E-01
  4225.731 9.973E-01
  4225.960 9.979E-01
  4226.189 9.984E-01
  4226.418 9.985E-01
  4226.646 9.976E-01
  4226.875 9.959E-01
  4227.104 9.943E-01
  4227.333 9.932E-01
  4227.562 9.926E-01
  4227.790 9.925E-01
  4228.019 9.928E-01
  4228.248 9.936E-01
  4228.477 9.950E-01
  4228.706 9.967E-01
  4228.934 9.984E-01
  4229.163 9.991E-01
  4229.392 9.993E-01
  4229.621 9.993E-01
  4229.850 9.991E-01
  4230.078 9.988E-01
  4230.307 9.984E-01
  4230.536 9.978E-01
  4230.765 9.969E-01
  4230.994 9.962E-01
  4231.222 9.958E-01
  4231.451 9.956E-01
  4231.680 9.957E-01
  4231.909 9.961E-01
  4232.138 9.967E-01
  4232.366 9.974E-01
  4232.595 9.980E-01
  4232.824 9.984E-01
  4233.053 9.982E-01
  4233.282 9.980E-01
  4233.510 9.978E-01
  4233.739 9.977E-01
  4233.968 9.977E-01
  4234.197 9.978E-01
  4234.426 9.980E-01
  4234.654 9.984E-01
  4234.883 9.988E-01
  4235.112 9.991E-01
  4235.341 9.991E-01
  4235.570 9.984E-01
  4235.798 9.962E-01
  4236.027 9.915E-01
  4236.256 9.863E-01
  4236.485 9.822E-01
  4236.714 9.795E-01
  4236.942 9.781E-01
  4237.171 9.780E-01
  4237.400 9.794E-01
  4237.629 9.822E-01
  4237.858 9.865E-01
  4238.086 9.915E-01
  4238.315 9.949E-01
  4238.544 9.963E-01
  4238.773 9.969E-01
  4239.002 9.972E-01
  4239.230 9.973E-01
  4239.459 9.973E-01
  4239.688 9.972E-01
  4239.917 9.970E-01
  4240.146 9.964E-01
  4240.374 9.951E-01
  4240.603 9.923E-01
  4240.832 9.873E-01
  4241.061 9.824E-01
  4241.290 9.786E-01
  4241.518 9.761E-01
  4241.747 9.751E-01
  4241.976 9.756E-01
  4242.205 9.775E-01
  4242.434 9.806E-01
  4242.662 9.850E-01
  4242.891 9.899E-01
  4243.120 9.931E-01
  4243.349 9.946E-01
  4243.578 9.953E-01
  4243.806 9.953E-01
  4244.035 9.952E-01
  4244.264 9.951E-01
  4244.493 9.951E-01
  4244.722 9.946E-01
  4244.950 9.939E-01
  4245.179 9.932E-01
  4245.408 9.927E-01
  4245.637 9.921E-01
  4245.866 9.914E-01
  4246.094 9.908E-01
  4246.323 9.905E-01
  4246.552 9.907E-01
  4246.781 9.913E-01
  4247.010 9.921E-01
  4247.238 9.931E-01
  4247.467 9.941E-01
  4247.696 9.952E-01
  4247.925 9.963E-01
  4248.154 9.968E-01
  4248.382 9.971E-01
  4248.611 9.972E-01
  4248.840 9.971E-01
  4249.069 9.970E-01
  4249.298 9.966E-01
  4249.526 9.963E-01
  4249.755 9.959E-01
  4249.984 9.956E-01
  4250.213 9.953E-01
  4250.442 9.949E-01
  4250.670 9.947E-01
  4250.899 9.947E-01
  4251.128 9.949E-01
  4251.357 9.954E-01
  4251.586 9.959E-01
  4251.814 9.964E-01
  4252.043 9.962E-01
  4252.272 9.940E-01
  4252.501 9.869E-01
  4252.730 9.740E-01
  4252.958 9.592E-01
  4253.187 9.459E-01
  4253.416 9.367E-01
  4253.645 9.322E-01
  4253.874 9.325E-01
  4254.102 9.376E-01
  4254.331 9.477E-01
  4254.560 9.622E-01
  4254.789 9.779E-01
  4255.018 9.891E-01
  4255.246 9.952E-01
  4255.475 9.973E-01
  4255.704 9.977E-01
  4255.933 9.975E-01
  4256.162 9.970E-01
  4256.390 9.961E-01
  4256.619 9.942E-01
  4256.848 9.924E-01
  4257.077 9.910E-01
  4257.306 9.904E-01
  4257.534 9.902E-01
  4257.763 9.904E-01
  4257.992 9.908E-01
  4258.221 9.918E-01
  4258.450 9.934E-01
  4258.678 9.952E-01
  4258.907 9.965E-01
  4259.136 9.971E-01
  4259.365 9.973E-01
  4259.594 9.976E-01
  4259.822 9.978E-01
  4260.051 9.981E-01
  4260.280 9.981E-01
  4260.509 9.980E-01
  4260.738 9.977E-01
  4260.966 9.975E-01
  4261.195 9.975E-01
  4261.424 9.975E-01
  4261.653 9.976E-01
  4261.882 9.975E-01
  4262.110 9.973E-01
  4262.339 9.970E-01
  4262.568 9.967E-01
  4262.797 9.963E-01
  4263.026 9.961E-01
  4263.254 9.959E-01
  4263.483 9.960E-01
  4263.712 9.963E-01
  4263.941 9.968E-01
  4264.170 9.975E-01
  4264.398 9.982E-01
  4264.627 9.986E-01
  4264.856 9.987E-01
  4265.085 9.987E-01
  4265.314 9.985E-01
  4265.542 9.973E-01
  4265.771 9.931E-01
  4266.000 9.829E-01
  4266.229 9.681E-01
  4266.458 9.540E-01
  4266.686 9.438E-01
  4266.915 9.380E-01
  4267.144 9.365E-01
  4267.373 9.392E-01
  4267.602 9.464E-01
  4267.830 9.579E-01
  4268.059 9.727E-01
  4268.288 9.864E-01
  4268.517 9.944E-01
  4268.746 9.973E-01
  4268.974 9.980E-01
  4269.203 9.981E-01
  4269.432 9.982E-01
  4269.661 9.982E-01
  4269.890 9.982E-01
  4270.118 9.983E-01
  4270.347 9.984E-01
  4270.576 9.985E-01
  4270.805 9.986E-01
  4271.034 9.987E-01
  4271.262 9.987E-01
  4271.491 9.987E-01
  4271.720 9.987E-01
  4271.949 9.985E-01
  4272.178 9.980E-01
  4272.406 9.971E-01
  4272.635 9.962E-01
  4272.864 9.953E-01
  4273.093 9.944E-01
  4273.322 9.932E-01
  4273.550 9.923E-01
  4273.779 9.919E-01
  4274.008 9.916E-01
  4274.237 9.901E-01
  4274.466 9.854E-01
  4274.694 9.784E-01
  4274.923 9.717E-01
  4275.152 9.661E-01
  4275.381 9.606E-01
  4275.610 9.533E-01
  4275.838 9.451E-01
  4276.067 9.399E-01
  4276.296 9.384E-01
  4276.525 9.396E-01
  4276.754 9.420E-01
  4276.982 9.435E-01
  4277.211 9.466E-01
  4277.440 9.526E-01
  4277.669 9.613E-01
  4277.898 9.702E-01
  4278.126 9.768E-01
  4278.355 9.822E-01
  4278.584 9.875E-01
  4278.813 9.918E-01
  4279.042 9.949E-01
  4279.270 9.965E-01
  4279.499 9.971E-01
  4279.728 9.975E-01
  4279.957 9.974E-01
  4280.186 9.965E-01
  4280.414 9.941E-01
  4280.643 9.913E-01
  4280.872 9.890E-01
  4281.101 9.874E-01
  4281.330 9.865E-01
  4281.558 9.858E-01
  4281.787 9.841E-01
  4282.016 9.802E-01
  4282.245 9.755E-01
  4282.474 9.714E-01
  4282.702 9.676E-01
  4282.931 9.641E-01
  4283.160 9.623E-01
  4283.389 9.625E-01
  4283.618 9.639E-01
  4283.846 9.646E-01
  4284.075 9.630E-01
  4284.304 9.607E-01
  4284.533 9.589E-01
  4284.762 9.579E-01
  4284.990 9.580E-01
  4285.219 9.589E-01
  4285.448 9.618E-01
  4285.677 9.675E-01
  4285.906 9.761E-01
  4286.134 9.855E-01
  4286.363 9.911E-01
  4286.592 9.935E-01
  4286.821 9.946E-01
  4287.050 9.957E-01
  4287.278 9.964E-01
  4287.507 9.956E-01
  4287.736 9.922E-01
  4287.965 9.873E-01
  4288.194 9.829E-01
  4288.422 9.799E-01
  4288.651 9.782E-01
  4288.880 9.778E-01
  4289.109 9.785E-01
  4289.338 9.803E-01
  4289.566 9.834E-01
  4289.795 9.874E-01
  4290.024 9.906E-01
  4290.253 9.909E-01
  4290.482 9.896E-01
  4290.710 9.881E-01
  4290.939 9.870E-01
  4291.168 9.864E-01
  4291.397 9.866E-01
  4291.626 9.874E-01
  4291.854 9.887E-01
  4292.083 9.904E-01
  4292.312 9.925E-01
  4292.541 9.944E-01
  4292.770 9.957E-01
  4292.998 9.964E-01
  4293.227 9.966E-01
  4293.456 9.957E-01
  4293.685 9.931E-01
  4293.914 9.878E-01
  4294.142 9.820E-01
  4294.371 9.774E-01
  4294.600 9.744E-01
  4294.829 9.728E-01
  4295.058 9.726E-01
  4295.286 9.739E-01
  4295.515 9.768E-01
  4295.744 9.808E-01
  4295.973 9.850E-01
  4296.202 9.879E-01
  4296.430 9.890E-01
  4296.659 9.893E-01
  4296.888 9.897E-01
  4297.117 9.903E-01
  4297.346 9.908E-01
  4297.574 9.916E-01
  4297.803 9.929E-01
  4298.032 9.942E-01
  4298.261 9.949E-01
  4298.490 9.951E-01
  4298.718 9.953E-01
  4298.947 9.956E-01
  4299.176 9.959E-01
  4299.405 9.961E-01
  4299.634 9.962E-01
  4299.862 9.962E-01
  4300.091 9.961E-01
  4300.320 9.960E-01
  4300.549 9.960E-01
  4300.778 9.959E-01
  4301.006 9.958E-01
  4301.235 9.957E-01
  4301.464 9.955E-01
  4301.693 9.949E-01
  4301.922 9.937E-01
  4302.150 9.916E-01
  4302.379 9.878E-01
  4302.608 9.803E-01
  4302.837 9.695E-01
  4303.066 9.592E-01
  4303.294 9.516E-01
  4303.523 9.470E-01
  4303.752 9.452E-01
  4303.981 9.463E-01
  4304.210 9.505E-01
  4304.438 9.575E-01
  4304.667 9.668E-01
  4304.896 9.765E-01
  4305.125 9.831E-01
  4305.354 9.862E-01
  4305.582 9.879E-01
  4305.811 9.894E-01
  4306.040 9.901E-01
  4306.269 9.891E-01
  4306.498 9.873E-01
  4306.726 9.856E-01
  4306.955 9.844E-01
  4307.184 9.837E-01
  4307.413 9.836E-01
  4307.642 9.836E-01
  4307.870 9.833E-01
  4308.099 9.825E-01
  4308.328 9.823E-01
  4308.557 9.826E-01
  4308.786 9.824E-01
  4309.014 9.818E-01
  4309.243 9.809E-01
  4309.472 9.800E-01
  4309.701 9.801E-01
  4309.930 9.814E-01
  4310.158 9.833E-01
  4310.387 9.847E-01
  4310.616 9.854E-01
  4310.845 9.857E-01
  4311.074 9.859E-01
  4311.302 9.863E-01
  4311.531 9.869E-01
  4311.760 9.869E-01
  4311.989 9.860E-01
  4312.218 9.835E-01
  4312.446 9.788E-01
  4312.675 9.742E-01
  4312.904 9.710E-01
  4313.133 9.694E-01
  4313.362 9.689E-01
  4313.590 9.693E-01
  4313.819 9.706E-01
  4314.048 9.727E-01
  4314.277 9.750E-01
  4314.506 9.770E-01
  4314.734 9.773E-01
  4314.963 9.756E-01
  4315.192 9.738E-01
  4315.421 9.726E-01
  4315.650 9.716E-01
  4315.878 9.691E-01
  4316.107 9.632E-01
  4316.336 9.564E-01
  4316.565 9.509E-01
  4316.794 9.463E-01
  4317.022 9.433E-01
  4317.251 9.422E-01
  4317.480 9.436E-01
  4317.709 9.477E-01
  4317.938 9.550E-01
  4318.166 9.636E-01
  4318.395 9.687E-01
  4318.624 9.648E-01
  4318.853 9.572E-01
  4319.082 9.502E-01
  4319.310 9.450E-01
  4319.539 9.423E-01
  4319.768 9.420E-01
  4319.997 9.444E-01
  4320.226 9.494E-01
  4320.454 9.574E-01
  4320.683 9.671E-01
  4320.912 9.748E-01
  4321.141 9.779E-01
  4321.370 9.781E-01
  4321.598 9.774E-01
  4321.827 9.765E-01
  4322.056 9.756E-01
  4322.285 9.748E-01
  4322.514 9.741E-01
  4322.742 9.734E-01
  4322.971 9.728E-01
  4323.200 9.723E-01
  4323.429 9.719E-01
  4323.658 9.714E-01
  4323.886 9.709E-01
  4324.115 9.701E-01
  4324.344 9.687E-01
  4324.573 9.661E-01
  4324.802 9.618E-01
  4325.030 9.574E-01
  4325.259 9.538E-01
  4325.488 9.513E-01
  4325.717 9.495E-01
  4325.946 9.485E-01
  4326.174 9.476E-01
  4326.403 9.464E-01
  4326.632 9.455E-01
  4326.861 9.451E-01
  4327.090 9.440E-01
  4327.318 9.419E-01
  4327.547 9.391E-01
  4327.776 9.367E-01
  4328.005 9.353E-01
  4328.234 9.350E-01
  4328.462 9.356E-01
  4328.691 9.364E-01
  4328.920 9.362E-01
  4329.149 9.354E-01
  4329.378 9.346E-01
  4329.606 9.337E-01
  4329.835 9.324E-01
  4330.064 9.303E-01
  4330.293 9.274E-01
  4330.522 9.239E-01
  4330.750 9.198E-01
  4330.979 9.152E-01
  4331.208 9.103E-01
  4331.437 9.048E-01
  4331.666 8.976E-01
  4331.894 8.902E-01
  4332.123 8.838E-01
  4332.352 8.789E-01
  4332.581 8.750E-01
  4332.810 8.720E-01
  4333.038 8.695E-01
  4333.267 8.670E-01
  4333.496 8.648E-01
  4333.725 8.632E-01
  4333.954 8.609E-01
  4334.182 8.565E-01
  4334.411 8.510E-01
  4334.640 8.450E-01
  4334.869 8.388E-01
  4335.098 8.325E-01
  4335.326 8.258E-01
  4335.555 8.182E-01
  4335.784 8.092E-01
  4336.013 7.994E-01
  4336.242 7.894E-01
  4336.470 7.795E-01
  4336.699 7.695E-01
  4336.928 7.594E-01
  4337.157 7.491E-01
  4337.386 7.387E-01
  4337.614 7.280E-01
  4337.843 7.171E-01
  4338.072 7.055E-01
  4338.301 6.926E-01
  4338.530 6.783E-01
  4338.758 6.628E-01
  4338.987 6.457E-01
  4339.216 6.265E-01
  4339.445 6.058E-01
  4339.674 5.856E-01
  4339.902 5.683E-01
  4340.131 5.560E-01
  4340.360 5.498E-01
  4340.589 5.501E-01
  4340.818 5.568E-01
  4341.046 5.694E-01
  4341.275 5.870E-01
  4341.504 6.075E-01
  4341.733 6.283E-01
  4341.962 6.475E-01
  4342.190 6.646E-01
  4342.419 6.803E-01
  4342.648 6.948E-01
  4342.877 7.086E-01
  4343.106 7.217E-01
  4343.334 7.340E-01
  4343.563 7.456E-01
  4343.792 7.565E-01
  4344.021 7.666E-01
  4344.250 7.753E-01
  4344.478 7.814E-01
  4344.707 7.859E-01
  4344.936 7.907E-01
  4345.165 7.963E-01
  4345.394 8.028E-01
  4345.622 8.101E-01
  4345.851 8.178E-01
  4346.080 8.251E-01
  4346.309 8.311E-01
  4346.538 8.365E-01
  4346.766 8.422E-01
  4346.995 8.466E-01
  4347.224 8.508E-01
  4347.453 8.555E-01
  4347.682 8.613E-01
  4347.910 8.674E-01
  4348.139 8.723E-01
  4348.368 8.732E-01
  4348.597 8.714E-01
  4348.826 8.687E-01
  4349.054 8.673E-01
  4349.283 8.682E-01
  4349.512 8.714E-01
  4349.741 8.767E-01
  4349.970 8.827E-01
  4350.198 8.876E-01
  4350.427 8.924E-01
  4350.656 8.973E-01
  4350.885 8.991E-01
  4351.114 9.000E-01
  4351.342 9.016E-01
  4351.571 9.049E-01
  4351.800 9.103E-01
  4352.029 9.182E-01
  4352.258 9.276E-01
  4352.486 9.355E-01
  4352.715 9.387E-01
  4352.944 9.394E-01
  4353.173 9.399E-01
  4353.402 9.409E-01
  4353.630 9.424E-01
  4353.859 9.444E-01
  4354.088 9.468E-01
  4354.317 9.500E-01
  4354.546 9.538E-01
  4354.774 9.578E-01
  4355.003 9.606E-01
  4355.232 9.625E-01
  4355.461 9.642E-01
  4355.690 9.659E-01
  4355.918 9.672E-01
  4356.147 9.682E-01
  4356.376 9.689E-01
  4356.605 9.695E-01
  4356.834 9.701E-01
  4357.062 9.707E-01
  4357.291 9.712E-01
  4357.520 9.715E-01
  4357.749 9.718E-01
  4357.978 9.723E-01
  4358.206 9.729E-01
  4358.435 9.734E-01
  4358.664 9.741E-01
  4358.893 9.747E-01
  4359.122 9.755E-01
  4359.350 9.764E-01
  4359.579 9.774E-01
  4359.808 9.782E-01
  4360.037 9.786E-01
  4360.266 9.778E-01
  4360.494 9.747E-01
  4360.723 9.710E-01
  4360.952 9.680E-01
  4361.181 9.663E-01
  4361.410 9.656E-01
  4361.638 9.660E-01
  4361.867 9.676E-01
  4362.096 9.702E-01
  4362.325 9.741E-01
  4362.554 9.788E-01
  4362.782 9.829E-01
  4363.011 9.848E-01
  4363.240 9.852E-01
  4363.469 9.845E-01
  4363.698 9.822E-01
  4363.926 9.795E-01
  4364.155 9.773E-01
  4364.384 9.759E-01
  4364.613 9.751E-01
  4364.842 9.749E-01
  4365.070 9.754E-01
  4365.299 9.763E-01
  4365.528 9.763E-01
  4365.757 9.731E-01
  4365.986 9.661E-01
  4366.214 9.585E-01
  4366.443 9.527E-01
  4366.672 9.495E-01
  4366.901 9.486E-01
  4367.130 9.493E-01
  4367.358 9.519E-01
  4367.587 9.574E-01
  4367.816 9.654E-01
  4368.045 9.733E-01
  4368.274 9.757E-01
  4368.502 9.744E-01
  4368.731 9.723E-01
  4368.960 9.710E-01
  4369.189 9.711E-01
  4369.418 9.723E-01
  4369.646 9.738E-01
  4369.875 9.757E-01
  4370.104 9.781E-01
  4370.333 9.804E-01
  4370.562 9.817E-01
  4370.790 9.809E-01
  4371.019 9.772E-01
  4371.248 9.698E-01
  4371.477 9.595E-01
  4371.706 9.490E-01
  4371.934 9.405E-01
  4372.163 9.358E-01
  4372.392 9.352E-01
  4372.621 9.380E-01
  4372.850 9.434E-01
  4373.078 9.509E-01
  4373.307 9.593E-01
  4373.536 9.678E-01
  4373.765 9.745E-01
  4373.994 9.784E-01
  4374.222 9.798E-01
  4374.451 9.804E-01
  4374.680 9.813E-01
  4374.909 9.830E-01
  4375.138 9.854E-01
  4375.366 9.876E-01
  4375.595 9.884E-01
  4375.824 9.878E-01
  4376.053 9.869E-01
  4376.282 9.862E-01
  4376.510 9.859E-01
  4376.739 9.857E-01
  4376.968 9.857E-01
  4377.197 9.854E-01
  4377.426 9.846E-01
  4377.654 9.832E-01
  4377.883 9.813E-01
  4378.112 9.792E-01
  4378.341 9.772E-01
  4378.570 9.756E-01
  4378.798 9.749E-01
  4379.027 9.755E-01
  4379.256 9.773E-01
  4379.485 9.800E-01
  4379.714 9.829E-01
  4379.942 9.854E-01
  4380.171 9.870E-01
  4380.400 9.880E-01
  4380.629 9.886E-01
  4380.858 9.887E-01
  4381.086 9.881E-01
  4381.315 9.870E-01
  4381.544 9.855E-01
  4381.773 9.839E-01
  4382.002 9.822E-01
  4382.230 9.806E-01
  4382.459 9.791E-01
  4382.688 9.778E-01
  4382.917 9.766E-01
  4383.146 9.756E-01
  4383.374 9.747E-01
  4383.603 9.739E-01
  4383.832 9.733E-01
  4384.061 9.725E-01
  4384.290 9.715E-01
  4384.518 9.700E-01
  4384.747 9.678E-01
  4384.976 9.645E-01
  4385.205 9.599E-01
  4385.434 9.540E-01
  4385.662 9.464E-01
  4385.891 9.370E-01
  4386.120 9.249E-01
  4386.349 9.089E-01
  4386.578 8.880E-01
  4386.806 8.617E-01
  4387.035 8.316E-01
  4387.264 8.023E-01
  4387.493 7.780E-01
  4387.722 7.614E-01
  4387.950 7.540E-01
  4388.179 7.566E-01
  4388.408 7.695E-01
  4388.637 7.912E-01
  4388.866 8.190E-01
  4389.094 8.491E-01
  4389.323 8.766E-01
  4389.552 8.987E-01
  4389.781 9.160E-01
  4390.010 9.298E-01
  4390.238 9.409E-01
  4390.467 9.499E-01
  4390.696 9.570E-01
  4390.925 9.622E-01
  4391.154 9.662E-01
  4391.382 9.696E-01
  4391.611 9.727E-01
  4391.840 9.754E-01
  4392.069 9.778E-01
  4392.298 9.800E-01
  4392.526 9.821E-01
  4392.755 9.843E-01
  4392.984 9.866E-01
  4393.213 9.886E-01
  4393.442 9.900E-01
  4393.670 9.908E-01
  4393.899 9.915E-01
  4394.128 9.920E-01
  4394.357 9.921E-01
  4394.586 9.909E-01
  4394.814 9.872E-01
  4395.043 9.817E-01
  4395.272 9.769E-01
  4395.501 9.737E-01
  4395.730 9.721E-01
  4395.958 9.719E-01
  4396.187 9.731E-01
  4396.416 9.758E-01
  4396.645 9.799E-01
  4396.874 9.851E-01
  4397.102 9.902E-01
  4397.331 9.929E-01
  4397.560 9.937E-01
  4397.789 9.939E-01
  4398.018 9.940E-01
  4398.246 9.943E-01
  4398.475 9.947E-01
  4398.704 9.952E-01
  4398.933 9.959E-01
  4399.162 9.964E-01
  4399.390 9.964E-01
  4399.619 9.962E-01
  4399.848 9.960E-01
  4400.077 9.958E-01
  4400.306 9.957E-01
  4400.534 9.957E-01
  4400.763 9.958E-01
  4400.992 9.960E-01
  4401.221 9.962E-01
  4401.450 9.966E-01
  4401.678 9.970E-01
  4401.907 9.972E-01
  4402.136 9.974E-01
  4402.365 9.975E-01
  4402.594 9.974E-01
  4402.822 9.973E-01
  4403.051 9.971E-01
  4403.280 9.968E-01
  4403.509 9.967E-01
  4403.738 9.966E-01
  4403.966 9.966E-01
  4404.195 9.966E-01
  4404.424 9.966E-01
  4404.653 9.964E-01
  4404.882 9.960E-01
  4405.110 9.954E-01
  4405.339 9.948E-01
  4405.568 9.943E-01
  4405.797 9.939E-01
  4406.026 9.938E-01
  4406.254 9.940E-01
  4406.483 9.944E-01
  4406.712 9.952E-01
  4406.941 9.961E-01
  4407.170 9.970E-01
  4407.398 9.975E-01
  4407.627 9.978E-01
  4407.856 9.975E-01
  4408.085 9.962E-01
  4408.314 9.940E-01
  4408.542 9.917E-01
  4408.771 9.891E-01
  4409.000 9.861E-01
  4409.229 9.836E-01
  4409.458 9.821E-01
  4409.686 9.816E-01
  4409.915 9.814E-01
  4410.144 9.806E-01
  4410.373 9.791E-01
  4410.602 9.767E-01
  4410.830 9.751E-01
  4411.059 9.748E-01
  4411.288 9.755E-01
  4411.517 9.763E-01
  4411.746 9.777E-01
  4411.974 9.801E-01
  4412.203 9.833E-01
  4412.432 9.869E-01
  4412.661 9.900E-01
  4412.890 9.916E-01
  4413.118 9.921E-01
  4413.347 9.914E-01
  4413.576 9.877E-01
  4413.805 9.781E-01
  4414.034 9.651E-01
  4414.262 9.542E-01
  4414.491 9.469E-01
  4414.720 9.428E-01
  4414.949 9.419E-01
  4415.178 9.444E-01
  4415.406 9.500E-01
  4415.635 9.571E-01
  4415.864 9.623E-01
  4416.093 9.642E-01
  4416.322 9.613E-01
  4416.550 9.565E-01
  4416.779 9.530E-01
  4417.008 9.520E-01
  4417.237 9.538E-01
  4417.466 9.586E-01
  4417.694 9.665E-01
  4417.923 9.772E-01
  4418.152 9.880E-01
  4418.381 9.936E-01
  4418.610 9.941E-01
  4418.838 9.928E-01
  4419.067 9.917E-01
  4419.296 9.912E-01
  4419.525 9.911E-01
  4419.754 9.916E-01
  4419.982 9.925E-01
  4420.211 9.937E-01
  4420.440 9.951E-01
  4420.669 9.966E-01
  4420.898 9.979E-01
  4421.126 9.984E-01
  4421.355 9.985E-01
  4421.584 9.986E-01
  4421.813 9.986E-01
  4422.042 9.987E-01
  4422.270 9.988E-01
  4422.499 9.989E-01
  4422.728 9.990E-01
  4422.957 9.990E-01
  4423.186 9.990E-01
  4423.414 9.990E-01
  4423.643 9.990E-01
  4423.872 9.990E-01
  4424.101 9.990E-01
  4424.330 9.990E-01
  4424.558 9.990E-01
  4424.787 9.989E-01
  4425.016 9.986E-01
  4425.245 9.983E-01
  4425.474 9.981E-01
  4425.702 9.979E-01
  4425.931 9.974E-01
  4426.160 9.965E-01
  4426.389 9.955E-01
  4426.618 9.947E-01
  4426.846 9.939E-01
  4427.075 9.931E-01
  4427.304 9.922E-01
  4427.533 9.912E-01
  4427.762 9.904E-01
  4427.990 9.903E-01
  4428.219 9.909E-01
  4428.448 9.918E-01
  4428.677 9.925E-01
  4428.906 9.934E-01
  4429.134 9.944E-01
  4429.363 9.954E-01
  4429.592 9.963E-01
  4429.821 9.967E-01
  4430.050 9.959E-01
  4430.278 9.949E-01
  4430.507 9.940E-01
  4430.736 9.932E-01
  4430.965 9.924E-01
  4431.194 9.918E-01
  4431.422 9.910E-01
  4431.651 9.894E-01
  4431.880 9.877E-01
  4432.109 9.866E-01
  4432.338 9.858E-01
  4432.566 9.851E-01
  4432.795 9.848E-01
  4433.024 9.852E-01
  4433.253 9.861E-01
  4433.482 9.877E-01
  4433.710 9.900E-01
  4433.939 9.925E-01
  4434.168 9.940E-01
  4434.397 9.948E-01
  4434.626 9.954E-01
  4434.854 9.956E-01
  4435.083 9.956E-01
  4435.312 9.951E-01
  4435.541 9.941E-01
  4435.770 9.925E-01
  4435.998 9.895E-01
  4436.227 9.841E-01
  4436.456 9.753E-01
  4436.685 9.647E-01
  4436.914 9.550E-01
  4437.142 9.478E-01
  4437.371 9.439E-01
  4437.600 9.433E-01
  4437.829 9.458E-01
  4438.058 9.514E-01
  4438.286 9.597E-01
  4438.515 9.697E-01
  4438.744 9.793E-01
  4438.973 9.859E-01
  4439.202 9.894E-01
  4439.430 9.912E-01
  4439.659 9.922E-01
  4439.888 9.930E-01
  4440.117 9.938E-01
  4440.346 9.947E-01
  4440.574 9.954E-01
  4440.803 9.956E-01
  4441.032 9.950E-01
  4441.261 9.940E-01
  4441.490 9.928E-01
  4441.718 9.909E-01
  4441.947 9.877E-01
  4442.176 9.845E-01
  4442.405 9.821E-01
  4442.634 9.810E-01
  4442.862 9.812E-01
  4443.091 9.826E-01
  4443.320 9.846E-01
  4443.549 9.867E-01
  4443.778 9.895E-01
  4444.006 9.929E-01
  4444.235 9.962E-01
  4444.464 9.979E-01
  4444.693 9.985E-01
  4444.922 9.987E-01
  4445.150 9.984E-01
  4445.379 9.971E-01
  4445.608 9.943E-01
  4445.837 9.899E-01
  4446.066 9.838E-01
  4446.294 9.784E-01
  4446.523 9.745E-01
  4446.752 9.716E-01
  4446.981 9.685E-01
  4447.210 9.637E-01
  4447.438 9.593E-01
  4447.667 9.573E-01
  4447.896 9.581E-01
  4448.125 9.608E-01
  4448.354 9.640E-01
  4448.582 9.670E-01
  4448.811 9.710E-01
  4449.040 9.769E-01
  4449.269 9.844E-01
  4449.498 9.917E-01
  4449.726 9.959E-01
  4449.955 9.978E-01
  4450.184 9.984E-01
  4450.413 9.985E-01
  4450.642 9.984E-01
  4450.870 9.979E-01
  4451.099 9.960E-01
  4451.328 9.914E-01
  4451.557 9.862E-01
  4451.786 9.819E-01
  4452.014 9.791E-01
  4452.243 9.777E-01
  4452.472 9.776E-01
  4452.701 9.787E-01
  4452.930 9.811E-01
  4453.158 9.850E-01
  4453.387 9.901E-01
  4453.616 9.950E-01
  4453.845 9.973E-01
  4454.074 9.980E-01
  4454.302 9.981E-01
  4454.531 9.980E-01
  4454.760 9.980E-01
  4454.989 9.979E-01
  4455.218 9.978E-01
  4455.446 9.977E-01
  4455.675 9.975E-01
  4455.904 9.972E-01
  4456.133 9.968E-01
  4456.362 9.964E-01
  4456.590 9.960E-01
  4456.819 9.958E-01
  4457.048 9.957E-01
  4457.277 9.957E-01
  4457.506 9.958E-01
  4457.734 9.960E-01
  4457.963 9.962E-01
  4458.192 9.964E-01
  4458.421 9.966E-01
  4458.650 9.966E-01
  4458.878 9.964E-01
  4459.107 9.961E-01
  4459.336 9.958E-01
  4459.565 9.956E-01
  4459.794 9.954E-01
  4460.022 9.952E-01
  4460.251 9.951E-01
  4460.480 9.949E-01
  4460.709 9.948E-01
  4460.938 9.947E-01
  4461.166 9.946E-01
  4461.395 9.944E-01
  4461.624 9.941E-01
  4461.853 9.938E-01
  4462.082 9.935E-01
  4462.310 9.931E-01
  4462.539 9.926E-01
  4462.768 9.921E-01
  4462.997 9.915E-01
  4463.226 9.910E-01
  4463.454 9.904E-01
  4463.683 9.897E-01
  4463.912 9.888E-01
  4464.141 9.868E-01
  4464.370 9.831E-01
  4464.598 9.786E-01
  4464.827 9.742E-01
  4465.056 9.695E-01
  4465.285 9.641E-01
  4465.514 9.589E-01
  4465.742 9.547E-01
  4465.971 9.519E-01
  4466.200 9.503E-01
  4466.429 9.490E-01
  4466.658 9.470E-01
  4466.886 9.427E-01
  4467.115 9.379E-01
  4467.344 9.337E-01
  4467.573 9.293E-01
  4467.802 9.240E-01
  4468.030 9.172E-01
  4468.259 9.089E-01
  4468.488 8.995E-01
  4468.717 8.888E-01
  4468.946 8.767E-01
  4469.174 8.636E-01
  4469.403 8.500E-01
  4469.632 8.373E-01
  4469.861 8.249E-01
  4470.090 8.105E-01
  4470.318 7.914E-01
  4470.547 7.678E-01
  4470.776 7.441E-01
  4471.005 7.244E-01
  4471.234 7.107E-01
  4471.462 7.041E-01
  4471.691 7.059E-01
  4471.920 7.173E-01
  4472.149 7.391E-01
  4472.378 7.700E-01
  4472.606 8.059E-01
  4472.835 8.403E-01
  4473.064 8.686E-01
  4473.293 8.907E-01
  4473.522 9.081E-01
  4473.750 9.221E-01
  4473.979 9.334E-01
  4474.208 9.425E-01
  4474.437 9.501E-01
  4474.666 9.565E-01
  4474.894 9.619E-01
  4475.123 9.667E-01
  4475.352 9.708E-01
  4475.581 9.743E-01
  4475.810 9.773E-01
  4476.038 9.798E-01
  4476.267 9.818E-01
  4476.496 9.834E-01
  4476.725 9.846E-01
  4476.954 9.856E-01
  4477.182 9.865E-01
  4477.411 9.873E-01
  4477.640 9.881E-01
  4477.869 9.888E-01
  4478.098 9.896E-01
  4478.326 9.902E-01
  4478.555 9.901E-01
  4478.784 9.887E-01
  4479.013 9.859E-01
  4479.242 9.833E-01
  4479.470 9.813E-01
  4479.699 9.790E-01
  4479.928 9.739E-01
  4480.157 9.643E-01
  4480.386 9.534E-01
  4480.614 9.455E-01
  4480.843 9.420E-01
  4481.072 9.421E-01
  4481.301 9.443E-01
  4481.530 9.480E-01
  4481.758 9.544E-01
  4481.987 9.639E-01
  4482.216 9.759E-01
  4482.445 9.874E-01
  4482.674 9.940E-01
  4482.902 9.964E-01
  4483.131 9.969E-01
  4483.360 9.971E-01
  4483.589 9.972E-01
  4483.818 9.974E-01
  4484.046 9.975E-01
  4484.275 9.977E-01
  4484.504 9.978E-01
  4484.733 9.979E-01
  4484.962 9.980E-01
  4485.190 9.980E-01
  4485.419 9.980E-01
  4485.648 9.980E-01
  4485.877 9.980E-01
  4486.106 9.980E-01
  4486.334 9.977E-01
  4486.563 9.970E-01
  4486.792 9.954E-01
  4487.021 9.932E-01
  4487.250 9.906E-01
  4487.478 9.884E-01
  4487.707 9.868E-01
  4487.936 9.856E-01
  4488.165 9.842E-01
  4488.394 9.828E-01
  4488.622 9.825E-01
  4488.851 9.834E-01
  4489.080 9.851E-01
  4489.309 9.872E-01
  4489.538 9.890E-01
  4489.766 9.905E-01
  4489.995 9.922E-01
  4490.224 9.944E-01
  4490.453 9.967E-01
  4490.682 9.983E-01
  4490.910 9.989E-01
  4491.139 9.990E-01
  4491.368 9.990E-01
  4491.597 9.990E-01
  4491.826 9.990E-01
  4492.054 9.990E-01
  4492.283 9.991E-01
  4492.512 9.991E-01
  4492.741 9.991E-01
  4492.970 9.990E-01
  4493.198 9.990E-01
  4493.427 9.989E-01
  4493.656 9.989E-01
  4493.885 9.989E-01
  4494.114 9.989E-01
  4494.342 9.990E-01
  4494.571 9.990E-01
  4494.800 9.991E-01
  4495.029 9.991E-01
  4495.258 9.992E-01
  4495.486 9.991E-01
  4495.715 9.991E-01
  4495.944 9.991E-01
  4496.173 9.991E-01
  4496.402 9.991E-01
  4496.630 9.991E-01
  4496.859 9.991E-01
  4497.088 9.991E-01
  4497.317 9.992E-01
  4497.546 9.992E-01
  4497.774 9.990E-01
  4498.003 9.985E-01
  4498.232 9.977E-01
  4498.461 9.969E-01
  4498.690 9.964E-01
  4498.918 9.961E-01
  4499.147 9.960E-01
  4499.376 9.959E-01
  4499.605 9.956E-01
  4499.834 9.947E-01
  4500.062 9.940E-01
  4500.291 9.937E-01
  4500.520 9.937E-01
  4500.749 9.936E-01
  4500.978 9.937E-01
  4501.206 9.940E-01
  4501.435 9.948E-01
  4501.664 9.959E-01
  4501.893 9.973E-01
  4502.122 9.987E-01
  4502.350 9.993E-01
  4502.579 9.995E-01
  4502.808 9.996E-01
  4503.037 9.996E-01
  4503.266 9.996E-01
  4503.494 9.996E-01
  4503.723 9.996E-01
  4503.952 9.996E-01
  4504.181 9.995E-01
  4504.410 9.995E-01
  4504.638 9.995E-01
  4504.867 9.994E-01
  4505.096 9.994E-01
  4505.325 9.994E-01
  4505.554 9.994E-01
  4505.782 9.994E-01
  4506.011 9.994E-01
  4506.240 9.993E-01
  4506.469 9.989E-01
  4506.698 9.984E-01
  4506.926 9.980E-01
  4507.155 9.976E-01
  4507.384 9.973E-01
  4507.613 9.972E-01
  4507.842 9.971E-01
  4508.070 9.973E-01
  4508.299 9.976E-01
  4508.528 9.980E-01
  4508.757 9.986E-01
  4508.986 9.990E-01
  4509.214 9.992E-01
  4509.443 9.993E-01
  4509.672 9.993E-01
  4509.901 9.992E-01
  4510.130 9.989E-01
  4510.358 9.984E-01
  4510.587 9.980E-01
  4510.816 9.976E-01
  4511.045 9.970E-01
  4511.274 9.957E-01
  4511.502 9.928E-01
  4511.731 9.897E-01
  4511.960 9.874E-01
  4512.189 9.861E-01
  4512.418 9.856E-01
  4512.646 9.858E-01
  4512.875 9.862E-01
  4513.104 9.862E-01
  4513.333 9.856E-01
  4513.562 9.858E-01
  4513.790 9.865E-01
  4514.019 9.864E-01
  4514.248 9.859E-01
  4514.477 9.858E-01
  4514.706 9.863E-01
  4514.934 9.877E-01
  4515.163 9.900E-01
  4515.392 9.930E-01
  4515.621 9.955E-01
  4515.850 9.965E-01
  4516.078 9.967E-01
  4516.307 9.965E-01
  4516.536 9.963E-01
  4516.765 9.962E-01
  4516.994 9.962E-01
  4517.222 9.963E-01
  4517.451 9.965E-01
  4517.680 9.969E-01
  4517.909 9.974E-01
  4518.138 9.979E-01
  4518.366 9.984E-01
  4518.595 9.987E-01
  4518.824 9.990E-01
  4519.053 9.992E-01
  4519.282 9.993E-01
  4519.510 9.994E-01
  4519.739 9.995E-01
  4519.968 9.995E-01
  4520.197 9.995E-01
  4520.426 9.995E-01
  4520.654 9.996E-01
  4520.883 9.996E-01
  4521.112 9.995E-01
  4521.341 9.994E-01
  4521.570 9.992E-01
  4521.798 9.989E-01
  4522.027 9.986E-01
  4522.256 9.984E-01
  4522.485 9.983E-01
  4522.714 9.982E-01
  4522.942 9.982E-01
  4523.171 9.982E-01
  4523.400 9.981E-01
  4523.629 9.976E-01
  4523.858 9.969E-01
  4524.086 9.961E-01
  4524.315 9.955E-01
  4524.544 9.951E-01
  4524.773 9.950E-01
  4525.002 9.952E-01
  4525.230 9.956E-01
  4525.459 9.962E-01
  4525.688 9.972E-01
  4525.917 9.983E-01
  4526.146 9.991E-01
  4526.374 9.995E-01
  4526.603 9.995E-01
  4526.832 9.994E-01
  4527.061 9.992E-01
  4527.290 9.990E-01
  4527.518 9.986E-01
  4527.747 9.973E-01
  4527.976 9.938E-01
  4528.205 9.883E-01
  4528.434 9.831E-01
  4528.662 9.794E-01
  4528.891 9.771E-01
  4529.120 9.754E-01
  4529.349 9.737E-01
  4529.578 9.730E-01
  4529.806 9.743E-01
  4530.035 9.777E-01
  4530.264 9.825E-01
  4530.493 9.869E-01
  4530.722 9.892E-01
  4530.950 9.908E-01
  4531.179 9.928E-01
  4531.408 9.953E-01
  4531.637 9.978E-01
  4531.866 9.991E-01
  4532.094 9.995E-01
  4532.323 9.996E-01
  4532.552 9.996E-01
  4532.781 9.995E-01
  4533.010 9.994E-01
  4533.238 9.992E-01
  4533.467 9.989E-01
  4533.696 9.986E-01
  4533.925 9.983E-01
  4534.154 9.981E-01
  4534.382 9.979E-01
  4534.611 9.978E-01
  4534.840 9.978E-01
  4535.069 9.979E-01
  4535.298 9.982E-01
  4535.526 9.985E-01
  4535.755 9.988E-01
  4535.984 9.989E-01
  4536.213 9.990E-01
  4536.442 9.990E-01
  4536.670 9.990E-01
  4536.899 9.989E-01
  4537.128 9.989E-01
  4537.357 9.988E-01
  4537.586 9.988E-01
  4537.814 9.988E-01
  4538.043 9.987E-01
  4538.272 9.987E-01
  4538.501 9.985E-01
  4538.730 9.983E-01
  4538.958 9.981E-01
  4539.187 9.980E-01
  4539.416 9.978E-01
  4539.645 9.977E-01
  4539.874 9.977E-01
  4540.102 9.976E-01
  4540.331 9.976E-01
  4540.560 9.977E-01
  4540.789 9.978E-01
  4541.018 9.978E-01
  4541.246 9.978E-01
  4541.475 9.978E-01
  4541.704 9.978E-01
  4541.933 9.978E-01
  4542.162 9.979E-01
  4542.390 9.979E-01
  4542.619 9.980E-01
  4542.848 9.981E-01
  4543.077 9.981E-01
  4543.306 9.982E-01
  4543.534 9.983E-01
  4543.763 9.983E-01
  4543.992 9.983E-01
  4544.221 9.983E-01
  4544.450 9.983E-01
  4544.678 9.984E-01
  4544.907 9.984E-01
  4545.136 9.985E-01
  4545.365 9.986E-01
  4545.594 9.986E-01
  4545.822 9.988E-01
  4546.051 9.989E-01
  4546.280 9.990E-01
  4546.509 9.991E-01
  4546.738 9.991E-01
  4546.966 9.992E-01
  4547.195 9.993E-01
  4547.424 9.993E-01
  4547.653 9.994E-01
  4547.882 9.994E-01
  4548.110 9.995E-01
  4548.339 9.995E-01
  4548.568 9.995E-01
  4548.797 9.995E-01
  4549.026 9.995E-01
  4549.254 9.995E-01
  4549.483 9.995E-01
  4549.712 9.995E-01
  4549.941 9.995E-01
  4550.170 9.995E-01
  4550.398 9.995E-01
  4550.627 9.994E-01
  4550.856 9.992E-01
  4551.085 9.975E-01
  4551.314 9.915E-01
  4551.542 9.781E-01
  4551.771 9.629E-01
  4552.000 9.505E-01
  4552.229 9.422E-01
  4552.458 9.378E-01
  4552.686 9.370E-01
  4552.915 9.398E-01
  4553.144 9.464E-01
  4553.373 9.572E-01
  4553.602 9.717E-01
  4553.830 9.866E-01
  4554.059 9.952E-01
  4554.288 9.982E-01
  4554.517 9.989E-01
  4554.746 9.991E-01
  4554.974 9.993E-01
  4555.203 9.995E-01
  4555.432 9.996E-01
  4555.661 9.997E-01
  4555.890 9.996E-01
  4556.118 9.995E-01
  4556.347 9.993E-01
  4556.576 9.989E-01
  4556.805 9.985E-01
  4557.034 9.981E-01
  4557.262 9.979E-01
  4557.491 9.977E-01
  4557.720 9.977E-01
  4557.949 9.976E-01
  4558.178 9.977E-01
  4558.406 9.980E-01
  4558.635 9.983E-01
  4558.864 9.987E-01
  4559.093 9.989E-01
  4559.322 9.990E-01
  4559.550 9.991E-01
  4559.779 9.992E-01
  4560.008 9.994E-01
  4560.237 9.996E-01
  4560.466 9.996E-01
  4560.694 9.996E-01
  4560.923 9.996E-01
  4561.152 9.996E-01
  4561.381 9.996E-01
  4561.610 9.995E-01
  4561.838 9.994E-01
  4562.067 9.991E-01
  4562.296 9.987E-01
  4562.525 9.983E-01
  4562.754 9.981E-01
  4562.982 9.980E-01
  4563.211 9.980E-01
  4563.440 9.981E-01
  4563.669 9.982E-01
  4563.898 9.984E-01
  4564.126 9.987E-01
  4564.355 9.990E-01
  4564.584 9.993E-01
  4564.813 9.994E-01
  4565.042 9.994E-01
  4565.270 9.994E-01
  4565.499 9.995E-01
  4565.728 9.995E-01
  4565.957 9.996E-01
  4566.186 9.991E-01
  4566.414 9.966E-01
  4566.643 9.892E-01
  4566.872 9.768E-01
  4567.101 9.652E-01
  4567.330 9.567E-01
  4567.558 9.515E-01
  4567.787 9.492E-01
  4568.016 9.498E-01
  4568.245 9.533E-01
  4568.474 9.599E-01
  4568.702 9.696E-01
  4568.931 9.816E-01
  4569.160 9.917E-01
  4569.389 9.959E-01
  4569.618 9.970E-01
  4569.846 9.972E-01
  4570.075 9.975E-01
  4570.304 9.979E-01
  4570.533 9.984E-01
  4570.762 9.988E-01
  4570.990 9.993E-01
  4571.219 9.995E-01
  4571.448 9.997E-01
  4571.677 9.997E-01
  4571.906 9.997E-01
  4572.134 9.997E-01
  4572.363 9.997E-01
  4572.592 9.997E-01
  4572.821 9.997E-01
  4573.050 9.995E-01
  4573.278 9.983E-01
  4573.507 9.942E-01
  4573.736 9.861E-01
  4573.965 9.779E-01
  4574.194 9.717E-01
  4574.422 9.678E-01
  4574.651 9.660E-01
  4574.880 9.661E-01
  4575.109 9.682E-01
  4575.338 9.723E-01
  4575.566 9.788E-01
  4575.795 9.870E-01
  4576.024 9.949E-01
  4576.253 9.986E-01
  4576.482 9.996E-01
  4576.710 9.998E-01
  4576.939 9.998E-01
  4577.168 9.998E-01
  4577.397 9.998E-01
  4577.626 9.998E-01
  4577.854 9.997E-01
  4578.083 9.993E-01
  4578.312 9.987E-01
  4578.541 9.981E-01
  4578.770 9.977E-01
  4578.998 9.974E-01
  4579.227 9.973E-01
  4579.456 9.974E-01
  4579.685 9.976E-01
  4579.914 9.979E-01
  4580.142 9.984E-01
  4580.371 9.991E-01
  4580.600 9.996E-01
  4580.829 9.998E-01
  4581.058 9.998E-01
  4581.286 9.997E-01
  4581.515 9.997E-01
  4581.744 9.997E-01
  4581.973 9.996E-01
  4582.202 9.996E-01
  4582.430 9.996E-01
  4582.659 9.997E-01
  4582.888 9.997E-01
  4583.117 9.997E-01
  4583.346 9.998E-01
  4583.574 9.998E-01
  4583.803 9.998E-01
  4584.032 9.999E-01
  4584.261 9.999E-01
  4584.490 9.998E-01
  4584.718 9.998E-01
  4584.947 9.998E-01
  4585.176 9.998E-01
  4585.405 9.998E-01
  4585.634 9.998E-01
  4585.862 9.998E-01
  4586.091 9.999E-01
  4586.320 9.999E-01
  4586.549 9.999E-01
  4586.778 9.998E-01
  4587.006 9.997E-01
  4587.235 9.996E-01
  4587.464 9.995E-01
  4587.693 9.995E-01
  4587.922 9.994E-01
  4588.150 9.994E-01
  4588.379 9.994E-01
  4588.608 9.994E-01
  4588.837 9.993E-01
  4589.066 9.992E-01
  4589.294 9.989E-01
  4589.523 9.971E-01
  4589.752 9.918E-01
  4589.981 9.825E-01
  4590.210 9.735E-01
  4590.438 9.668E-01
  4590.667 9.627E-01
  4590.896 9.610E-01
  4591.125 9.614E-01
  4591.354 9.641E-01
  4591.582 9.690E-01
  4591.811 9.766E-01
  4592.040 9.860E-01
  4592.269 9.945E-01
  4592.498 9.985E-01
  4592.726 9.996E-01
  4592.955 9.998E-01
  4593.184 9.998E-01
  4593.413 9.998E-01
  4593.642 9.998E-01
  4593.870 9.998E-01
  4594.099 9.998E-01
  4594.328 9.997E-01
  4594.557 9.989E-01
  4594.786 9.959E-01
  4595.014 9.889E-01
  4595.243 9.795E-01
  4595.472 9.714E-01
  4595.701 9.656E-01
  4595.930 9.624E-01
  4596.158 9.614E-01
  4596.387 9.626E-01
  4596.616 9.660E-01
  4596.845 9.719E-01
  4597.074 9.802E-01
  4597.302 9.895E-01
  4597.531 9.963E-01
  4597.760 9.991E-01
  4597.989 9.997E-01
  4598.218 9.998E-01
  4598.446 9.998E-01
  4598.675 9.998E-01
  4598.904 9.998E-01
  4599.133 9.999E-01
  4599.362 9.999E-01
  4599.590 9.999E-01
  4599.819 9.999E-01
