  3980.000 9.996E-01
  3982.002 9.997E-01
  3984.004 9.997E-01
  3986.006 9.997E-01
  3988.008 9.998E-01
  3990.010 9.998E-01
  3992.012 9.998E-01
  3994.014 9.998E-01
  3996.016 9.996E-01
  3998.018 9.991E-01
  4000.020 9.990E-01
  4002.022 9.992E-01
  4004.024 9.994E-01
  4006.026 9.996E-01
  4008.028 9.999E-01
  4010.030 1.000E+00
  4012.032 1.000E+00
  4014.034 1.000E+00
  4016.036 9.996E-01
  4018.038 9.903E-01
  4020.040 9.829E-01
  4022.042 9.782E-01
  4024.044 9.754E-01
  4026.046 9.742E-01
  4028.048 9.749E-01
  4030.050 9.776E-01
  4032.052 9.823E-01
  4034.054 9.896E-01
  4036.056 9.983E-01
  4038.058 9.987E-01
  4040.060 9.988E-01
  4042.062 9.990E-01
  4044.064 9.992E-01
  4046.066 9.992E-01
  4048.068 9.990E-01
  4050.070 9.989E-01
  4052.072 9.991E-01
  4054.074 9.994E-01
  4056.076 9.995E-01
  4058.078 9.994E-01
  4060.080 9.956E-01
  4062.082 9.895E-01
  4064.084 9.850E-01
  4066.086 9.821E-01
  4068.088 9.800E-01
  4070.090 9.795E-01
  4072.092 9.805E-01
  4074.094 9.828E-01
  4076.096 9.869E-01
  4078.098 9.929E-01
  4080.100 9.946E-01
  4082.102 9.920E-01
  4084.104 9.902E-01
  4086.106 9.890E-01
  4088.108 9.865E-01
  4090.110 9.818E-01
  4092.112 9.712E-01
  4094.114 9.478E-01
  4096.116 9.307E-01
  4098.118 9.223E-01
  4100.120 9.182E-01
  4102.122 9.184E-01
  4104.124 9.245E-01
  4106.126 9.367E-01
  4108.128 9.514E-01
  4110.130 9.707E-01
  4112.132 9.877E-01
  4114.134 9.896E-01
  4116.136 9.888E-01
  4118.138 9.887E-01
  4120.140 9.894E-01
  4122.142 9.908E-01
  4124.144 9.930E-01
  4126.146 9.964E-01
  4128.148 9.975E-01
  4130.150 9.993E-01
  4132.152 1.000E+00
  4134.154 1.000E+00
  4136.156 1.001E+00
  4138.158 1.001E+00
  4140.160 1.001E+00
  4142.162 1.002E+00
  4144.164 1.001E+00
  4146.166 1.001E+00
  4148.168 9.996E-01
  4150.170 9.986E-01
  4152.172 9.977E-01
  4154.174 9.963E-01
  4156.176 9.956E-01
  4158.178 9.954E-01
  4160.180 9.957E-01
  4162.182 9.963E-01
  4164.184 9.968E-01
  4166.186 9.976E-01
  4168.188 9.980E-01
  4170.190 9.985E-01
  4172.192 9.993E-01
  4174.194 9.998E-01
  4176.196 9.996E-01
  4178.198 9.989E-01
  4180.200 9.984E-01
  4182.202 9.983E-01
  4184.204 9.982E-01
  4186.206 9.982E-01
  4188.208 9.982E-01
  4190.210 9.969E-01
  4192.212 9.929E-01
  4194.214 9.906E-01
  4196.216 9.893E-01
  4198.218 9.885E-01
  4200.220 9.881E-01
  4202.222 9.886E-01
  4204.224 9.897E-01
  4206.226 9.917E-01
  4208.228 9.949E-01
  4210.230 9.987E-01
  4212.232 9.988E-01
  4214.234 9.986E-01
  4216.236 9.986E-01
  4218.238 9.987E-01
  4220.240 9.989E-01
  4222.242 9.992E-01
  4224.244 9.993E-01
  4226.246 9.993E-01
  4228.248 9.995E-01
  4230.250 9.997E-01
  4232.252 9.997E-01
  4234.254 9.997E-01
  4236.256 9.997E-01
  4238.258 9.999E-01
  4240.260 1.000E+00
  4242.262 1.000E+00
  4244.264 1.000E+00
  4246.266 1.001E+00
  4248.268 1.001E+00
  4250.270 1.001E+00
  4252.272 1.001E+00
  4254.274 1.001E+00
  4256.276 1.000E+00
  4258.278 1.000E+00
  4260.280 1.000E+00
  4262.282 1.000E+00
  4264.284 9.998E-01
  4266.286 9.998E-01
  4268.288 9.997E-01
  4270.290 9.996E-01
  4272.292 9.996E-01
  4274.294 9.995E-01
  4276.296 9.994E-01
  4278.298 9.994E-01
  4280.300 9.993E-01
  4282.302 9.995E-01
  4284.304 9.997E-01
  4286.306 9.999E-01
  4288.308 1.000E+00
  4290.310 1.000E+00
  4292.312 1.000E+00
  4294.314 1.000E+00
  4296.316 1.000E+00
  4298.318 1.000E+00
  4300.320 1.000E+00
  4302.322 1.000E+00
  4304.324 1.000E+00
  4306.326 1.000E+00
  4308.328 1.000E+00
  4310.330 9.998E-01
  4312.332 9.994E-01
  4314.334 9.991E-01
  4316.336 9.990E-01
  4318.338 9.990E-01
  4320.340 9.990E-01
  4322.342 9.992E-01
  4324.344 9.992E-01
  4326.346 9.992E-01
  4328.348 9.980E-01
  4330.350 9.878E-01
  4332.352 9.650E-01
  4334.354 9.484E-01
  4336.356 9.370E-01
  4338.358 9.301E-01
  4340.360 9.273E-01
  4342.362 9.284E-01
  4344.364 9.344E-01
  4346.366 9.455E-01
  4348.368 9.630E-01
  4350.370 9.844E-01
  4352.372 9.935E-01
  4354.374 9.954E-01
  4356.376 9.969E-01
  4358.378 9.981E-01
  4360.380 9.990E-01
  4362.382 9.995E-01
  4364.384 9.995E-01
  4366.386 9.995E-01
  4368.388 9.995E-01
  4370.390 9.995E-01
  4372.392 9.995E-01
  4374.394 9.995E-01
  4376.396 9.996E-01
  4378.398 1.000E+00
  4380.400 1.001E+00
  4382.402 1.001E+00
  4384.404 1.001E+00
  4386.406 1.001E+00
  4388.408 1.001E+00
  4390.410 1.001E+00
  4392.412 1.001E+00
  4394.414 1.001E+00
  4396.416 1.000E+00
  4398.418 9.993E-01
  4400.420 9.994E-01
  4402.422 9.996E-01
  4404.424 9.996E-01
  4406.426 9.999E-01
  4408.428 1.000E+00
  4410.430 1.001E+00
  4412.432 1.001E+00
  4414.434 1.001E+00
  4416.436 1.001E+00
  4418.438 1.001E+00
  4420.440 1.001E+00
  4422.442 1.001E+00
  4424.444 1.000E+00
  4426.446 1.000E+00
  4428.448 9.999E-01
  4430.450 9.998E-01
  4432.452 9.997E-01
  4434.454 9.996E-01
  4436.456 9.996E-01
  4438.458 9.998E-01
  4440.460 9.999E-01
  4442.462 9.998E-01
  4444.464 9.997E-01
  4446.466 9.997E-01
  4448.468 9.996E-01
  4450.470 9.996E-01
  4452.472 9.996E-01
  4454.474 9.996E-01
  4456.476 9.994E-01
  4458.478 9.991E-01
  4460.480 9.984E-01
  4462.482 9.905E-01
  4464.484 9.840E-01
  4466.486 9.796E-01
  4468.488 9.769E-01
  4470.490 9.756E-01
  4472.492 9.751E-01
  4474.494 9.762E-01
  4476.496 9.790E-01
  4478.498 9.835E-01
  4480.500 9.898E-01
  4482.502 9.982E-01
  4484.504 9.987E-01
  4486.506 9.990E-01
  4488.508 9.993E-01
  4490.510 9.998E-01
  4492.512 1.000E+00
  4494.514 1.000E+00
  4496.516 9.999E-01
  4498.518 9.997E-01
  4500.520 9.995E-01
  4502.522 9.992E-01
  4504.524 9.988E-01
  4506.526 9.984E-01
  4508.528 9.982E-01
  4510.530 9.981E-01
  4512.532 9.980E-01
  4514.534 9.980E-01
  4516.536 9.981E-01
  4518.538 9.982E-01
  4520.540 9.984E-01
  4522.542 9.986E-01
  4524.544 9.988E-01
  4526.546 9.988E-01
  4528.548 9.987E-01
  4530.550 9.980E-01
  4532.552 9.932E-01
  4534.554 9.896E-01
  4536.556 9.868E-01
  4538.558 9.851E-01
  4540.560 9.843E-01
  4542.562 9.844E-01
  4544.564 9.853E-01
  4546.566 9.871E-01
  4548.568 9.897E-01
  4550.570 9.936E-01
  4552.572 9.985E-01
  4554.574 9.993E-01
  4556.576 9.997E-01
  4558.578 9.997E-01
  4560.580 9.998E-01
  4562.582 9.999E-01
  4564.584 1.000E+00
  4566.586 1.000E+00
  4568.588 1.000E+00
  4570.590 1.000E+00
  4572.592 1.000E+00
  4574.594 1.000E+00
  4576.596 1.000E+00
  4578.598 1.000E+00
  4580.600 9.996E-01
  4582.602 9.988E-01
  4584.604 9.982E-01
  4586.606 9.972E-01
  4588.608 9.963E-01
  4590.610 9.956E-01
  4592.612 9.953E-01
  4594.614 9.953E-01
  4596.616 9.956E-01
  4598.618 9.961E-01
