  3980.000 9.996E-01
  3980.572 9.996E-01
  3981.144 9.996E-01
  3981.716 9.997E-01
  3982.288 9.997E-01
  3982.860 9.997E-01
  3983.432 9.997E-01
  3984.004 9.998E-01
  3984.576 9.998E-01
  3985.148 9.998E-01
  3985.720 9.998E-01
  3986.292 9.998E-01
  3986.864 9.998E-01
  3987.436 9.997E-01
  3988.008 9.997E-01
  3988.580 9.997E-01
  3989.152 9.997E-01
  3989.724 9.996E-01
  3990.296 9.997E-01
  3990.868 9.997E-01
  3991.440 9.998E-01
  3992.012 9.998E-01
  3992.584 9.999E-01
  3993.156 1.000E+00
  3993.728 1.000E+00
  3994.300 1.000E+00
  3994.872 1.000E+00
  3995.444 1.000E+00
  3996.016 1.000E+00
  3996.588 9.998E-01
  3997.160 9.996E-01
  3997.732 9.994E-01
  3998.304 9.993E-01
  3998.876 9.993E-01
  3999.448 9.993E-01
  4000.020 9.994E-01
  4000.592 9.995E-01
  4001.164 9.996E-01
  4001.736 9.996E-01
  4002.308 9.993E-01
  4002.880 9.980E-01
  4003.452 9.970E-01
  4004.024 9.964E-01
  4004.596 9.961E-01
  4005.168 9.961E-01
  4005.740 9.964E-01
  4006.312 9.972E-01
  4006.884 9.988E-01
  4007.456 1.001E+00
  4008.028 1.003E+00
  4008.600 1.003E+00
  4009.172 1.003E+00
  4009.744 1.003E+00
  4010.316 1.003E+00
  4010.888 1.002E+00
  4011.460 1.001E+00
  4012.032 1.000E+00
  4012.604 1.000E+00
  4013.176 1.000E+00
  4013.748 1.000E+00
  4014.320 1.000E+00
  4014.892 1.000E+00
  4015.464 1.000E+00
  4016.036 1.000E+00
  4016.608 1.000E+00
  4017.180 1.000E+00
  4017.752 1.000E+00
  4018.324 9.999E-01
  4018.896 9.998E-01
  4019.468 9.998E-01
  4020.040 9.997E-01
  4020.612 9.996E-01
  4021.184 9.994E-01
  4021.756 9.991E-01
  4022.328 9.978E-01
  4022.900 9.925E-01
  4023.472 9.785E-01
  4024.044 9.529E-01
  4024.616 9.330E-01
  4025.188 9.208E-01
  4025.760 9.153E-01
  4026.332 9.160E-01
  4026.904 9.231E-01
  4027.476 9.370E-01
  4028.048 9.572E-01
  4028.620 9.799E-01
  4029.192 9.960E-01
  4029.764 9.990E-01
  4030.336 9.992E-01
  4030.908 9.989E-01
  4031.480 9.980E-01
  4032.052 9.973E-01
  4032.624 9.969E-01
  4033.196 9.968E-01
  4033.768 9.969E-01
  4034.340 9.972E-01
  4034.912 9.976E-01
  4035.484 9.983E-01
  4036.056 9.992E-01
  4036.628 9.998E-01
  4037.200 9.999E-01
  4037.772 9.999E-01
  4038.344 9.999E-01
  4038.916 9.998E-01
  4039.488 9.998E-01
  4040.060 9.998E-01
  4040.632 9.998E-01
  4041.204 9.998E-01
  4041.776 9.997E-01
  4042.348 9.992E-01
  4042.920 9.985E-01
  4043.492 9.980E-01
  4044.064 9.977E-01
  4044.636 9.976E-01
  4045.208 9.976E-01
  4045.780 9.977E-01
  4046.352 9.980E-01
  4046.924 9.985E-01
  4047.496 9.993E-01
  4048.068 9.997E-01
  4048.640 9.998E-01
  4049.212 9.998E-01
  4049.784 9.998E-01
  4050.356 9.999E-01
  4050.928 1.000E+00
  4051.500 1.000E+00
  4052.072 1.000E+00
  4052.644 1.000E+00
  4053.216 1.000E+00
  4053.788 9.992E-01
  4054.360 9.982E-01
  4054.932 9.975E-01
  4055.504 9.972E-01
  4056.076 9.971E-01
  4056.648 9.971E-01
  4057.220 9.974E-01
  4057.792 9.981E-01
  4058.364 9.996E-01
  4058.936 1.001E+00
  4059.508 1.002E+00
  4060.080 1.002E+00
  4060.652 1.001E+00
  4061.224 1.001E+00
  4061.796 1.001E+00
  4062.368 1.000E+00
  4062.940 9.998E-01
  4063.512 9.992E-01
  4064.084 9.991E-01
  4064.656 9.992E-01
  4065.228 9.976E-01
  4065.800 9.904E-01
  4066.372 9.808E-01
  4066.944 9.704E-01
  4067.516 9.613E-01
  4068.088 9.490E-01
  4068.660 9.417E-01
  4069.232 9.398E-01
  4069.804 9.427E-01
  4070.376 9.507E-01
  4070.948 9.620E-01
  4071.520 9.726E-01
  4072.092 9.811E-01
  4072.664 9.888E-01
  4073.236 9.953E-01
  4073.808 9.957E-01
  4074.380 9.954E-01
  4074.952 9.956E-01
  4075.524 9.958E-01
  4076.096 9.962E-01
  4076.668 9.969E-01
  4077.240 9.975E-01
  4077.812 9.981E-01
  4078.384 9.985E-01
  4078.956 9.981E-01
  4079.528 9.975E-01
  4080.100 9.971E-01
  4080.672 9.968E-01
  4081.244 9.967E-01
  4081.816 9.967E-01
  4082.388 9.968E-01
  4082.960 9.973E-01
  4083.532 9.981E-01
  4084.104 9.987E-01
  4084.676 9.985E-01
  4085.248 9.980E-01
  4085.820 9.966E-01
  4086.392 9.889E-01
  4086.964 9.788E-01
  4087.536 9.715E-01
  4088.108 9.671E-01
  4088.680 9.652E-01
  4089.252 9.658E-01
  4089.824 9.689E-01
  4090.396 9.742E-01
  4090.968 9.825E-01
  4091.540 9.937E-01
  4092.112 9.983E-01
  4092.684 9.981E-01
  4093.256 9.968E-01
  4093.828 9.956E-01
  4094.400 9.929E-01
  4094.972 9.819E-01
  4095.544 9.711E-01
  4096.116 9.633E-01
  4096.688 9.575E-01
  4097.260 9.508E-01
  4097.832 9.409E-01
  4098.404 9.279E-01
  4098.976 9.030E-01
  4099.548 8.685E-01
  4100.120 8.379E-01
  4100.692 8.089E-01
  4101.264 7.874E-01
  4101.836 7.830E-01
  4102.408 7.959E-01
  4102.980 8.224E-01
  4103.552 8.596E-01
  4104.124 9.055E-01
  4104.696 9.463E-01
  4105.268 9.717E-01
  4105.840 9.860E-01
  4106.412 9.946E-01
  4106.984 9.966E-01
  4107.556 9.971E-01
  4108.128 9.974E-01
  4108.700 9.975E-01
  4109.272 9.976E-01
  4109.844 9.979E-01
  4110.416 9.981E-01
  4110.988 9.984E-01
  4111.560 9.987E-01
  4112.132 9.989E-01
  4112.704 9.991E-01
  4113.276 9.979E-01
  4113.848 9.899E-01
  4114.420 9.835E-01
  4114.992 9.793E-01
  4115.564 9.770E-01
  4116.136 9.764E-01
  4116.708 9.776E-01
  4117.280 9.806E-01
  4117.852 9.844E-01
  4118.424 9.861E-01
  4118.996 9.886E-01
  4119.568 9.863E-01
  4120.140 9.841E-01
  4120.712 9.831E-01
  4121.284 9.832E-01
  4121.856 9.843E-01
  4122.428 9.870E-01
  4123.000 9.916E-01
  4123.572 9.977E-01
  4124.144 9.999E-01
  4124.716 1.000E+00
  4125.288 1.000E+00
  4125.860 1.000E+00
  4126.432 1.001E+00
  4127.004 1.001E+00
  4127.576 1.001E+00
  4128.148 1.001E+00
  4128.720 1.001E+00
  4129.292 1.001E+00
  4129.864 1.001E+00
  4130.436 1.000E+00
  4131.008 9.999E-01
  4131.580 9.997E-01
  4132.152 9.997E-01
  4132.724 9.997E-01
  4133.296 9.996E-01
  4133.868 9.996E-01
  4134.440 9.995E-01
  4135.012 9.996E-01
  4135.584 9.997E-01
  4136.156 9.998E-01
  4136.728 1.000E+00
  4137.300 1.000E+00
  4137.872 1.000E+00
  4138.444 1.001E+00
  4139.016 1.001E+00
  4139.588 1.001E+00
  4140.160 1.001E+00
  4140.732 1.001E+00
  4141.304 1.002E+00
  4141.876 1.003E+00
  4142.448 1.004E+00
  4143.020 1.005E+00
  4143.592 1.005E+00
  4144.164 1.005E+00
  4144.736 1.005E+00
  4145.308 1.004E+00
  4145.880 1.003E+00
  4146.452 1.001E+00
  4147.024 1.001E+00
  4147.596 1.000E+00
  4148.168 1.000E+00
  4148.740 9.997E-01
  4149.312 9.994E-01
  4149.884 9.986E-01
  4150.456 9.973E-01
  4151.028 9.963E-01
  4151.600 9.957E-01
  4152.172 9.955E-01
  4152.744 9.958E-01
  4153.316 9.960E-01
  4153.888 9.954E-01
  4154.460 9.942E-01
  4155.032 9.939E-01
  4155.604 9.940E-01
  4156.176 9.938E-01
  4156.748 9.937E-01
  4157.320 9.941E-01
  4157.892 9.949E-01
  4158.464 9.962E-01
  4159.036 9.981E-01
  4159.608 9.997E-01
  4160.180 9.988E-01
  4160.752 9.961E-01
  4161.324 9.941E-01
  4161.896 9.927E-01
  4162.468 9.921E-01
  4163.040 9.920E-01
  4163.612 9.925E-01
  4164.184 9.935E-01
  4164.756 9.951E-01
  4165.328 9.974E-01
  4165.900 9.998E-01
  4166.472 1.000E+00
  4167.044 1.000E+00
  4167.616 1.000E+00
  4168.188 1.000E+00
  4168.760 9.999E-01
  4169.332 9.997E-01
  4169.904 9.994E-01
  4170.476 9.991E-01
  4171.048 9.990E-01
  4171.620 9.989E-01
  4172.192 9.990E-01
  4172.764 9.992E-01
  4173.336 9.993E-01
  4173.908 9.995E-01
  4174.480 9.998E-01
  4175.052 1.000E+00
  4175.624 1.000E+00
  4176.196 1.000E+00
  4176.768 1.000E+00
  4177.340 1.000E+00
  4177.912 1.000E+00
  4178.484 1.000E+00
  4179.056 1.000E+00
  4179.628 1.000E+00
  4180.200 1.000E+00
  4180.772 1.000E+00
  4181.344 9.999E-01
  4181.916 9.994E-01
  4182.488 9.990E-01
  4183.060 9.992E-01
  4183.632 9.991E-01
  4184.204 9.978E-01
  4184.776 9.952E-01
  4185.348 9.934E-01
  4185.920 9.923E-01
  4186.492 9.920E-01
  4187.064 9.926E-01
  4187.636 9.938E-01
  4188.208 9.952E-01
  4188.780 9.972E-01
  4189.352 9.999E-01
  4189.924 1.002E+00
  4190.496 1.003E+00
  4191.068 1.002E+00
  4191.640 1.002E+00
  4192.212 1.001E+00
  4192.784 1.000E+00
  4193.356 9.999E-01
  4193.928 9.999E-01
  4194.500 9.999E-01
  4195.072 9.997E-01
  4195.644 9.994E-01
  4196.216 9.984E-01
  4196.788 9.946E-01
  4197.360 9.851E-01
  4197.932 9.748E-01
  4198.504 9.671E-01
  4199.076 9.623E-01
  4199.648 9.603E-01
  4200.220 9.610E-01
  4200.792 9.644E-01
  4201.364 9.707E-01
  4201.936 9.799E-01
  4202.508 9.907E-01
  4203.080 9.970E-01
  4203.652 9.989E-01
  4204.224 9.994E-01
  4204.796 9.996E-01
  4205.368 9.997E-01
  4205.940 9.998E-01
  4206.512 9.998E-01
  4207.084 9.999E-01
  4207.656 9.999E-01
  4208.228 9.999E-01
  4208.800 1.000E+00
  4209.372 9.999E-01
  4209.944 9.991E-01
  4210.516 9.984E-01
  4211.088 9.979E-01
  4211.660 9.976E-01
  4212.232 9.974E-01
  4212.804 9.974E-01
  4213.376 9.976E-01
  4213.948 9.980E-01
  4214.520 9.986E-01
  4215.092 9.993E-01
  4215.664 9.997E-01
  4216.236 9.997E-01
  4216.808 9.994E-01
  4217.380 9.987E-01
  4217.952 9.981E-01
  4218.524 9.977E-01
  4219.096 9.975E-01
  4219.668 9.975E-01
  4220.240 9.976E-01
  4220.812 9.979E-01
  4221.384 9.983E-01
  4221.956 9.990E-01
  4222.528 9.997E-01
  4223.100 9.999E-01
  4223.672 1.000E+00
  4224.244 1.000E+00
  4224.816 1.000E+00
  4225.388 1.000E+00
  4225.960 1.000E+00
  4226.532 1.000E+00
  4227.104 1.000E+00
  4227.676 1.000E+00
  4228.248 1.000E+00
  4228.820 1.000E+00
  4229.392 9.998E-01
  4229.964 9.997E-01
  4230.536 9.995E-01
  4231.108 9.995E-01
  4231.680 9.993E-01
  4232.252 9.993E-01
  4232.824 9.992E-01
  4233.396 9.992E-01
  4233.968 9.992E-01
  4234.540 9.994E-01
  4235.112 9.995E-01
  4235.684 9.996E-01
  4236.256 9.998E-01
  4236.828 9.999E-01
  4237.400 9.998E-01
  4237.972 9.998E-01
  4238.544 9.998E-01
  4239.116 9.997E-01
  4239.688 9.997E-01
  4240.260 9.997E-01
  4240.832 9.998E-01
  4241.404 9.998E-01
  4241.976 1.000E+00
  4242.548 1.000E+00
  4243.120 1.000E+00
  4243.692 1.000E+00
  4244.264 1.000E+00
  4244.836 1.001E+00
  4245.408 1.001E+00
  4245.980 1.001E+00
  4246.552 1.002E+00
  4247.124 1.002E+00
  4247.696 1.002E+00
  4248.268 1.002E+00
  4248.840 1.001E+00
  4249.412 1.001E+00
  4249.984 1.000E+00
  4250.556 1.000E+00
  4251.128 1.000E+00
  4251.700 1.001E+00
  4252.272 1.001E+00
  4252.844 1.001E+00
  4253.416 1.002E+00
  4253.988 1.002E+00
  4254.560 1.002E+00
  4255.132 1.001E+00
  4255.704 1.001E+00
  4256.276 1.001E+00
  4256.848 9.998E-01
  4257.420 9.996E-01
  4257.992 9.996E-01
  4258.564 9.996E-01
  4259.136 9.997E-01
  4259.708 9.997E-01
  4260.280 9.998E-01
  4260.852 9.999E-01
  4261.424 9.999E-01
  4261.996 9.999E-01
  4262.568 9.999E-01
  4263.140 1.000E+00
  4263.712 1.000E+00
  4264.284 9.999E-01
  4264.856 9.998E-01
  4265.428 9.997E-01
  4266.000 9.997E-01
  4266.572 9.996E-01
  4267.144 9.996E-01
  4267.716 9.996E-01
  4268.288 9.996E-01
  4268.860 9.997E-01
  4269.432 9.998E-01
  4270.004 9.999E-01
  4270.576 1.000E+00
  4271.148 1.000E+00
  4271.720 1.000E+00
  4272.292 1.000E+00
  4272.864 9.998E-01
  4273.436 9.995E-01
  4274.008 9.992E-01
  4274.580 9.990E-01
  4275.152 9.991E-01
  4275.724 9.992E-01
  4276.296 9.992E-01
  4276.868 9.991E-01
  4277.440 9.992E-01
  4278.012 9.994E-01
  4278.584 9.996E-01
  4279.156 9.997E-01
  4279.728 9.997E-01
  4280.300 9.995E-01
  4280.872 9.994E-01
  4281.444 9.995E-01
  4282.016 9.995E-01
  4282.588 9.992E-01
  4283.160 9.989E-01
  4283.732 9.987E-01
  4284.304 9.987E-01
  4284.876 9.987E-01
  4285.448 9.988E-01
  4286.020 9.991E-01
  4286.592 9.993E-01
  4287.164 9.996E-01
  4287.736 1.000E+00
  4288.308 1.001E+00
  4288.880 1.001E+00
  4289.452 1.001E+00
  4290.024 1.001E+00
  4290.596 1.002E+00
  4291.168 1.001E+00
  4291.740 1.001E+00
  4292.312 1.001E+00
  4292.884 1.001E+00
  4293.456 1.000E+00
  4294.028 1.000E+00
  4294.600 1.000E+00
  4295.172 1.000E+00
  4295.744 1.000E+00
  4296.316 1.000E+00
  4296.888 1.000E+00
  4297.460 9.999E-01
  4298.032 9.998E-01
  4298.604 9.998E-01
  4299.176 9.997E-01
  4299.748 9.998E-01
  4300.320 9.999E-01
  4300.892 1.000E+00
  4301.464 1.000E+00
  4302.036 1.000E+00
  4302.608 1.000E+00
  4303.180 1.000E+00
  4303.752 1.000E+00
  4304.324 1.000E+00
  4304.896 1.000E+00
  4305.468 1.000E+00
  4306.040 1.000E+00
  4306.612 1.001E+00
  4307.184 1.001E+00
  4307.756 1.001E+00
  4308.328 1.001E+00
  4308.900 1.001E+00
  4309.472 1.001E+00
  4310.044 1.001E+00
  4310.616 1.001E+00
  4311.188 1.001E+00
  4311.760 1.001E+00
  4312.332 1.000E+00
  4312.904 1.000E+00
  4313.476 1.000E+00
  4314.048 1.000E+00
  4314.620 9.995E-01
  4315.192 9.988E-01
  4315.764 9.982E-01
  4316.336 9.976E-01
  4316.908 9.970E-01
  4317.480 9.963E-01
  4318.052 9.959E-01
  4318.624 9.958E-01
  4319.196 9.961E-01
  4319.768 9.968E-01
  4320.340 9.975E-01
  4320.912 9.979E-01
  4321.484 9.984E-01
  4322.056 9.991E-01
  4322.628 1.000E+00
  4323.200 1.001E+00
  4323.772 1.001E+00
  4324.344 1.001E+00
  4324.916 1.001E+00
  4325.488 1.001E+00
  4326.060 1.001E+00
  4326.632 1.001E+00
  4327.204 1.001E+00
  4327.776 1.001E+00
  4328.348 1.000E+00
  4328.920 1.000E+00
  4329.492 9.999E-01
  4330.064 9.996E-01
  4330.636 9.992E-01
  4331.208 9.988E-01
  4331.780 9.985E-01
  4332.352 9.982E-01
  4332.924 9.979E-01
  4333.496 9.974E-01
  4334.068 9.966E-01
  4334.640 9.952E-01
  4335.212 9.925E-01
  4335.784 9.852E-01
  4336.356 9.721E-01
  4336.928 9.537E-01
  4337.500 9.229E-01
  4338.072 8.803E-01
  4338.644 8.369E-01
  4339.216 8.051E-01
  4339.788 7.887E-01
  4340.360 7.867E-01
  4340.932 7.991E-01
  4341.504 8.244E-01
  4342.076 8.573E-01
  4342.648 8.978E-01
  4343.220 9.396E-01
  4343.792 9.706E-01
  4344.364 9.851E-01
  4344.936 9.884E-01
  4345.508 9.890E-01
  4346.080 9.892E-01
  4346.652 9.887E-01
  4347.224 9.879E-01
  4347.796 9.879E-01
  4348.368 9.879E-01
  4348.940 9.864E-01
  4349.512 9.858E-01
  4350.084 9.864E-01
  4350.656 9.875E-01
  4351.228 9.884E-01
  4351.800 9.901E-01
  4352.372 9.928E-01
  4352.944 9.943E-01
  4353.516 9.960E-01
  4354.088 9.986E-01
  4354.660 1.000E+00
  4355.232 1.001E+00
  4355.804 1.001E+00
  4356.376 1.001E+00
  4356.948 1.001E+00
  4357.520 1.001E+00
  4358.092 1.001E+00
  4358.664 1.001E+00
  4359.236 1.000E+00
  4359.808 9.998E-01
  4360.380 9.997E-01
  4360.952 9.998E-01
  4361.524 9.998E-01
  4362.096 9.998E-01
  4362.668 9.997E-01
  4363.240 9.997E-01
  4363.812 9.997E-01
  4364.384 9.990E-01
  4364.956 9.983E-01
  4365.528 9.978E-01
  4366.100 9.975E-01
  4366.672 9.974E-01
  4367.244 9.974E-01
  4367.816 9.975E-01
  4368.388 9.977E-01
  4368.960 9.981E-01
  4369.532 9.989E-01
  4370.104 9.998E-01
  4370.676 1.000E+00
  4371.248 1.000E+00
  4371.820 1.001E+00
  4372.392 1.001E+00
  4372.964 1.001E+00
  4373.536 1.001E+00
  4374.108 1.002E+00
  4374.680 1.001E+00
  4375.252 1.001E+00
  4375.824 1.001E+00
  4376.396 1.001E+00
  4376.968 1.000E+00
  4377.540 9.994E-01
  4378.112 9.987E-01
  4378.684 9.981E-01
  4379.256 9.978E-01
  4379.828 9.977E-01
  4380.400 9.976E-01
  4380.972 9.976E-01
  4381.544 9.978E-01
  4382.116 9.985E-01
  4382.688 9.990E-01
  4383.260 9.992E-01
  4383.832 9.993E-01
  4384.404 9.996E-01
  4384.976 1.001E+00
  4385.548 1.003E+00
  4386.120 1.006E+00
  4386.692 1.007E+00
  4387.264 1.008E+00
  4387.836 1.008E+00
  4388.408 1.008E+00
  4388.980 1.007E+00
  4389.552 1.005E+00
  4390.124 1.003E+00
  4390.696 1.000E+00
  4391.268 9.984E-01
  4391.840 9.979E-01
  4392.412 9.976E-01
  4392.984 9.976E-01
  4393.556 9.977E-01
  4394.128 9.979E-01
  4394.700 9.982E-01
  4395.272 9.986E-01
  4395.844 9.987E-01
  4396.416 9.988E-01
  4396.988 9.991E-01
  4397.560 9.995E-01
  4398.132 9.997E-01
  4398.704 9.999E-01
  4399.276 1.000E+00
  4399.848 1.000E+00
  4400.420 1.000E+00
  4400.992 1.000E+00
  4401.564 1.000E+00
  4402.136 9.998E-01
  4402.708 9.996E-01
  4403.280 9.997E-01
  4403.852 9.998E-01
  4404.424 1.000E+00
  4404.996 1.000E+00
  4405.568 1.000E+00
  4406.140 1.000E+00
  4406.712 1.000E+00
  4407.284 9.998E-01
  4407.856 9.994E-01
  4408.428 9.991E-01
  4409.000 9.989E-01
  4409.572 9.988E-01
  4410.144 9.988E-01
  4410.716 9.987E-01
  4411.288 9.987E-01
  4411.860 9.991E-01
  4412.432 1.000E+00
  4413.004 1.001E+00
  4413.576 1.002E+00
  4414.148 1.002E+00
  4414.720 1.003E+00
  4415.292 1.003E+00
  4415.864 1.004E+00
  4416.436 1.004E+00
  4417.008 1.003E+00
  4417.580 1.003E+00
  4418.152 1.002E+00
  4418.724 1.001E+00
  4419.296 1.001E+00
  4419.868 1.000E+00
  4420.440 1.000E+00
  4421.012 1.000E+00
  4421.584 1.000E+00
  4422.156 9.999E-01
  4422.728 9.999E-01
  4423.300 9.999E-01
  4423.872 1.000E+00
  4424.444 1.000E+00
  4425.016 1.000E+00
  4425.588 1.000E+00
  4426.160 9.998E-01
  4426.732 9.997E-01
  4427.304 9.995E-01
  4427.876 9.995E-01
  4428.448 9.994E-01
  4429.020 9.994E-01
  4429.592 9.996E-01
  4430.164 9.998E-01
  4430.736 1.000E+00
  4431.308 1.000E+00
  4431.880 1.000E+00
  4432.452 1.000E+00
  4433.024 1.000E+00
  4433.596 1.000E+00
  4434.168 9.997E-01
  4434.740 9.994E-01
  4435.312 9.994E-01
  4435.884 9.995E-01
  4436.456 9.996E-01
  4437.028 9.996E-01
  4437.600 9.997E-01
  4438.172 9.997E-01
  4438.744 9.996E-01
  4439.316 9.995E-01
  4439.888 9.993E-01
  4440.460 9.989E-01
  4441.032 9.988E-01
  4441.604 9.989E-01
  4442.176 9.991E-01
  4442.748 9.993E-01
  4443.320 9.996E-01
  4443.892 9.998E-01
  4444.464 1.000E+00
  4445.036 1.000E+00
  4445.608 1.001E+00
  4446.180 1.001E+00
  4446.752 1.001E+00
  4447.324 1.001E+00
  4447.896 1.001E+00
  4448.468 1.001E+00
  4449.040 1.001E+00
  4449.612 1.000E+00
  4450.184 9.993E-01
  4450.756 9.984E-01
  4451.328 9.977E-01
  4451.900 9.975E-01
  4452.472 9.976E-01
  4453.044 9.977E-01
  4453.616 9.981E-01
  4454.188 9.987E-01
  4454.760 9.992E-01
  4455.332 9.995E-01
  4455.904 1.000E+00
  4456.476 1.000E+00
  4457.048 1.000E+00
  4457.620 1.000E+00
  4458.192 1.000E+00
  4458.764 1.000E+00
  4459.336 1.000E+00
  4459.908 9.999E-01
  4460.480 9.999E-01
  4461.052 9.998E-01
  4461.624 9.998E-01
  4462.196 9.997E-01
  4462.768 9.993E-01
  4463.340 9.989E-01
  4463.912 9.987E-01
  4464.484 9.986E-01
  4465.056 9.985E-01
  4465.628 9.980E-01
  4466.200 9.971E-01
  4466.772 9.963E-01
  4467.344 9.958E-01
  4467.916 9.949E-01
  4468.488 9.872E-01
  4469.060 9.638E-01
  4469.632 9.434E-01
  4470.204 9.299E-01
  4470.776 9.221E-01
  4471.348 9.192E-01
  4471.920 9.207E-01
  4472.492 9.265E-01
  4473.064 9.370E-01
  4473.636 9.532E-01
  4474.208 9.759E-01
  4474.780 9.956E-01
  4475.352 9.997E-01
  4475.924 9.999E-01
  4476.496 9.999E-01
  4477.068 1.000E+00
  4477.640 1.000E+00
  4478.212 9.995E-01
  4478.784 9.975E-01
  4479.356 9.960E-01
  4479.928 9.950E-01
  4480.500 9.943E-01
  4481.072 9.940E-01
  4481.644 9.941E-01
  4482.216 9.945E-01
  4482.788 9.952E-01
  4483.360 9.965E-01
  4483.932 9.983E-01
  4484.504 9.998E-01
  4485.076 1.000E+00
  4485.648 1.000E+00
  4486.220 1.001E+00
  4486.792 1.001E+00
  4487.364 1.001E+00
  4487.936 1.001E+00
  4488.508 1.001E+00
  4489.080 1.001E+00
  4489.652 1.001E+00
  4490.224 1.001E+00
  4490.796 1.000E+00
  4491.368 1.000E+00
  4491.940 1.000E+00
  4492.512 1.000E+00
  4493.084 1.000E+00
  4493.656 1.000E+00
  4494.228 1.000E+00
  4494.800 1.000E+00
  4495.372 1.000E+00
  4495.944 1.000E+00
  4496.516 9.998E-01
  4497.088 9.997E-01
  4497.660 9.997E-01
  4498.232 9.997E-01
  4498.804 9.997E-01
  4499.376 9.998E-01
  4499.948 9.997E-01
  4500.520 9.996E-01
  4501.092 9.996E-01
  4501.664 9.997E-01
  4502.236 9.997E-01
  4502.808 9.996E-01
  4503.380 9.992E-01
  4503.952 9.989E-01
  4504.524 9.987E-01
  4505.096 9.987E-01
  4505.668 9.987E-01
  4506.240 9.988E-01
  4506.812 9.988E-01
  4507.384 9.990E-01
  4507.956 9.988E-01
  4508.528 9.982E-01
  4509.100 9.981E-01
  4509.672 9.977E-01
  4510.244 9.974E-01
  4510.816 9.973E-01
  4511.388 9.973E-01
  4511.960 9.969E-01
  4512.532 9.961E-01
  4513.104 9.960E-01
  4513.676 9.964E-01
  4514.248 9.970E-01
  4514.820 9.972E-01
  4515.392 9.973E-01
  4515.964 9.975E-01
  4516.536 9.978E-01
  4517.108 9.984E-01
  4517.680 9.993E-01
  4518.252 9.999E-01
  4518.824 9.997E-01
  4519.396 9.994E-01
  4519.968 9.992E-01
  4520.540 9.991E-01
  4521.112 9.989E-01
  4521.684 9.987E-01
  4522.256 9.984E-01
  4522.828 9.983E-01
  4523.400 9.983E-01
  4523.972 9.983E-01
  4524.544 9.985E-01
  4525.116 9.987E-01
  4525.688 9.990E-01
  4526.260 9.992E-01
  4526.832 9.992E-01
  4527.404 9.991E-01
  4527.976 9.989E-01
  4528.548 9.988E-01
  4529.120 9.988E-01
  4529.692 9.988E-01
  4530.264 9.989E-01
  4530.836 9.991E-01
  4531.408 9.993E-01
  4531.980 9.991E-01
  4532.552 9.987E-01
  4533.124 9.983E-01
  4533.696 9.981E-01
  4534.268 9.980E-01
  4534.840 9.979E-01
  4535.412 9.978E-01
  4535.984 9.979E-01
  4536.556 9.979E-01
  4537.128 9.976E-01
  4537.700 9.968E-01
  4538.272 9.931E-01
  4538.844 9.828E-01
  4539.416 9.710E-01
  4539.988 9.619E-01
  4540.560 9.559E-01
  4541.132 9.528E-01
  4541.704 9.523E-01
  4542.276 9.540E-01
  4542.848 9.586E-01
  4543.420 9.660E-01
  4543.992 9.762E-01
  4544.564 9.877E-01
  4545.136 9.937E-01
  4545.708 9.955E-01
  4546.280 9.963E-01
  4546.852 9.970E-01
  4547.424 9.978E-01
  4547.996 9.988E-01
  4548.568 9.992E-01
  4549.140 9.995E-01
  4549.712 9.997E-01
  4550.284 9.996E-01
  4550.856 9.995E-01
  4551.428 9.994E-01
  4552.000 9.993E-01
  4552.572 9.993E-01
  4553.144 9.994E-01
  4553.716 9.995E-01
  4554.288 9.996E-01
  4554.860 9.997E-01
  4555.432 9.998E-01
  4556.004 9.999E-01
  4556.576 9.999E-01
  4557.148 9.999E-01
  4557.720 9.999E-01
  4558.292 9.998E-01
  4558.864 9.998E-01
  4559.436 9.998E-01
  4560.008 9.998E-01
  4560.580 9.998E-01
  4561.152 9.999E-01
  4561.724 9.999E-01
  4562.296 9.999E-01
  4562.868 9.999E-01
  4563.440 9.999E-01
  4564.012 9.999E-01
  4564.584 9.999E-01
  4565.156 9.998E-01
  4565.728 9.998E-01
  4566.300 9.998E-01
  4566.872 1.000E+00
  4567.444 1.000E+00
  4568.016 1.000E+00
  4568.588 1.000E+00
  4569.160 1.000E+00
  4569.732 1.000E+00
  4570.304 1.000E+00
  4570.876 1.001E+00
  4571.448 1.000E+00
  4572.020 1.000E+00
  4572.592 9.999E-01
  4573.164 9.998E-01
  4573.736 9.998E-01
  4574.308 9.998E-01
  4574.880 9.998E-01
  4575.452 9.998E-01
  4576.024 9.998E-01
  4576.596 9.998E-01
  4577.168 9.999E-01
  4577.740 9.999E-01
  4578.312 1.000E+00
  4578.884 1.000E+00
  4579.456 1.000E+00
  4580.028 9.999E-01
  4580.600 9.999E-01
  4581.172 9.999E-01
  4581.744 9.999E-01
  4582.316 9.999E-01
  4582.888 9.999E-01
  4583.460 9.999E-01
  4584.032 9.999E-01
  4584.604 1.000E+00
  4585.176 1.000E+00
  4585.748 1.000E+00
  4586.320 1.000E+00
  4586.892 1.000E+00
  4587.464 1.000E+00
  4588.036 9.986E-01
  4588.608 9.959E-01
  4589.180 9.939E-01
  4589.752 9.925E-01
  4590.324 9.917E-01
  4590.896 9.913E-01
  4591.468 9.914E-01
  4592.040 9.921E-01
  4592.612 9.931E-01
  4593.184 9.939E-01
  4593.756 9.942E-01
  4594.328 9.946E-01
  4594.900 9.935E-01
  4595.472 9.924E-01
  4596.044 9.918E-01
  4596.616 9.916E-01
  4597.188 9.919E-01
  4597.760 9.928E-01
  4598.332 9.942E-01
  4598.904 9.963E-01
  4599.476 9.983E-01
