  3980.000 9.982E-01
  3980.257 9.983E-01
  3980.515 9.983E-01
  3980.772 9.983E-01
  3981.030 9.984E-01
  3981.287 9.984E-01
  3981.544 9.984E-01
  3981.802 9.983E-01
  3982.059 9.982E-01
  3982.317 9.982E-01
  3982.574 9.982E-01
  3982.831 9.982E-01
  3983.089 9.982E-01
  3983.346 9.982E-01
  3983.604 9.983E-01
  3983.861 9.985E-01
  3984.118 9.987E-01
  3984.376 9.988E-01
  3984.633 9.990E-01
  3984.891 9.991E-01
  3985.148 9.992E-01
  3985.405 9.993E-01
  3985.663 9.993E-01
  3985.920 9.993E-01
  3986.178 9.993E-01
  3986.435 9.994E-01
  3986.692 9.994E-01
  3986.950 9.995E-01
  3987.207 9.994E-01
  3987.465 9.994E-01
  3987.722 9.994E-01
  3987.979 9.994E-01
  3988.237 9.994E-01
  3988.494 9.993E-01
  3988.752 9.993E-01
  3989.009 9.992E-01
  3989.266 9.993E-01
  3989.524 9.993E-01
  3989.781 9.993E-01
  3990.039 9.993E-01
  3990.296 9.994E-01
  3990.553 9.994E-01
  3990.811 9.994E-01
  3991.068 9.995E-01
  3991.326 9.995E-01
  3991.583 9.995E-01
  3991.840 9.996E-01
  3992.098 9.996E-01
  3992.355 9.997E-01
  3992.613 9.997E-01
  3992.870 9.997E-01
  3993.127 9.997E-01
  3993.385 9.998E-01
  3993.642 9.998E-01
  3993.900 9.999E-01
  3994.157 1.000E+00
  3994.414 1.000E+00
  3994.672 1.000E+00
  3994.929 1.000E+00
  3995.187 1.000E+00
  3995.444 1.000E+00
  3995.701 1.000E+00
  3995.959 9.999E-01
  3996.216 9.998E-01
  3996.474 9.998E-01
  3996.731 9.998E-01
  3996.988 9.998E-01
  3997.246 9.995E-01
  3997.503 9.987E-01
  3997.761 9.975E-01
  3998.018 9.964E-01
  3998.275 9.956E-01
  3998.533 9.951E-01
  3998.790 9.951E-01
  3999.048 9.954E-01
  3999.305 9.961E-01
  3999.562 9.973E-01
  3999.820 9.986E-01
  4000.077 9.994E-01
  4000.335 9.998E-01
  4000.592 9.999E-01
  4000.849 9.999E-01
  4001.107 9.999E-01
  4001.364 9.999E-01
  4001.622 9.999E-01
  4001.879 9.998E-01
  4002.136 9.996E-01
  4002.394 9.987E-01
  4002.651 9.972E-01
  4002.909 9.957E-01
  4003.166 9.948E-01
  4003.423 9.942E-01
  4003.681 9.938E-01
  4003.938 9.928E-01
  4004.196 9.913E-01
  4004.453 9.906E-01
  4004.710 9.908E-01
  4004.968 9.913E-01
  4005.225 9.916E-01
  4005.483 9.923E-01
  4005.740 9.936E-01
  4005.997 9.955E-01
  4006.255 9.978E-01
  4006.512 9.992E-01
  4006.770 9.996E-01
  4007.027 9.997E-01
  4007.284 9.996E-01
  4007.542 9.993E-01
  4007.799 9.985E-01
  4008.057 9.965E-01
  4008.314 9.933E-01
  4008.571 9.901E-01
  4008.829 9.879E-01
  4009.086 9.867E-01
  4009.344 9.865E-01
  4009.601 9.874E-01
  4009.858 9.892E-01
  4010.116 9.921E-01
  4010.373 9.954E-01
  4010.631 9.980E-01
  4010.888 9.991E-01
  4011.145 9.995E-01
  4011.403 9.996E-01
  4011.660 9.996E-01
  4011.918 9.996E-01
  4012.175 9.997E-01
  4012.432 9.997E-01
  4012.690 9.997E-01
  4012.947 9.997E-01
  4013.205 9.997E-01
  4013.462 9.997E-01
  4013.719 9.997E-01
  4013.977 9.997E-01
  4014.234 9.998E-01
  4014.492 9.998E-01
  4014.749 9.999E-01
  4015.006 1.000E+00
  4015.264 1.000E+00
  4015.521 1.000E+00
  4015.779 1.000E+00
  4016.036 9.999E-01
  4016.293 9.999E-01
  4016.551 9.998E-01
  4016.808 9.997E-01
  4017.066 9.996E-01
  4017.323 9.996E-01
  4017.580 9.996E-01
  4017.838 9.995E-01
  4018.095 9.995E-01
  4018.353 9.994E-01
  4018.610 9.994E-01
  4018.867 9.993E-01
  4019.125 9.992E-01
  4019.382 9.992E-01
  4019.640 9.991E-01
  4019.897 9.990E-01
  4020.154 9.989E-01
  4020.412 9.988E-01
  4020.669 9.986E-01
  4020.927 9.984E-01
  4021.184 9.982E-01
  4021.441 9.978E-01
  4021.699 9.975E-01
  4021.956 9.970E-01
  4022.214 9.964E-01
  4022.471 9.956E-01
  4022.728 9.944E-01
  4022.986 9.927E-01
  4023.243 9.903E-01
  4023.501 9.871E-01
  4023.758 9.823E-01
  4024.015 9.753E-01
  4024.273 9.654E-01
  4024.530 9.517E-01
  4024.788 9.310E-01
  4025.045 8.988E-01
  4025.302 8.597E-01
  4025.560 8.271E-01
  4025.817 8.083E-01
  4026.075 8.042E-01
  4026.332 8.135E-01
  4026.589 8.347E-01
  4026.847 8.660E-01
  4027.104 9.050E-01
  4027.362 9.446E-01
  4027.619 9.727E-01
  4027.876 9.859E-01
  4028.134 9.909E-01
  4028.391 9.934E-01
  4028.649 9.949E-01
  4028.906 9.959E-01
  4029.163 9.966E-01
  4029.421 9.972E-01
  4029.678 9.976E-01
  4029.936 9.979E-01
  4030.193 9.982E-01
  4030.450 9.983E-01
  4030.708 9.983E-01
  4030.965 9.982E-01
  4031.223 9.982E-01
  4031.480 9.983E-01
  4031.737 9.983E-01
  4031.995 9.983E-01
  4032.252 9.976E-01
  4032.510 9.960E-01
  4032.767 9.944E-01
  4033.024 9.933E-01
  4033.282 9.927E-01
  4033.539 9.926E-01
  4033.797 9.929E-01
  4034.054 9.937E-01
  4034.311 9.951E-01
  4034.569 9.969E-01
  4034.826 9.986E-01
  4035.084 9.993E-01
  4035.341 9.994E-01
  4035.598 9.995E-01
  4035.856 9.996E-01
  4036.113 9.997E-01
  4036.371 9.997E-01
  4036.628 9.997E-01
  4036.885 9.997E-01
  4037.143 9.996E-01
  4037.400 9.995E-01
  4037.658 9.994E-01
  4037.915 9.994E-01
  4038.172 9.993E-01
  4038.430 9.994E-01
  4038.687 9.994E-01
  4038.945 9.995E-01
  4039.202 9.996E-01
  4039.459 9.997E-01
  4039.717 9.998E-01
  4039.974 9.997E-01
  4040.232 9.996E-01
  4040.489 9.994E-01
  4040.746 9.992E-01
  4041.004 9.990E-01
  4041.261 9.989E-01
  4041.519 9.988E-01
  4041.776 9.989E-01
  4042.033 9.990E-01
  4042.291 9.992E-01
  4042.548 9.993E-01
  4042.806 9.994E-01
  4043.063 9.995E-01
  4043.320 9.995E-01
  4043.578 9.991E-01
  4043.835 9.978E-01
  4044.093 9.963E-01
  4044.350 9.952E-01
  4044.607 9.946E-01
  4044.865 9.944E-01
  4045.122 9.945E-01
  4045.380 9.951E-01
  4045.637 9.961E-01
  4045.894 9.976E-01
  4046.152 9.991E-01
  4046.409 9.997E-01
  4046.667 9.998E-01
  4046.924 9.997E-01
  4047.181 9.994E-01
  4047.439 9.991E-01
  4047.696 9.989E-01
  4047.954 9.987E-01
  4048.211 9.987E-01
  4048.468 9.987E-01
  4048.726 9.988E-01
  4048.983 9.991E-01
  4049.241 9.994E-01
  4049.498 9.997E-01
  4049.755 9.999E-01
  4050.013 9.999E-01
  4050.270 9.999E-01
  4050.528 9.999E-01
  4050.785 9.999E-01
  4051.042 9.999E-01
  4051.300 9.999E-01
  4051.557 1.000E+00
  4051.815 1.000E+00
  4052.072 1.000E+00
  4052.329 1.000E+00
  4052.587 1.000E+00
  4052.844 1.000E+00
  4053.102 1.000E+00
  4053.359 1.001E+00
  4053.616 1.001E+00
  4053.874 1.002E+00
  4054.131 1.002E+00
  4054.389 1.002E+00
  4054.646 1.001E+00
  4054.903 9.986E-01
  4055.161 9.946E-01
  4055.418 9.910E-01
  4055.676 9.885E-01
  4055.933 9.871E-01
  4056.190 9.869E-01
  4056.448 9.878E-01
  4056.705 9.897E-01
  4056.963 9.927E-01
  4057.220 9.962E-01
  4057.477 9.985E-01
  4057.735 9.993E-01
  4057.992 9.994E-01
  4058.250 9.995E-01
  4058.507 9.996E-01
  4058.764 9.997E-01
  4059.022 1.000E+00
  4059.279 1.001E+00
  4059.537 1.002E+00
  4059.794 1.004E+00
  4060.051 1.006E+00
  4060.309 1.008E+00
  4060.566 1.008E+00
  4060.824 1.009E+00
  4061.081 1.008E+00
  4061.338 1.006E+00
  4061.596 1.004E+00
  4061.853 1.001E+00
  4062.111 9.986E-01
  4062.368 9.970E-01
  4062.625 9.963E-01
  4062.883 9.962E-01
  4063.140 9.964E-01
  4063.398 9.970E-01
  4063.655 9.977E-01
  4063.912 9.985E-01
  4064.170 9.992E-01
  4064.427 9.995E-01
  4064.685 9.996E-01
  4064.942 9.996E-01
  4065.199 9.996E-01
  4065.457 9.997E-01
  4065.714 9.997E-01
  4065.972 9.998E-01
  4066.229 9.995E-01
  4066.486 9.970E-01
  4066.744 9.886E-01
  4067.001 9.740E-01
  4067.259 9.602E-01
  4067.516 9.475E-01
  4067.773 9.314E-01
  4068.031 9.142E-01
  4068.288 9.032E-01
  4068.546 9.002E-01
  4068.803 9.030E-01
  4069.060 9.055E-01
  4069.318 9.018E-01
  4069.575 8.980E-01
  4069.833 9.018E-01
  4070.090 9.126E-01
  4070.347 9.226E-01
  4070.605 9.308E-01
  4070.862 9.414E-01
  4071.120 9.557E-01
  4071.377 9.723E-01
  4071.634 9.844E-01
  4071.892 9.881E-01
  4072.149 9.886E-01
  4072.407 9.891E-01
  4072.664 9.895E-01
  4072.921 9.894E-01
  4073.179 9.898E-01
  4073.436 9.909E-01
  4073.694 9.917E-01
  4073.951 9.923E-01
  4074.208 9.926E-01
  4074.466 9.922E-01
  4074.723 9.901E-01
  4074.981 9.872E-01
  4075.238 9.851E-01
  4075.495 9.834E-01
  4075.753 9.824E-01
  4076.010 9.825E-01
  4076.268 9.839E-01
  4076.525 9.866E-01
  4076.782 9.907E-01
  4077.040 9.954E-01
  4077.297 9.984E-01
  4077.555 9.992E-01
  4077.812 9.991E-01
  4078.069 9.989E-01
  4078.327 9.988E-01
  4078.584 9.987E-01
  4078.842 9.987E-01
  4079.099 9.987E-01
  4079.356 9.987E-01
  4079.614 9.981E-01
  4079.871 9.960E-01
  4080.129 9.928E-01
  4080.386 9.901E-01
  4080.643 9.883E-01
  4080.901 9.874E-01
  4081.158 9.875E-01
  4081.416 9.884E-01
  4081.673 9.904E-01
  4081.930 9.933E-01
  4082.188 9.967E-01
  4082.445 9.987E-01
  4082.703 9.989E-01
  4082.960 9.978E-01
  4083.217 9.967E-01
  4083.475 9.958E-01
  4083.732 9.950E-01
  4083.990 9.945E-01
  4084.247 9.942E-01
  4084.504 9.944E-01
  4084.762 9.951E-01
  4085.019 9.961E-01
  4085.277 9.972E-01
  4085.534 9.977E-01
  4085.791 9.975E-01
  4086.049 9.962E-01
  4086.306 9.941E-01
  4086.564 9.923E-01
  4086.821 9.910E-01
  4087.078 9.902E-01
  4087.336 9.883E-01
  4087.593 9.803E-01
  4087.851 9.621E-01
  4088.108 9.426E-01
  4088.365 9.271E-01
  4088.623 9.170E-01
  4088.880 9.126E-01
  4089.138 9.142E-01
  4089.395 9.222E-01
  4089.652 9.371E-01
  4089.910 9.584E-01
  4090.167 9.800E-01
  4090.425 9.919E-01
  4090.682 9.968E-01
  4090.939 9.980E-01
  4091.197 9.982E-01
  4091.454 9.981E-01
  4091.712 9.979E-01
  4091.969 9.977E-01
  4092.226 9.974E-01
  4092.484 9.972E-01
  4092.741 9.969E-01
  4092.999 9.966E-01
  4093.256 9.959E-01
  4093.513 9.946E-01
  4093.771 9.930E-01
  4094.028 9.915E-01
  4094.286 9.896E-01
  4094.543 9.865E-01
  4094.800 9.831E-01
  4095.058 9.805E-01
  4095.315 9.788E-01
  4095.573 9.778E-01
  4095.830 9.751E-01
  4096.087 9.645E-01
  4096.345 9.431E-01
  4096.602 9.221E-01
  4096.860 9.072E-01
  4097.117 8.973E-01
  4097.374 8.921E-01
  4097.632 8.918E-01
  4097.889 8.966E-01
  4098.147 9.068E-01
  4098.404 9.203E-01
  4098.661 9.292E-01
  4098.919 9.239E-01
  4099.176 9.096E-01
  4099.434 8.916E-01
  4099.691 8.700E-01
  4099.948 8.427E-01
  4100.206 8.084E-01
  4100.463 7.679E-01
  4100.721 7.245E-01
  4100.978 6.822E-01
  4101.235 6.463E-01
  4101.493 6.222E-01
  4101.750 6.139E-01
  4102.008 6.212E-01
  4102.265 6.403E-01
  4102.522 6.700E-01
  4102.780 7.092E-01
  4103.037 7.529E-01
  4103.295 7.958E-01
  4103.552 8.342E-01
  4103.809 8.671E-01
  4104.067 8.961E-01
  4104.324 9.231E-01
  4104.582 9.471E-01
  4104.839 9.632E-01
  4105.096 9.717E-01
  4105.354 9.767E-01
  4105.611 9.802E-01
  4105.869 9.826E-01
  4106.126 9.842E-01
  4106.383 9.855E-01
  4106.641 9.866E-01
  4106.898 9.878E-01
  4107.156 9.888E-01
  4107.413 9.897E-01
  4107.670 9.904E-01
  4107.928 9.909E-01
  4108.185 9.916E-01
  4108.443 9.923E-01
  4108.700 9.928E-01
  4108.957 9.933E-01
  4109.215 9.939E-01
  4109.472 9.942E-01
  4109.730 9.939E-01
  4109.987 9.936E-01
  4110.244 9.932E-01
  4110.502 9.930E-01
  4110.759 9.929E-01
  4111.017 9.932E-01
  4111.274 9.937E-01
  4111.531 9.946E-01
  4111.789 9.959E-01
  4112.046 9.973E-01
  4112.304 9.980E-01
  4112.561 9.983E-01
  4112.818 9.985E-01
  4113.076 9.986E-01
  4113.333 9.985E-01
  4113.591 9.983E-01
  4113.848 9.980E-01
  4114.105 9.978E-01
  4114.363 9.974E-01
  4114.620 9.952E-01
  4114.878 9.870E-01
  4115.135 9.717E-01
  4115.392 9.577E-01
  4115.650 9.485E-01
  4115.907 9.437E-01
  4116.165 9.427E-01
  4116.422 9.457E-01
  4116.679 9.529E-01
  4116.937 9.646E-01
  4117.194 9.799E-01
  4117.452 9.932E-01
  4117.709 9.983E-01
  4117.966 9.991E-01
  4118.224 9.990E-01
  4118.481 9.988E-01
  4118.739 9.987E-01
  4118.996 9.986E-01
  4119.253 9.972E-01
  4119.511 9.914E-01
  4119.768 9.787E-01
  4120.026 9.642E-01
  4120.283 9.528E-01
  4120.540 9.453E-01
  4120.798 9.415E-01
  4121.055 9.418E-01
  4121.313 9.467E-01
  4121.570 9.563E-01
  4121.827 9.703E-01
  4122.085 9.848E-01
  4122.342 9.936E-01
  4122.600 9.971E-01
  4122.857 9.987E-01
  4123.114 9.995E-01
  4123.372 9.998E-01
  4123.629 9.999E-01
  4123.887 9.998E-01
  4124.144 9.998E-01
  4124.401 9.997E-01
  4124.659 9.997E-01
  4124.916 9.997E-01
  4125.174 9.997E-01
  4125.431 9.998E-01
  4125.688 9.998E-01
  4125.946 9.999E-01
  4126.203 9.999E-01
  4126.461 9.999E-01
  4126.718 1.000E+00
  4126.975 1.000E+00
  4127.233 1.000E+00
  4127.490 1.000E+00
  4127.748 1.000E+00
  4128.005 1.000E+00
  4128.262 1.000E+00
  4128.520 1.000E+00
  4128.777 9.999E-01
  4129.035 9.997E-01
  4129.292 9.996E-01
  4129.549 9.996E-01
  4129.807 9.996E-01
  4130.064 9.997E-01
  4130.322 9.998E-01
  4130.579 9.999E-01
  4130.836 1.000E+00
  4131.094 1.000E+00
  4131.351 9.999E-01
  4131.609 9.995E-01
  4131.866 9.989E-01
  4132.123 9.983E-01
  4132.381 9.979E-01
  4132.638 9.975E-01
  4132.896 9.973E-01
  4133.153 9.973E-01
  4133.410 9.976E-01
  4133.668 9.981E-01
  4133.925 9.987E-01
  4134.183 9.993E-01
  4134.440 9.996E-01
  4134.697 9.997E-01
  4134.955 9.997E-01
  4135.212 9.996E-01
  4135.470 9.993E-01
  4135.727 9.991E-01
  4135.984 9.990E-01
  4136.242 9.991E-01
  4136.499 9.992E-01
  4136.757 9.994E-01
  4137.014 9.997E-01
  4137.271 9.999E-01
  4137.529 1.000E+00
  4137.786 1.000E+00
  4138.044 1.001E+00
  4138.301 1.001E+00
  4138.558 1.001E+00
  4138.816 1.001E+00
  4139.073 1.001E+00
  4139.331 1.001E+00
  4139.588 1.000E+00
  4139.845 1.000E+00
  4140.103 1.000E+00
  4140.360 1.000E+00
  4140.618 9.999E-01
  4140.875 9.998E-01
  4141.132 9.997E-01
  4141.390 9.996E-01
  4141.647 9.996E-01
  4141.905 9.995E-01
  4142.162 9.989E-01
  4142.419 9.969E-01
  4142.677 9.925E-01
  4142.934 9.874E-01
  4143.192 9.833E-01
  4143.449 9.809E-01
  4143.706 9.798E-01
  4143.964 9.802E-01
  4144.221 9.821E-01
  4144.479 9.856E-01
  4144.736 9.906E-01
  4144.993 9.958E-01
  4145.251 9.991E-01
  4145.508 1.000E+00
  4145.766 1.001E+00
  4146.023 1.001E+00
  4146.280 1.001E+00
  4146.538 1.001E+00
  4146.795 1.001E+00
  4147.053 1.001E+00
  4147.310 1.001E+00
  4147.567 1.001E+00
  4147.825 1.000E+00
  4148.082 1.000E+00
  4148.340 1.000E+00
  4148.597 9.999E-01
  4148.854 9.995E-01
  4149.112 9.989E-01
  4149.369 9.983E-01
  4149.627 9.978E-01
  4149.884 9.974E-01
  4150.141 9.972E-01
  4150.399 9.972E-01
  4150.656 9.975E-01
  4150.914 9.979E-01
  4151.171 9.974E-01
  4151.428 9.947E-01
  4151.686 9.913E-01
  4151.943 9.885E-01
  4152.201 9.861E-01
  4152.458 9.846E-01
  4152.715 9.842E-01
  4152.973 9.850E-01
  4153.230 9.871E-01
  4153.488 9.906E-01
  4153.745 9.948E-01
  4154.002 9.975E-01
  4154.260 9.989E-01
  4154.517 9.999E-01
  4154.775 1.000E+00
  4155.032 9.994E-01
  4155.289 9.962E-01
  4155.547 9.903E-01
  4155.804 9.847E-01
  4156.062 9.808E-01
  4156.319 9.786E-01
  4156.576 9.780E-01
  4156.834 9.790E-01
  4157.091 9.816E-01
  4157.349 9.859E-01
  4157.606 9.917E-01
  4157.863 9.969E-01
  4158.121 9.993E-01
  4158.378 9.999E-01
  4158.636 1.000E+00
  4158.893 1.000E+00
  4159.150 1.000E+00
  4159.408 1.000E+00
  4159.665 1.000E+00
  4159.923 1.000E+00
  4160.180 1.000E+00
  4160.437 1.000E+00
  4160.695 1.000E+00
  4160.952 1.000E+00
  4161.210 9.998E-01
  4161.467 9.980E-01
  4161.724 9.929E-01
  4161.982 9.858E-01
  4162.239 9.795E-01
  4162.497 9.751E-01
  4162.754 9.728E-01
  4163.011 9.725E-01
  4163.269 9.742E-01
  4163.526 9.781E-01
  4163.784 9.843E-01
  4164.041 9.919E-01
  4164.298 9.978E-01
  4164.556 1.000E+00
  4164.813 1.001E+00
  4165.071 1.001E+00
  4165.328 1.001E+00
  4165.585 1.001E+00
  4165.843 1.001E+00
  4166.100 1.000E+00
  4166.358 1.000E+00
  4166.615 1.000E+00
  4166.872 9.999E-01
  4167.130 9.999E-01
  4167.387 9.998E-01
  4167.645 9.995E-01
  4167.902 9.989E-01
  4168.159 9.980E-01
  4168.417 9.971E-01
  4168.674 9.964E-01
  4168.932 9.959E-01
  4169.189 9.958E-01
  4169.446 9.959E-01
  4169.704 9.964E-01
  4169.961 9.972E-01
  4170.219 9.981E-01
  4170.476 9.989E-01
  4170.733 9.990E-01
  4170.991 9.987E-01
  4171.248 9.982E-01
  4171.506 9.979E-01
  4171.763 9.976E-01
  4172.020 9.975E-01
  4172.278 9.976E-01
  4172.535 9.979E-01
  4172.793 9.984E-01
  4173.050 9.992E-01
  4173.307 9.998E-01
  4173.565 1.000E+00
  4173.822 1.000E+00
  4174.080 1.001E+00
  4174.337 1.001E+00
  4174.594 1.001E+00
  4174.852 1.000E+00
  4175.109 1.000E+00
  4175.367 1.000E+00
  4175.624 1.000E+00
  4175.881 1.000E+00
  4176.139 1.000E+00
  4176.396 1.000E+00
  4176.654 1.000E+00
  4176.911 1.000E+00
  4177.168 1.000E+00
  4177.426 1.000E+00
  4177.683 1.000E+00
  4177.941 1.000E+00
  4178.198 1.000E+00
  4178.455 1.000E+00
  4178.713 1.000E+00
  4178.970 1.000E+00
  4179.228 1.000E+00
  4179.485 1.000E+00
  4179.742 1.000E+00
  4180.000 1.000E+00
  4180.257 1.000E+00
  4180.515 9.999E-01
  4180.772 9.999E-01
  4181.029 9.999E-01
  4181.287 9.999E-01
  4181.544 9.999E-01
  4181.802 1.000E+00
  4182.059 1.000E+00
  4182.316 1.000E+00
  4182.574 1.000E+00
  4182.831 9.996E-01
  4183.089 9.987E-01
  4183.346 9.977E-01
  4183.603 9.970E-01
  4183.861 9.967E-01
  4184.118 9.970E-01
  4184.376 9.981E-01
  4184.633 9.994E-01
  4184.890 1.001E+00
  4185.148 1.001E+00
  4185.405 1.001E+00
  4185.663 9.966E-01
  4185.920 9.886E-01
  4186.177 9.809E-01
  4186.435 9.752E-01
  4186.692 9.716E-01
  4186.950 9.707E-01
  4187.207 9.722E-01
  4187.464 9.759E-01
  4187.722 9.817E-01
  4187.979 9.893E-01
  4188.237 9.964E-01
  4188.494 1.000E+00
  4188.751 1.003E+00
  4189.009 1.005E+00
  4189.266 1.006E+00
  4189.524 1.007E+00
  4189.781 1.007E+00
  4190.038 1.007E+00
  4190.296 1.006E+00
  4190.553 1.005E+00
  4190.811 1.003E+00
  4191.068 1.001E+00
  4191.325 1.000E+00
  4191.583 9.998E-01
  4191.840 9.998E-01
  4192.098 9.999E-01
  4192.355 9.998E-01
  4192.612 9.998E-01
  4192.870 9.998E-01
  4193.127 9.997E-01
  4193.385 9.996E-01
  4193.642 9.994E-01
  4193.899 9.993E-01
  4194.157 9.992E-01
  4194.414 9.989E-01
  4194.672 9.983E-01
  4194.929 9.976E-01
  4195.186 9.971E-01
  4195.444 9.967E-01
  4195.701 9.964E-01
  4195.959 9.962E-01
  4196.216 9.959E-01
  4196.473 9.956E-01
  4196.731 9.952E-01
  4196.988 9.945E-01
  4197.246 9.930E-01
  4197.503 9.904E-01
  4197.760 9.862E-01
  4198.018 9.798E-01
  4198.275 9.701E-01
  4198.533 9.566E-01
  4198.790 9.404E-01
  4199.047 9.244E-01
  4199.305 9.116E-01
  4199.562 9.036E-01
  4199.820 9.014E-01
  4200.077 9.052E-01
  4200.334 9.146E-01
  4200.592 9.285E-01
  4200.849 9.448E-01
  4201.107 9.605E-01
  4201.364 9.730E-01
  4201.621 9.817E-01
  4201.879 9.874E-01
  4202.136 9.910E-01
  4202.394 9.934E-01
  4202.651 9.951E-01
  4202.908 9.962E-01
  4203.166 9.970E-01
  4203.423 9.976E-01
  4203.681 9.980E-01
  4203.938 9.983E-01
  4204.195 9.986E-01
  4204.453 9.988E-01
  4204.710 9.989E-01
  4204.968 9.990E-01
  4205.225 9.990E-01
  4205.482 9.991E-01
  4205.740 9.991E-01
  4205.997 9.992E-01
  4206.255 9.992E-01
  4206.512 9.993E-01
  4206.769 9.993E-01
  4207.027 9.994E-01
  4207.284 9.994E-01
  4207.542 9.995E-01
  4207.799 9.996E-01
  4208.056 9.996E-01
  4208.314 9.997E-01
  4208.571 9.998E-01
  4208.829 9.998E-01
  4209.086 9.998E-01
  4209.343 9.999E-01
  4209.601 9.999E-01
  4209.858 1.000E+00
  4210.116 1.000E+00
  4210.373 1.000E+00
  4210.630 1.000E+00
  4210.888 9.996E-01
  4211.145 9.980E-01
  4211.403 9.948E-01
  4211.660 9.918E-01
  4211.917 9.898E-01
  4212.175 9.886E-01
  4212.432 9.883E-01
  4212.690 9.888E-01
  4212.947 9.900E-01
  4213.204 9.922E-01
  4213.462 9.953E-01
  4213.719 9.983E-01
  4213.977 9.996E-01
  4214.234 9.998E-01
  4214.491 9.998E-01
  4214.749 9.997E-01
  4215.006 9.996E-01
  4215.264 9.996E-01
  4215.521 9.995E-01
  4215.778 9.994E-01
  4216.036 9.992E-01
  4216.293 9.989E-01
  4216.551 9.988E-01
  4216.808 9.987E-01
  4217.065 9.988E-01
  4217.323 9.988E-01
  4217.580 9.988E-01
  4217.838 9.989E-01
  4218.095 9.988E-01
  4218.352 9.981E-01
  4218.610 9.965E-01
  4218.867 9.948E-01
  4219.125 9.935E-01
  4219.382 9.928E-01
  4219.639 9.925E-01
  4219.897 9.925E-01
  4220.154 9.931E-01
  4220.412 9.942E-01
  4220.669 9.959E-01
  4220.926 9.976E-01
  4221.184 9.987E-01
  4221.441 9.991E-01
  4221.699 9.993E-01
  4221.956 9.995E-01
  4222.213 9.998E-01
  4222.471 9.999E-01
  4222.728 9.999E-01
  4222.986 1.000E+00
  4223.243 9.999E-01
  4223.500 9.999E-01
  4223.758 9.998E-01
  4224.015 9.997E-01
  4224.273 9.997E-01
  4224.530 9.996E-01
  4224.787 9.996E-01
  4225.045 9.996E-01
  4225.302 9.997E-01
  4225.560 9.997E-01
  4225.817 9.998E-01
  4226.074 9.999E-01
  4226.332 9.999E-01
  4226.589 1.000E+00
  4226.847 1.000E+00
  4227.104 1.000E+00
  4227.361 1.000E+00
  4227.619 1.000E+00
  4227.876 1.000E+00
  4228.134 1.000E+00
  4228.391 1.000E+00
  4228.648 1.000E+00
  4228.906 1.000E+00
  4229.163 1.000E+00
  4229.421 1.000E+00
  4229.678 1.000E+00
  4229.935 9.999E-01
  4230.193 9.998E-01
  4230.450 9.993E-01
  4230.708 9.987E-01
  4230.965 9.982E-01
  4231.222 9.979E-01
  4231.480 9.978E-01
  4231.737 9.978E-01
  4231.995 9.979E-01
  4232.252 9.982E-01
  4232.509 9.986E-01
  4232.767 9.988E-01
  4233.024 9.989E-01
  4233.282 9.988E-01
  4233.539 9.987E-01
  4233.796 9.986E-01
  4234.054 9.985E-01
  4234.311 9.985E-01
  4234.569 9.986E-01
  4234.826 9.988E-01
  4235.083 9.991E-01
  4235.341 9.993E-01
  4235.598 9.995E-01
  4235.856 9.997E-01
  4236.113 1.000E+00
  4236.370 1.000E+00
  4236.628 1.001E+00
  4236.885 1.001E+00
  4237.143 1.001E+00
  4237.400 1.001E+00
  4237.657 1.001E+00
  4237.915 1.000E+00
  4238.172 1.000E+00
  4238.430 9.996E-01
  4238.687 9.991E-01
  4238.944 9.987E-01
  4239.202 9.983E-01
  4239.459 9.980E-01
  4239.717 9.979E-01
  4239.974 9.979E-01
  4240.231 9.982E-01
  4240.489 9.987E-01
  4240.746 9.994E-01
  4241.004 1.000E+00
  4241.261 1.000E+00
  4241.518 1.001E+00
  4241.776 1.001E+00
  4242.033 1.001E+00
  4242.291 1.001E+00
  4242.548 1.000E+00
  4242.805 1.000E+00
  4243.063 1.000E+00
  4243.320 1.000E+00
  4243.578 1.000E+00
  4243.835 1.000E+00
  4244.092 1.000E+00
  4244.350 9.999E-01
  4244.607 9.999E-01
  4244.865 9.999E-01
  4245.122 9.999E-01
  4245.379 1.000E+00
  4245.637 1.000E+00
  4245.894 1.000E+00
  4246.152 1.001E+00
  4246.409 1.002E+00
  4246.666 1.003E+00
  4246.924 1.003E+00
  4247.181 1.004E+00
  4247.439 1.004E+00
  4247.696 1.003E+00
  4247.953 1.003E+00
  4248.211 1.002E+00
  4248.468 1.001E+00
  4248.726 1.000E+00
  4248.983 9.996E-01
  4249.240 9.993E-01
  4249.498 9.990E-01
  4249.755 9.987E-01
  4250.013 9.985E-01
  4250.270 9.984E-01
  4250.527 9.986E-01
  4250.785 9.988E-01
  4251.042 9.991E-01
  4251.300 9.993E-01
  4251.557 9.995E-01
  4251.814 9.998E-01
  4252.072 9.998E-01
  4252.329 9.995E-01
  4252.587 9.992E-01
  4252.844 1.001E+00
  4253.101 1.003E+00
  4253.359 1.005E+00
  4253.616 1.006E+00
  4253.874 1.007E+00
  4254.131 1.007E+00
  4254.388 1.007E+00
  4254.646 1.006E+00
  4254.903 1.005E+00
  4255.161 1.002E+00
  4255.418 1.000E+00
  4255.675 9.993E-01
  4255.933 9.991E-01
  4256.190 9.991E-01
  4256.448 9.990E-01
  4256.705 9.988E-01
  4256.962 9.985E-01
  4257.220 9.983E-01
  4257.477 9.982E-01
  4257.735 9.983E-01
  4257.992 9.984E-01
  4258.249 9.986E-01
  4258.507 9.988E-01
  4258.764 9.991E-01
  4259.022 9.995E-01
  4259.279 9.998E-01
  4259.536 9.999E-01
  4259.794 9.999E-01
  4260.051 9.998E-01
  4260.309 9.998E-01
  4260.566 9.998E-01
  4260.823 9.999E-01
  4261.081 9.999E-01
  4261.338 9.999E-01
  4261.596 9.999E-01
  4261.853 9.999E-01
  4262.110 9.999E-01
  4262.368 9.999E-01
  4262.625 9.999E-01
  4262.883 9.999E-01
  4263.140 9.999E-01
  4263.397 9.999E-01
  4263.655 1.000E+00
  4263.912 1.000E+00
  4264.170 1.000E+00
  4264.427 1.000E+00
  4264.684 1.000E+00
  4264.942 1.000E+00
  4265.199 1.000E+00
  4265.457 9.999E-01
  4265.714 9.997E-01
  4265.971 9.991E-01
  4266.229 9.984E-01
  4266.486 9.978E-01
  4266.744 9.974E-01
  4267.001 9.973E-01
  4267.258 9.973E-01
  4267.516 9.975E-01
  4267.773 9.979E-01
  4268.031 9.985E-01
  4268.288 9.992E-01
  4268.545 9.997E-01
  4268.803 9.999E-01
  4269.060 1.000E+00
  4269.318 1.000E+00
  4269.575 1.000E+00
  4269.832 1.000E+00
  4270.090 1.000E+00
  4270.347 1.000E+00
  4270.605 9.999E-01
  4270.862 9.999E-01
  4271.119 9.999E-01
  4271.377 9.999E-01
  4271.634 9.999E-01
  4271.892 9.999E-01
  4272.149 9.999E-01
  4272.406 9.999E-01
  4272.664 1.000E+00
  4272.921 1.000E+00
  4273.179 9.999E-01
  4273.436 9.998E-01
  4273.693 9.997E-01
  4273.951 9.995E-01
  4274.208 9.987E-01
  4274.466 9.969E-01
  4274.723 9.950E-01
  4274.980 9.936E-01
  4275.238 9.925E-01
  4275.495 9.913E-01
  4275.753 9.900E-01
  4276.010 9.896E-01
  4276.267 9.905E-01
  4276.525 9.926E-01
  4276.782 9.950E-01
  4277.040 9.967E-01
  4277.297 9.978E-01
  4277.554 9.987E-01
  4277.812 9.994E-01
  4278.069 9.999E-01
  4278.327 9.996E-01
  4278.584 9.987E-01
  4278.841 9.980E-01
  4279.099 9.980E-01
  4279.356 9.983E-01
  4279.614 9.986E-01
  4279.871 9.991E-01
  4280.128 9.994E-01
  4280.386 9.995E-01
  4280.643 9.994E-01
  4280.901 9.993E-01
  4281.158 9.993E-01
  4281.415 9.993E-01
  4281.673 9.990E-01
  4281.930 9.981E-01
  4282.188 9.971E-01
  4282.445 9.962E-01
  4282.702 9.955E-01
  4282.960 9.950E-01
  4283.217 9.948E-01
  4283.475 9.947E-01
  4283.732 9.945E-01
  4283.989 9.942E-01
  4284.247 9.943E-01
  4284.504 9.945E-01
  4284.762 9.946E-01
  4285.019 9.949E-01
  4285.276 9.954E-01
  4285.534 9.960E-01
  4285.791 9.969E-01
  4286.049 9.982E-01
  4286.306 9.994E-01
  4286.563 9.999E-01
  4286.821 1.000E+00
  4287.078 9.999E-01
  4287.336 9.997E-01
  4287.593 9.995E-01
  4287.850 9.992E-01
  4288.108 9.990E-01
  4288.365 9.989E-01
  4288.623 9.989E-01
  4288.880 9.991E-01
  4289.137 9.995E-01
  4289.395 1.000E+00
  4289.652 1.001E+00
  4289.910 1.002E+00
  4290.167 1.002E+00
  4290.424 1.002E+00
  4290.682 1.002E+00
  4290.939 1.002E+00
  4291.197 1.002E+00
  4291.454 1.001E+00
  4291.711 1.000E+00
  4291.969 9.998E-01
  4292.226 9.998E-01
  4292.484 9.998E-01
  4292.741 9.999E-01
  4292.998 9.999E-01
  4293.256 9.999E-01
  4293.513 9.998E-01
  4293.771 9.995E-01
  4294.028 9.991E-01
  4294.285 9.988E-01
  4294.543 9.987E-01
  4294.800 9.986E-01
  4295.058 9.987E-01
  4295.315 9.988E-01
  4295.572 9.992E-01
  4295.830 9.996E-01
  4296.087 1.000E+00
  4296.345 1.000E+00
  4296.602 1.000E+00
  4296.859 1.000E+00
  4297.117 9.995E-01
  4297.374 9.991E-01
  4297.632 9.988E-01
  4297.889 9.986E-01
  4298.146 9.985E-01
  4298.404 9.986E-01
  4298.661 9.988E-01
  4298.919 9.990E-01
  4299.176 9.994E-01
  4299.433 9.997E-01
  4299.691 9.999E-01
  4299.948 9.999E-01
  4300.206 9.999E-01
  4300.463 9.999E-01
  4300.720 9.999E-01
  4300.978 9.999E-01
  4301.235 9.999E-01
  4301.493 9.999E-01
  4301.750 1.000E+00
  4302.007 1.000E+00
  4302.265 1.000E+00
  4302.522 9.996E-01
  4302.780 9.983E-01
  4303.037 9.972E-01
  4303.294 9.964E-01
  4303.552 9.960E-01
  4303.809 9.958E-01
  4304.067 9.958E-01
  4304.324 9.962E-01
  4304.581 9.971E-01
  4304.839 9.984E-01
  4305.096 9.996E-01
  4305.354 1.000E+00
  4305.611 1.000E+00
  4305.868 1.000E+00
  4306.126 1.000E+00
  4306.383 9.998E-01
  4306.641 9.997E-01
  4306.898 9.996E-01
  4307.155 9.995E-01
  4307.413 9.995E-01
  4307.670 9.998E-01
  4307.928 1.000E+00
  4308.185 1.001E+00
  4308.442 1.002E+00
  4308.700 1.002E+00
  4308.957 1.003E+00
  4309.215 1.003E+00
  4309.472 1.003E+00
  4309.729 1.002E+00
  4309.987 1.002E+00
  4310.244 1.001E+00
  4310.502 1.001E+00
  4310.759 1.000E+00
  4311.016 1.000E+00
  4311.274 9.999E-01
  4311.531 9.997E-01
  4311.789 9.996E-01
  4312.046 9.995E-01
  4312.303 9.995E-01
  4312.561 9.994E-01
  4312.818 9.993E-01
  4313.076 9.991E-01
  4313.333 9.990E-01
  4313.590 9.989E-01
  4313.848 9.988E-01
  4314.105 9.986E-01
  4314.363 9.983E-01
  4314.620 9.981E-01
  4314.877 9.980E-01
  4315.135 9.981E-01
  4315.392 9.982E-01
  4315.650 9.978E-01
  4315.907 9.963E-01
  4316.164 9.941E-01
  4316.422 9.923E-01
  4316.679 9.911E-01
  4316.937 9.905E-01
  4317.194 9.903E-01
  4317.451 9.906E-01
  4317.709 9.916E-01
  4317.966 9.931E-01
  4318.224 9.946E-01
  4318.481 9.948E-01
  4318.738 9.934E-01
  4318.996 9.917E-01
  4319.253 9.906E-01
  4319.511 9.900E-01
  4319.768 9.900E-01
  4320.025 9.906E-01
  4320.283 9.917E-01
  4320.540 9.936E-01
  4320.798 9.960E-01
  4321.055 9.981E-01
  4321.312 9.989E-01
  4321.570 9.991E-01
  4321.827 9.991E-01
  4322.085 9.992E-01
  4322.342 9.992E-01
  4322.599 9.993E-01
  4322.857 9.993E-01
  4323.114 9.993E-01
  4323.372 9.992E-01
  4323.629 9.991E-01
  4323.886 9.992E-01
  4324.144 9.994E-01
  4324.401 9.999E-01
  4324.659 1.000E+00
  4324.916 1.000E+00
  4325.173 1.000E+00
  4325.431 1.000E+00
  4325.688 1.000E+00
  4325.946 1.000E+00
  4326.203 9.999E-01
  4326.460 9.996E-01
  4326.718 9.992E-01
  4326.975 9.988E-01
  4327.233 9.985E-01
  4327.490 9.982E-01
  4327.747 9.979E-01
  4328.005 9.975E-01
  4328.262 9.973E-01
  4328.520 9.971E-01
  4328.777 9.969E-01
  4329.034 9.970E-01
  4329.292 9.973E-01
  4329.549 9.975E-01
  4329.807 9.976E-01
  4330.064 9.975E-01
  4330.321 9.973E-01
  4330.579 9.973E-01
  4330.836 9.972E-01
  4331.094 9.971E-01
  4331.351 9.966E-01
  4331.608 9.955E-01
  4331.866 9.942E-01
  4332.123 9.931E-01
  4332.381 9.922E-01
  4332.638 9.914E-01
  4332.895 9.907E-01
  4333.153 9.901E-01
  4333.410 9.897E-01
  4333.668 9.897E-01
  4333.925 9.899E-01
  4334.182 9.897E-01
  4334.440 9.891E-01
  4334.697 9.880E-01
  4334.955 9.868E-01
  4335.212 9.852E-01
  4335.469 9.831E-01
  4335.727 9.798E-01
  4335.984 9.756E-01
  4336.242 9.708E-01
  4336.499 9.650E-01
  4336.756 9.575E-01
  4337.014 9.474E-01
  4337.271 9.339E-01
  4337.529 9.172E-01
  4337.786 8.989E-01
  4338.043 8.795E-01
  4338.301 8.573E-01
  4338.558 8.302E-01
  4338.816 7.972E-01
  4339.073 7.596E-01
  4339.330 7.199E-01
  4339.588 6.813E-01
  4339.845 6.469E-01
  4340.103 6.207E-01
  4340.360 6.070E-01
  4340.617 6.098E-01
  4340.875 6.303E-01
  4341.132 6.658E-01
  4341.390 7.110E-01
  4341.647 7.604E-01
  4341.904 8.090E-01
  4342.162 8.529E-01
  4342.419 8.890E-01
  4342.677 9.162E-01
  4342.934 9.356E-01
  4343.191 9.490E-01
  4343.449 9.583E-01
  4343.706 9.648E-01
  4343.964 9.693E-01
  4344.221 9.717E-01
  4344.478 9.720E-01
  4344.736 9.718E-01
  4344.993 9.721E-01
  4345.251 9.731E-01
  4345.508 9.746E-01
  4345.765 9.762E-01
  4346.023 9.768E-01
  4346.280 9.753E-01
  4346.538 9.740E-01
  4346.795 9.741E-01
  4347.052 9.747E-01
  4347.310 9.751E-01
  4347.567 9.759E-01
  4347.825 9.773E-01
  4348.082 9.781E-01
  4348.339 9.773E-01
  4348.597 9.772E-01
  4348.854 9.774E-01
  4349.112 9.767E-01
  4349.369 9.762E-01
  4349.626 9.762E-01
  4349.884 9.756E-01
  4350.141 9.728E-01
  4350.399 9.709E-01
  4350.656 9.714E-01
  4350.913 9.721E-01
  4351.171 9.721E-01
  4351.428 9.725E-01
  4351.686 9.745E-01
  4351.943 9.781E-01
  4352.200 9.834E-01
  4352.458 9.897E-01
  4352.715 9.945E-01
  4352.973 9.962E-01
  4353.230 9.964E-01
  4353.487 9.964E-01
  4353.745 9.964E-01
  4354.002 9.966E-01
  4354.260 9.970E-01
  4354.517 9.975E-01
  4354.774 9.981E-01
  4355.032 9.986E-01
  4355.289 9.989E-01
  4355.547 9.994E-01
  4355.804 1.000E+00
  4356.061 1.001E+00
  4356.319 1.001E+00
  4356.576 1.001E+00
  4356.834 1.002E+00
  4357.091 1.002E+00
  4357.348 1.001E+00
  4357.606 1.001E+00
  4357.863 1.000E+00
  4358.121 9.994E-01
  4358.378 9.991E-01
  4358.635 9.991E-01
  4358.893 9.992E-01
  4359.150 9.992E-01
  4359.408 9.993E-01
  4359.665 9.994E-01
  4359.922 9.994E-01
  4360.180 9.994E-01
  4360.437 9.991E-01
  4360.695 9.989E-01
  4360.952 9.988E-01
  4361.209 9.987E-01
  4361.467 9.987E-01
  4361.724 9.987E-01
  4361.982 9.988E-01
  4362.239 9.989E-01
  4362.496 9.991E-01
  4362.754 9.993E-01
  4363.011 9.995E-01
  4363.269 9.995E-01
  4363.526 9.994E-01
  4363.783 9.992E-01
  4364.041 9.991E-01
  4364.298 9.990E-01
  4364.556 9.989E-01
  4364.813 9.988E-01
  4365.070 9.988E-01
  4365.328 9.986E-01
  4365.585 9.974E-01
  4365.843 9.950E-01
  4366.100 9.928E-01
  4366.357 9.912E-01
  4366.615 9.902E-01
  4366.872 9.899E-01
  4367.130 9.902E-01
  4367.387 9.911E-01
  4367.644 9.925E-01
  4367.902 9.947E-01
  4368.159 9.971E-01
  4368.417 9.985E-01
  4368.674 9.986E-01
  4368.931 9.983E-01
  4369.189 9.980E-01
  4369.446 9.978E-01
  4369.704 9.978E-01
  4369.961 9.978E-01
  4370.218 9.979E-01
  4370.476 9.982E-01
  4370.733 9.986E-01
  4370.991 9.993E-01
  4371.248 1.000E+00
  4371.505 1.001E+00
  4371.763 1.002E+00
  4372.020 1.003E+00
  4372.278 1.003E+00
  4372.535 1.003E+00
  4372.792 1.003E+00
  4373.050 1.003E+00
  4373.307 1.002E+00
  4373.565 1.001E+00
  4373.822 1.001E+00
  4374.079 1.000E+00
  4374.337 1.000E+00
  4374.594 1.000E+00
  4374.852 1.001E+00
  4375.109 1.001E+00
  4375.366 1.001E+00
  4375.624 1.001E+00
  4375.881 1.001E+00
  4376.139 1.001E+00
  4376.396 1.001E+00
  4376.653 1.001E+00
  4376.911 1.001E+00
  4377.168 1.001E+00
  4377.426 1.001E+00
  4377.683 1.002E+00
  4377.940 1.001E+00
  4378.198 9.983E-01
  4378.455 9.951E-01
  4378.713 9.923E-01
  4378.970 9.901E-01
  4379.227 9.887E-01
  4379.485 9.878E-01
  4379.742 9.877E-01
  4380.000 9.888E-01
  4380.257 9.915E-01
  4380.514 9.950E-01
  4380.772 9.977E-01
  4381.029 9.991E-01
  4381.287 9.996E-01
  4381.544 9.995E-01
  4381.801 9.989E-01
  4382.059 9.983E-01
  4382.316 9.977E-01
  4382.574 9.972E-01
  4382.831 9.968E-01
  4383.088 9.966E-01
  4383.346 9.965E-01
  4383.603 9.966E-01
  4383.861 9.970E-01
  4384.118 9.976E-01
  4384.375 9.983E-01
  4384.633 9.989E-01
  4384.890 9.994E-01
  4385.148 9.998E-01
  4385.405 1.000E+00
  4385.662 1.000E+00
  4385.920 1.000E+00
  4386.177 9.997E-01
  4386.435 9.976E-01
  4386.692 9.925E-01
  4386.949 9.855E-01
  4387.207 9.793E-01
  4387.464 9.750E-01
  4387.722 9.726E-01
  4387.979 9.720E-01
  4388.236 9.731E-01
  4388.494 9.761E-01
  4388.751 9.810E-01
  4389.009 9.875E-01
  4389.266 9.938E-01
  4389.523 9.974E-01
  4389.781 9.984E-01
  4390.038 9.986E-01
  4390.296 9.985E-01
  4390.553 9.981E-01
  4390.810 9.968E-01
  4391.068 9.953E-01
  4391.325 9.942E-01
  4391.583 9.936E-01
  4391.840 9.935E-01
  4392.097 9.937E-01
  4392.355 9.941E-01
  4392.612 9.948E-01
  4392.870 9.959E-01
  4393.127 9.972E-01
  4393.384 9.980E-01
  4393.642 9.981E-01
  4393.899 9.978E-01
  4394.157 9.975E-01
  4394.414 9.974E-01
  4394.671 9.972E-01
  4394.929 9.971E-01
  4395.186 9.969E-01
  4395.444 9.971E-01
  4395.701 9.974E-01
  4395.958 9.977E-01
  4396.216 9.978E-01
  4396.473 9.978E-01
  4396.731 9.980E-01
  4396.988 9.981E-01
  4397.245 9.985E-01
  4397.503 9.987E-01
  4397.760 9.989E-01
  4398.018 9.990E-01
  4398.275 9.990E-01
  4398.532 9.991E-01
  4398.790 9.993E-01
  4399.047 9.995E-01
  4399.305 9.999E-01
  4399.562 1.000E+00
  4399.819 1.000E+00
  4400.077 1.000E+00
  4400.334 1.000E+00
  4400.592 1.000E+00
  4400.849 1.000E+00
  4401.106 1.000E+00
  4401.364 1.000E+00
  4401.621 1.000E+00
  4401.879 1.000E+00
  4402.136 9.999E-01
  4402.393 9.996E-01
  4402.651 9.990E-01
  4402.908 9.984E-01
  4403.166 9.980E-01
  4403.423 9.978E-01
  4403.680 9.977E-01
  4403.938 9.978E-01
  4404.195 9.980E-01
  4404.453 9.985E-01
  4404.710 9.994E-01
  4404.967 1.000E+00
  4405.225 1.001E+00
  4405.482 1.001E+00
  4405.740 1.001E+00
  4405.997 1.001E+00
  4406.254 1.001E+00
  4406.512 1.001E+00
  4406.769 1.001E+00
  4407.027 1.000E+00
  4407.284 1.000E+00
  4407.541 9.999E-01
  4407.799 9.996E-01
  4408.056 9.987E-01
  4408.314 9.974E-01
  4408.571 9.963E-01
  4408.828 9.956E-01
  4409.086 9.952E-01
  4409.343 9.950E-01
  4409.601 9.952E-01
  4409.858 9.957E-01
  4410.115 9.966E-01
  4410.373 9.978E-01
  4410.630 9.990E-01
  4410.888 9.996E-01
  4411.145 9.997E-01
  4411.402 9.995E-01
  4411.660 9.991E-01
  4411.917 9.986E-01
  4412.175 9.978E-01
  4412.432 9.972E-01
  4412.689 9.968E-01
  4412.947 9.965E-01
  4413.204 9.966E-01
  4413.462 9.970E-01
  4413.719 9.978E-01
  4413.976 9.988E-01
  4414.234 9.998E-01
  4414.491 1.001E+00
  4414.749 1.001E+00
  4415.006 1.001E+00
  4415.263 1.001E+00
  4415.521 1.001E+00
  4415.778 1.001E+00
  4416.036 1.001E+00
  4416.293 1.001E+00
  4416.550 1.001E+00
  4416.808 1.001E+00
  4417.065 1.001E+00
  4417.323 1.001E+00
  4417.580 1.001E+00
  4417.837 1.001E+00
  4418.095 1.001E+00
  4418.352 1.001E+00
  4418.610 1.001E+00
  4418.867 1.001E+00
  4419.124 1.001E+00
  4419.382 1.000E+00
  4419.639 1.000E+00
  4419.897 1.000E+00
  4420.154 1.000E+00
  4420.411 9.998E-01
  4420.669 9.997E-01
  4420.926 9.996E-01
  4421.184 9.996E-01
  4421.441 9.996E-01
  4421.698 9.996E-01
  4421.956 9.996E-01
  4422.213 9.997E-01
  4422.471 9.998E-01
  4422.728 9.999E-01
  4422.985 1.000E+00
  4423.243 1.000E+00
  4423.500 1.000E+00
  4423.758 1.000E+00
  4424.015 1.000E+00
  4424.272 1.000E+00
  4424.530 1.000E+00
  4424.787 1.000E+00
  4425.045 1.000E+00
  4425.302 1.000E+00
  4425.559 1.000E+00
  4425.817 1.000E+00
  4426.074 1.000E+00
  4426.332 1.000E+00
  4426.589 1.000E+00
  4426.846 9.999E-01
  4427.104 9.997E-01
  4427.361 9.991E-01
  4427.619 9.984E-01
  4427.876 9.977E-01
  4428.133 9.973E-01
  4428.391 9.969E-01
  4428.648 9.967E-01
  4428.906 9.967E-01
  4429.163 9.969E-01
  4429.420 9.974E-01
  4429.678 9.981E-01
  4429.935 9.985E-01
  4430.193 9.986E-01
  4430.450 9.987E-01
  4430.707 9.988E-01
  4430.965 9.991E-01
  4431.222 9.994E-01
  4431.480 9.997E-01
  4431.737 9.999E-01
  4431.994 1.000E+00
  4432.252 1.001E+00
  4432.509 1.001E+00
  4432.767 1.001E+00
  4433.024 1.001E+00
  4433.281 1.000E+00
  4433.539 1.000E+00
  4433.796 1.000E+00
  4434.054 9.999E-01
  4434.311 9.999E-01
  4434.568 9.999E-01
  4434.826 9.998E-01
  4435.083 9.996E-01
  4435.341 9.990E-01
  4435.598 9.981E-01
  4435.855 9.972E-01
  4436.113 9.964E-01
  4436.370 9.952E-01
  4436.628 9.942E-01
  4436.885 9.935E-01
  4437.142 9.934E-01
  4437.400 9.938E-01
  4437.657 9.946E-01
  4437.915 9.956E-01
  4438.172 9.963E-01
  4438.429 9.969E-01
  4438.687 9.976E-01
  4438.944 9.983E-01
  4439.202 9.984E-01
  4439.459 9.982E-01
  4439.716 9.980E-01
  4439.974 9.978E-01
  4440.231 9.975E-01
  4440.489 9.971E-01
  4440.746 9.968E-01
  4441.003 9.967E-01
  4441.261 9.966E-01
  4441.518 9.968E-01
  4441.776 9.972E-01
  4442.033 9.978E-01
  4442.290 9.984E-01
  4442.548 9.992E-01
  4442.805 1.000E+00
  4443.063 1.000E+00
  4443.320 1.001E+00
  4443.577 1.001E+00
  4443.835 1.001E+00
  4444.092 1.000E+00
  4444.350 1.000E+00
  4444.607 1.000E+00
  4444.864 1.000E+00
  4445.122 1.000E+00
  4445.379 9.999E-01
  4445.637 9.999E-01
  4445.894 9.998E-01
  4446.151 9.998E-01
  4446.409 9.999E-01
  4446.666 1.000E+00
  4446.924 1.001E+00
  4447.181 1.002E+00
  4447.438 1.003E+00
  4447.696 1.004E+00
  4447.953 1.005E+00
  4448.211 1.005E+00
  4448.468 1.005E+00
  4448.725 1.004E+00
  4448.983 1.003E+00
  4449.240 1.002E+00
  4449.498 1.001E+00
  4449.755 1.000E+00
  4450.012 9.995E-01
  4450.270 9.988E-01
  4450.527 9.980E-01
  4450.785 9.975E-01
  4451.042 9.971E-01
  4451.299 9.968E-01
  4451.557 9.962E-01
  4451.814 9.955E-01
  4452.072 9.952E-01
  4452.329 9.953E-01
  4452.586 9.958E-01
  4452.844 9.965E-01
  4453.101 9.969E-01
  4453.359 9.972E-01
  4453.616 9.977E-01
  4453.873 9.984E-01
  4454.131 9.994E-01
  4454.388 9.998E-01
  4454.646 1.000E+00
  4454.903 1.000E+00
  4455.160 1.000E+00
  4455.418 1.000E+00
  4455.675 1.000E+00
  4455.933 9.999E-01
  4456.190 9.998E-01
  4456.447 9.997E-01
  4456.705 9.996E-01
  4456.962 9.995E-01
  4457.220 9.995E-01
  4457.477 9.995E-01
  4457.734 9.995E-01
  4457.992 9.996E-01
  4458.249 9.997E-01
  4458.507 9.998E-01
  4458.764 9.998E-01
  4459.021 9.998E-01
  4459.279 9.998E-01
  4459.536 9.998E-01
  4459.794 9.998E-01
  4460.051 9.999E-01
  4460.308 9.999E-01
  4460.566 1.000E+00
  4460.823 9.999E-01
  4461.081 9.998E-01
  4461.338 9.997E-01
  4461.595 9.996E-01
  4461.853 9.996E-01
  4462.110 9.995E-01
  4462.368 9.995E-01
  4462.625 9.994E-01
  4462.882 9.995E-01
  4463.140 9.996E-01
  4463.397 9.997E-01
  4463.655 9.997E-01
  4463.912 9.994E-01
  4464.169 9.983E-01
  4464.427 9.967E-01
  4464.684 9.953E-01
  4464.942 9.945E-01
  4465.199 9.942E-01
  4465.456 9.943E-01
  4465.714 9.947E-01
  4465.971 9.954E-01
  4466.229 9.964E-01
  4466.486 9.975E-01
  4466.743 9.980E-01
  4467.001 9.974E-01
  4467.258 9.958E-01
  4467.516 9.936E-01
  4467.773 9.917E-01
  4468.030 9.902E-01
  4468.288 9.887E-01
  4468.545 9.875E-01
  4468.803 9.868E-01
  4469.060 9.866E-01
  4469.317 9.867E-01
  4469.575 9.854E-01
  4469.832 9.785E-01
  4470.090 9.582E-01
  4470.347 9.217E-01
  4470.604 8.784E-01
  4470.862 8.409E-01
  4471.119 8.152E-01
  4471.377 8.022E-01
  4471.634 8.013E-01
  4471.891 8.123E-01
  4472.149 8.359E-01
  4472.406 8.721E-01
  4472.664 9.166E-01
  4472.921 9.573E-01
  4473.178 9.834E-01
  4473.436 9.943E-01
  4473.693 9.975E-01
  4473.951 9.984E-01
  4474.208 9.988E-01
  4474.465 9.991E-01
  4474.723 9.993E-01
  4474.980 9.994E-01
  4475.238 9.995E-01
  4475.495 9.996E-01
  4475.752 9.996E-01
  4476.010 9.997E-01
  4476.267 9.997E-01
  4476.525 9.997E-01
  4476.782 9.998E-01
  4477.039 9.998E-01
  4477.297 9.998E-01
  4477.554 9.998E-01
  4477.812 9.998E-01
  4478.069 9.998E-01
  4478.326 9.998E-01
  4478.584 9.998E-01
  4478.841 9.996E-01
  4479.099 9.995E-01
  4479.356 9.993E-01
  4479.613 9.983E-01
  4479.871 9.952E-01
  4480.128 9.899E-01
  4480.386 9.849E-01
  4480.643 9.813E-01
  4480.900 9.792E-01
  4481.158 9.784E-01
  4481.415 9.789E-01
  4481.673 9.806E-01
  4481.930 9.837E-01
  4482.187 9.883E-01
  4482.445 9.939E-01
  4482.702 9.981E-01
  4482.960 9.996E-01
  4483.217 9.999E-01
  4483.474 1.000E+00
  4483.732 1.000E+00
  4483.989 1.000E+00
  4484.247 1.000E+00
  4484.504 1.000E+00
  4484.761 1.000E+00
  4485.019 1.000E+00
  4485.276 1.000E+00
  4485.534 1.000E+00
  4485.791 1.000E+00
  4486.048 1.000E+00
  4486.306 1.000E+00
  4486.563 1.001E+00
  4486.821 1.001E+00
  4487.078 1.002E+00
  4487.335 1.003E+00
  4487.593 1.004E+00
  4487.850 1.004E+00
  4488.108 1.004E+00
  4488.365 1.004E+00
  4488.622 1.004E+00
  4488.880 1.003E+00
  4489.137 1.002E+00
  4489.395 1.001E+00
  4489.652 1.001E+00
  4489.909 1.000E+00
  4490.167 1.000E+00
  4490.424 1.000E+00
  4490.682 1.000E+00
  4490.939 9.999E-01
  4491.196 9.999E-01
  4491.454 9.999E-01
  4491.711 9.999E-01
  4491.969 1.000E+00
  4492.226 1.000E+00
  4492.483 1.000E+00
  4492.741 1.000E+00
  4492.998 1.000E+00
  4493.256 1.000E+00
  4493.513 1.000E+00
  4493.770 1.000E+00
  4494.028 1.000E+00
  4494.285 1.000E+00
  4494.543 1.000E+00
  4494.800 1.000E+00
  4495.057 9.999E-01
  4495.315 9.998E-01
  4495.572 9.998E-01
  4495.830 9.997E-01
  4496.087 9.997E-01
  4496.344 9.997E-01
  4496.602 9.997E-01
  4496.859 9.998E-01
  4497.117 9.998E-01
  4497.374 9.998E-01
  4497.631 9.998E-01
  4497.889 9.995E-01
  4498.146 9.992E-01
  4498.404 9.990E-01
  4498.661 9.988E-01
  4498.918 9.987E-01
  4499.176 9.987E-01
  4499.433 9.987E-01
  4499.691 9.989E-01
  4499.948 9.992E-01
  4500.205 9.996E-01
  4500.463 9.999E-01
  4500.720 1.000E+00
  4500.978 1.000E+00
  4501.235 1.000E+00
  4501.492 9.998E-01
  4501.750 9.996E-01
  4502.007 9.995E-01
  4502.265 9.993E-01
  4502.522 9.993E-01
  4502.779 9.993E-01
  4503.037 9.994E-01
  4503.294 9.995E-01
  4503.552 9.997E-01
  4503.809 9.998E-01
  4504.066 9.999E-01
  4504.324 9.999E-01
  4504.581 9.996E-01
  4504.839 9.989E-01
  4505.096 9.981E-01
  4505.353 9.975E-01
  4505.611 9.972E-01
  4505.868 9.970E-01
  4506.126 9.971E-01
  4506.383 9.973E-01
  4506.640 9.976E-01
  4506.898 9.982E-01
  4507.155 9.989E-01
  4507.413 9.996E-01
  4507.670 9.998E-01
  4507.927 9.998E-01
  4508.185 9.998E-01
  4508.442 9.998E-01
  4508.700 9.998E-01
  4508.957 9.998E-01
  4509.214 9.997E-01
  4509.472 9.987E-01
  4509.729 9.962E-01
  4509.987 9.934E-01
  4510.244 9.914E-01
  4510.501 9.902E-01
  4510.759 9.897E-01
  4511.016 9.897E-01
  4511.274 9.900E-01
  4511.531 9.907E-01
  4511.788 9.922E-01
  4512.046 9.946E-01
  4512.303 9.971E-01
  4512.561 9.981E-01
  4512.818 9.982E-01
  4513.075 9.982E-01
  4513.333 9.978E-01
  4513.590 9.956E-01
  4513.848 9.924E-01
  4514.105 9.894E-01
  4514.362 9.870E-01
  4514.620 9.852E-01
  4514.877 9.842E-01
  4515.135 9.840E-01
  4515.392 9.846E-01
  4515.649 9.859E-01
  4515.907 9.885E-01
  4516.164 9.920E-01
  4516.422 9.944E-01
  4516.679 9.952E-01
  4516.936 9.950E-01
  4517.194 9.947E-01
  4517.451 9.945E-01
  4517.709 9.947E-01
  4517.966 9.952E-01
  4518.223 9.958E-01
  4518.481 9.962E-01
  4518.738 9.966E-01
  4518.996 9.973E-01
  4519.253 9.983E-01
  4519.510 9.994E-01
  4519.768 9.998E-01
  4520.025 1.000E+00
  4520.283 1.000E+00
  4520.540 1.000E+00
  4520.797 9.999E-01
  4521.055 9.998E-01
  4521.312 9.996E-01
  4521.570 9.992E-01
  4521.827 9.988E-01
  4522.084 9.981E-01
  4522.342 9.969E-01
  4522.599 9.956E-01
  4522.857 9.946E-01
  4523.114 9.941E-01
  4523.371 9.940E-01
  4523.629 9.943E-01
  4523.886 9.949E-01
  4524.144 9.958E-01
  4524.401 9.968E-01
  4524.658 9.980E-01
  4524.916 9.992E-01
  4525.173 9.998E-01
  4525.431 9.999E-01
  4525.688 9.999E-01
  4525.945 9.999E-01
  4526.203 9.999E-01
  4526.460 9.998E-01
  4526.718 9.995E-01
  4526.975 9.993E-01
  4527.232 9.990E-01
  4527.490 9.987E-01
  4527.747 9.982E-01
  4528.005 9.972E-01
  4528.262 9.962E-01
  4528.519 9.956E-01
  4528.777 9.953E-01
  4529.034 9.954E-01
  4529.292 9.959E-01
  4529.549 9.963E-01
  4529.806 9.967E-01
  4530.064 9.973E-01
  4530.321 9.982E-01
  4530.579 9.990E-01
  4530.836 9.993E-01
  4531.093 9.993E-01
  4531.351 9.992E-01
  4531.608 9.992E-01
  4531.866 9.993E-01
  4532.123 9.995E-01
  4532.380 9.997E-01
  4532.638 9.998E-01
  4532.895 9.997E-01
  4533.153 9.991E-01
  4533.410 9.979E-01
  4533.667 9.965E-01
  4533.925 9.950E-01
  4534.182 9.939E-01
  4534.440 9.932E-01
  4534.697 9.929E-01
  4534.954 9.929E-01
  4535.212 9.934E-01
  4535.469 9.943E-01
  4535.727 9.956E-01
  4535.984 9.969E-01
  4536.241 9.977E-01
  4536.499 9.981E-01
  4536.756 9.980E-01
  4537.014 9.978E-01
  4537.271 9.975E-01
  4537.528 9.971E-01
  4537.786 9.967E-01
  4538.043 9.960E-01
  4538.301 9.948E-01
  4538.558 9.929E-01
  4538.815 9.905E-01
  4539.073 9.875E-01
  4539.330 9.834E-01
  4539.588 9.775E-01
  4539.845 9.685E-01
  4540.102 9.551E-01
  4540.360 9.377E-01
  4540.617 9.193E-01
  4540.875 9.034E-01
  4541.132 8.920E-01
  4541.389 8.858E-01
  4541.647 8.854E-01
  4541.904 8.912E-01
  4542.162 9.028E-01
  4542.419 9.191E-01
  4542.676 9.380E-01
  4542.934 9.561E-01
  4543.191 9.701E-01
  4543.449 9.789E-01
  4543.706 9.832E-01
  4543.963 9.853E-01
  4544.221 9.866E-01
  4544.478 9.875E-01
  4544.736 9.882E-01
  4544.993 9.888E-01
  4545.250 9.892E-01
  4545.508 9.899E-01
  4545.765 9.912E-01
  4546.023 9.930E-01
  4546.280 9.946E-01
  4546.537 9.954E-01
  4546.795 9.959E-01
  4547.052 9.963E-01
  4547.310 9.970E-01
  4547.567 9.978E-01
  4547.824 9.985E-01
  4548.082 9.988E-01
  4548.339 9.991E-01
  4548.597 9.992E-01
  4548.854 9.994E-01
  4549.111 9.995E-01
  4549.369 9.995E-01
  4549.626 9.995E-01
  4549.884 9.996E-01
  4550.141 9.996E-01
  4550.398 9.996E-01
  4550.656 9.996E-01
  4550.913 9.996E-01
  4551.171 9.992E-01
  4551.428 9.981E-01
  4551.685 9.969E-01
  4551.943 9.960E-01
  4552.200 9.953E-01
  4552.458 9.949E-01
  4552.715 9.948E-01
  4552.972 9.949E-01
  4553.230 9.953E-01
  4553.487 9.961E-01
  4553.745 9.972E-01
  4554.002 9.985E-01
  4554.259 9.993E-01
  4554.517 9.997E-01
  4554.774 9.999E-01
  4555.032 1.000E+00
  4555.289 1.000E+00
  4555.546 1.000E+00
  4555.804 1.000E+00
  4556.061 1.000E+00
  4556.319 1.000E+00
  4556.576 1.000E+00
  4556.833 1.000E+00
  4557.091 9.999E-01
  4557.348 9.999E-01
  4557.606 9.999E-01
  4557.863 9.999E-01
  4558.120 9.999E-01
  4558.378 9.999E-01
  4558.635 9.999E-01
  4558.893 9.999E-01
  4559.150 1.000E+00
  4559.407 1.000E+00
  4559.665 1.000E+00
  4559.922 1.000E+00
  4560.180 1.000E+00
  4560.437 1.000E+00
  4560.694 9.999E-01
  4560.952 9.998E-01
  4561.209 9.998E-01
  4561.467 9.997E-01
  4561.724 9.996E-01
  4561.981 9.996E-01
  4562.239 9.996E-01
  4562.496 9.995E-01
  4562.754 9.996E-01
  4563.011 9.996E-01
  4563.268 9.997E-01
  4563.526 9.998E-01
  4563.783 9.998E-01
  4564.041 9.999E-01
  4564.298 9.999E-01
  4564.555 9.999E-01
  4564.813 9.999E-01
  4565.070 9.999E-01
  4565.328 9.999E-01
  4565.585 9.999E-01
  4565.842 9.999E-01
  4566.100 9.999E-01
  4566.357 9.996E-01
  4566.615 9.989E-01
  4566.872 9.981E-01
  4567.129 9.975E-01
  4567.387 9.971E-01
  4567.644 9.969E-01
  4567.902 9.972E-01
  4568.159 9.979E-01
  4568.416 9.989E-01
  4568.674 9.998E-01
  4568.931 1.001E+00
  4569.189 1.002E+00
  4569.446 1.002E+00
  4569.703 1.002E+00
  4569.961 1.002E+00
  4570.218 1.001E+00
  4570.476 1.001E+00
  4570.733 1.000E+00
  4570.990 1.000E+00
  4571.248 9.999E-01
  4571.505 9.999E-01
  4571.763 9.999E-01
  4572.020 9.999E-01
  4572.277 9.999E-01
  4572.535 9.999E-01
  4572.792 9.999E-01
  4573.050 9.998E-01
  4573.307 9.996E-01
  4573.564 9.993E-01
  4573.822 9.989E-01
  4574.079 9.987E-01
  4574.337 9.985E-01
  4574.594 9.984E-01
  4574.851 9.984E-01
  4575.109 9.985E-01
  4575.366 9.988E-01
  4575.624 9.991E-01
  4575.881 9.994E-01
  4576.138 9.998E-01
  4576.396 9.999E-01
  4576.653 1.000E+00
  4576.911 1.000E+00
  4577.168 1.000E+00
  4577.425 1.000E+00
  4577.683 1.000E+00
  4577.940 9.999E-01
  4578.198 9.999E-01
  4578.455 9.999E-01
  4578.712 9.998E-01
  4578.970 9.998E-01
  4579.227 9.998E-01
  4579.485 9.998E-01
  4579.742 9.998E-01
  4579.999 9.999E-01
  4580.257 9.999E-01
  4580.514 9.999E-01
  4580.772 9.999E-01
  4581.029 9.999E-01
  4581.286 9.998E-01
  4581.544 9.998E-01
  4581.801 9.998E-01
  4582.059 9.998E-01
  4582.316 9.998E-01
  4582.573 9.998E-01
  4582.831 9.998E-01
  4583.088 9.999E-01
  4583.346 9.999E-01
  4583.603 1.000E+00
  4583.860 1.000E+00
  4584.118 9.999E-01
  4584.375 9.999E-01
  4584.633 9.999E-01
  4584.890 9.999E-01
  4585.147 9.999E-01
  4585.405 9.999E-01
  4585.662 9.999E-01
  4585.920 9.999E-01
  4586.177 1.000E+00
  4586.434 1.000E+00
  4586.692 1.001E+00
  4586.949 1.001E+00
  4587.207 1.001E+00
  4587.464 1.001E+00
  4587.721 1.001E+00
  4587.979 1.001E+00
  4588.236 1.001E+00
  4588.494 1.001E+00
  4588.751 1.000E+00
  4589.008 1.000E+00
  4589.266 9.993E-01
  4589.523 9.962E-01
  4589.781 9.890E-01
  4590.038 9.811E-01
  4590.295 9.751E-01
  4590.553 9.712E-01
  4590.810 9.691E-01
  4591.068 9.687E-01
  4591.325 9.701E-01
  4591.582 9.734E-01
  4591.840 9.788E-01
  4592.097 9.863E-01
  4592.355 9.942E-01
  4592.612 9.983E-01
  4592.869 9.995E-01
  4593.127 9.997E-01
  4593.384 9.998E-01
  4593.642 9.999E-01
  4593.899 1.000E+00
  4594.156 9.999E-01
  4594.414 9.995E-01
  4594.671 9.972E-01
  4594.929 9.916E-01
  4595.186 9.850E-01
  4595.443 9.796E-01
  4595.701 9.761E-01
  4595.958 9.741E-01
  4596.216 9.734E-01
  4596.473 9.739E-01
  4596.730 9.755E-01
  4596.988 9.791E-01
  4597.245 9.846E-01
  4597.503 9.909E-01
  4597.760 9.948E-01
  4598.017 9.961E-01
  4598.275 9.965E-01
  4598.532 9.970E-01
  4598.790 9.977E-01
  4599.047 9.986E-01
  4599.304 9.994E-01
  4599.562 9.997E-01
  4599.819 9.997E-01
