  3980.000 9.363E-01
  3980.143 9.385E-01
  3980.286 9.398E-01
  3980.429 9.412E-01
  3980.572 9.426E-01
  3980.715 9.440E-01
  3980.858 9.451E-01
  3981.001 9.458E-01
  3981.144 9.464E-01
  3981.287 9.468E-01
  3981.430 9.472E-01
  3981.573 9.477E-01
  3981.716 9.482E-01
  3981.859 9.490E-01
  3982.002 9.503E-01
  3982.145 9.518E-01
  3982.288 9.535E-01
  3982.431 9.551E-01
  3982.574 9.567E-01
  3982.717 9.582E-01
  3982.860 9.598E-01
  3983.003 9.612E-01
  3983.146 9.625E-01
  3983.289 9.636E-01
  3983.432 9.647E-01
  3983.575 9.657E-01
  3983.718 9.667E-01
  3983.861 9.676E-01
  3984.004 9.685E-01
  3984.147 9.694E-01
  3984.290 9.703E-01
  3984.433 9.712E-01
  3984.576 9.720E-01
  3984.719 9.727E-01
  3984.862 9.734E-01
  3985.005 9.740E-01
  3985.148 9.744E-01
  3985.291 9.748E-01
  3985.434 9.750E-01
  3985.577 9.751E-01
  3985.720 9.751E-01
  3985.863 9.753E-01
  3986.006 9.756E-01
  3986.149 9.760E-01
  3986.292 9.766E-01
  3986.435 9.773E-01
  3986.578 9.781E-01
  3986.721 9.790E-01
  3986.864 9.797E-01
  3987.007 9.803E-01
  3987.150 9.807E-01
  3987.293 9.811E-01
  3987.436 9.814E-01
  3987.579 9.818E-01
  3987.722 9.821E-01
  3987.865 9.825E-01
  3988.008 9.829E-01
  3988.151 9.833E-01
  3988.294 9.838E-01
  3988.437 9.841E-01
  3988.580 9.844E-01
  3988.723 9.847E-01
  3988.866 9.848E-01
  3989.009 9.848E-01
  3989.152 9.847E-01
  3989.295 9.846E-01
  3989.438 9.845E-01
  3989.581 9.845E-01
  3989.724 9.846E-01
  3989.867 9.849E-01
  3990.010 9.853E-01
  3990.153 9.857E-01
  3990.296 9.860E-01
  3990.439 9.861E-01
  3990.582 9.861E-01
  3990.725 9.860E-01
  3990.868 9.860E-01
  3991.011 9.861E-01
  3991.154 9.864E-01
  3991.297 9.867E-01
  3991.440 9.871E-01
  3991.583 9.874E-01
  3991.726 9.876E-01
  3991.869 9.876E-01
  3992.012 9.876E-01
  3992.155 9.876E-01
  3992.298 9.878E-01
  3992.441 9.881E-01
  3992.584 9.884E-01
  3992.727 9.888E-01
  3992.870 9.890E-01
  3993.013 9.891E-01
  3993.156 9.890E-01
  3993.299 9.889E-01
  3993.442 9.888E-01
  3993.585 9.888E-01
  3993.728 9.889E-01
  3993.871 9.892E-01
  3994.014 9.896E-01
  3994.157 9.900E-01
  3994.300 9.903E-01
  3994.443 9.905E-01
  3994.586 9.905E-01
  3994.729 9.906E-01
  3994.872 9.907E-01
  3995.015 9.908E-01
  3995.158 9.908E-01
  3995.301 9.909E-01
  3995.444 9.910E-01
  3995.587 9.910E-01
  3995.730 9.909E-01
  3995.873 9.907E-01
  3996.016 9.904E-01
  3996.159 9.901E-01
  3996.302 9.898E-01
  3996.445 9.891E-01
  3996.588 9.882E-01
  3996.731 9.872E-01
  3996.874 9.865E-01
  3997.017 9.861E-01
  3997.160 9.862E-01
  3997.303 9.866E-01
  3997.446 9.875E-01
  3997.589 9.887E-01
  3997.732 9.902E-01
  3997.875 9.916E-01
  3998.018 9.924E-01
  3998.161 9.927E-01
  3998.304 9.926E-01
  3998.447 9.924E-01
  3998.590 9.922E-01
  3998.733 9.921E-01
  3998.876 9.921E-01
  3999.019 9.923E-01
  3999.162 9.926E-01
  3999.305 9.931E-01
  3999.448 9.935E-01
  3999.591 9.939E-01
  3999.734 9.942E-01
  3999.877 9.944E-01
  4000.020 9.945E-01
  4000.163 9.946E-01
  4000.306 9.947E-01
  4000.449 9.948E-01
  4000.592 9.949E-01
  4000.735 9.950E-01
  4000.878 9.951E-01
  4001.021 9.949E-01
  4001.164 9.941E-01
  4001.307 9.921E-01
  4001.450 9.884E-01
  4001.593 9.832E-01
  4001.736 9.773E-01
  4001.879 9.713E-01
  4002.022 9.655E-01
  4002.165 9.613E-01
  4002.308 9.595E-01
  4002.451 9.603E-01
  4002.594 9.631E-01
  4002.737 9.670E-01
  4002.880 9.710E-01
  4003.023 9.752E-01
  4003.166 9.793E-01
  4003.309 9.827E-01
  4003.452 9.852E-01
  4003.595 9.870E-01
  4003.738 9.888E-01
  4003.881 9.906E-01
  4004.024 9.921E-01
  4004.167 9.929E-01
  4004.310 9.932E-01
  4004.453 9.929E-01
  4004.596 9.922E-01
  4004.739 9.910E-01
  4004.882 9.890E-01
  4005.025 9.858E-01
  4005.168 9.818E-01
  4005.311 9.782E-01
  4005.454 9.761E-01
  4005.597 9.756E-01
  4005.740 9.767E-01
  4005.883 9.791E-01
  4006.026 9.824E-01
  4006.169 9.865E-01
  4006.312 9.906E-01
  4006.455 9.937E-01
  4006.598 9.953E-01
  4006.741 9.960E-01
  4006.884 9.961E-01
  4007.027 9.960E-01
  4007.170 9.958E-01
  4007.313 9.954E-01
  4007.456 9.949E-01
  4007.599 9.943E-01
  4007.742 9.938E-01
  4007.885 9.935E-01
  4008.028 9.932E-01
  4008.171 9.929E-01
  4008.314 9.919E-01
  4008.457 9.894E-01
  4008.600 9.846E-01
  4008.743 9.782E-01
  4008.886 9.716E-01
  4009.029 9.663E-01
  4009.172 9.633E-01
  4009.315 9.630E-01
  4009.458 9.653E-01
  4009.601 9.703E-01
  4009.744 9.770E-01
  4009.887 9.842E-01
  4010.030 9.900E-01
  4010.173 9.935E-01
  4010.316 9.953E-01
  4010.459 9.960E-01
  4010.602 9.963E-01
  4010.745 9.965E-01
  4010.888 9.966E-01
  4011.031 9.967E-01
  4011.174 9.968E-01
  4011.317 9.968E-01
  4011.460 9.965E-01
  4011.603 9.954E-01
  4011.746 9.930E-01
  4011.889 9.894E-01
  4012.032 9.853E-01
  4012.175 9.817E-01
  4012.318 9.793E-01
  4012.461 9.783E-01
  4012.604 9.789E-01
  4012.747 9.811E-01
  4012.890 9.845E-01
  4013.033 9.887E-01
  4013.176 9.924E-01
  4013.319 9.949E-01
  4013.462 9.962E-01
  4013.605 9.968E-01
  4013.748 9.969E-01
  4013.891 9.967E-01
  4014.034 9.965E-01
  4014.177 9.963E-01
  4014.320 9.960E-01
  4014.463 9.955E-01
  4014.606 9.945E-01
  4014.749 9.925E-01
  4014.892 9.893E-01
  4015.035 9.854E-01
  4015.178 9.819E-01
  4015.321 9.796E-01
  4015.464 9.785E-01
  4015.607 9.786E-01
  4015.750 9.799E-01
  4015.893 9.825E-01
  4016.036 9.860E-01
  4016.179 9.897E-01
  4016.322 9.922E-01
  4016.465 9.937E-01
  4016.608 9.944E-01
  4016.751 9.950E-01
  4016.894 9.954E-01
  4017.037 9.957E-01
  4017.180 9.958E-01
  4017.323 9.958E-01
  4017.466 9.958E-01
  4017.609 9.958E-01
  4017.752 9.958E-01
  4017.895 9.959E-01
  4018.038 9.961E-01
  4018.181 9.963E-01
  4018.324 9.964E-01
  4018.467 9.965E-01
  4018.610 9.967E-01
  4018.753 9.968E-01
  4018.896 9.968E-01
  4019.039 9.969E-01
  4019.182 9.969E-01
  4019.325 9.970E-01
  4019.468 9.970E-01
  4019.611 9.970E-01
  4019.754 9.970E-01
  4019.897 9.970E-01
  4020.040 9.970E-01
  4020.183 9.969E-01
  4020.326 9.968E-01
  4020.469 9.968E-01
  4020.612 9.967E-01
  4020.755 9.966E-01
  4020.898 9.964E-01
  4021.041 9.963E-01
  4021.184 9.961E-01
  4021.327 9.957E-01
  4021.470 9.954E-01
  4021.613 9.949E-01
  4021.756 9.943E-01
  4021.899 9.937E-01
  4022.042 9.932E-01
  4022.185 9.928E-01
  4022.328 9.925E-01
  4022.471 9.921E-01
  4022.614 9.914E-01
  4022.757 9.902E-01
  4022.900 9.884E-01
  4023.043 9.863E-01
  4023.186 9.842E-01
  4023.329 9.821E-01
  4023.472 9.799E-01
  4023.615 9.776E-01
  4023.758 9.748E-01
  4023.901 9.708E-01
  4024.044 9.656E-01
  4024.187 9.604E-01
  4024.330 9.559E-01
  4024.473 9.526E-01
  4024.616 9.505E-01
  4024.759 9.494E-01
  4024.902 9.491E-01
  4025.045 9.491E-01
  4025.188 9.477E-01
  4025.331 9.424E-01
  4025.474 9.317E-01
  4025.617 9.161E-01
  4025.760 8.983E-01
  4025.903 8.818E-01
  4026.046 8.696E-01
  4026.189 8.638E-01
  4026.332 8.652E-01
  4026.475 8.738E-01
  4026.618 8.887E-01
  4026.761 9.075E-01
  4026.904 9.271E-01
  4027.047 9.442E-01
  4027.190 9.573E-01
  4027.333 9.664E-01
  4027.476 9.722E-01
  4027.619 9.755E-01
  4027.762 9.768E-01
  4027.905 9.773E-01
  4028.048 9.774E-01
  4028.191 9.777E-01
  4028.334 9.783E-01
  4028.477 9.795E-01
  4028.620 9.814E-01
  4028.763 9.839E-01
  4028.906 9.867E-01
  4029.049 9.893E-01
  4029.192 9.912E-01
  4029.335 9.926E-01
  4029.478 9.935E-01
  4029.621 9.940E-01
  4029.764 9.941E-01
  4029.907 9.940E-01
  4030.050 9.938E-01
  4030.193 9.937E-01
  4030.336 9.936E-01
  4030.479 9.935E-01
  4030.622 9.934E-01
  4030.765 9.930E-01
  4030.908 9.922E-01
  4031.051 9.915E-01
  4031.194 9.909E-01
  4031.337 9.906E-01
  4031.480 9.906E-01
  4031.623 9.909E-01
  4031.766 9.914E-01
  4031.909 9.919E-01
  4032.052 9.918E-01
  4032.195 9.903E-01
  4032.338 9.871E-01
  4032.481 9.830E-01
  4032.624 9.795E-01
  4032.767 9.773E-01
  4032.910 9.767E-01
  4033.053 9.778E-01
  4033.196 9.803E-01
  4033.339 9.841E-01
  4033.482 9.885E-01
  4033.625 9.924E-01
  4033.768 9.948E-01
  4033.911 9.958E-01
  4034.054 9.960E-01
  4034.197 9.960E-01
  4034.340 9.961E-01
  4034.483 9.962E-01
  4034.626 9.962E-01
  4034.769 9.961E-01
  4034.912 9.954E-01
  4035.055 9.941E-01
  4035.198 9.925E-01
  4035.341 9.912E-01
  4035.484 9.904E-01
  4035.627 9.902E-01
  4035.770 9.906E-01
  4035.913 9.914E-01
  4036.056 9.926E-01
  4036.199 9.937E-01
  4036.342 9.946E-01
  4036.485 9.951E-01
  4036.628 9.952E-01
  4036.771 9.952E-01
  4036.914 9.952E-01
  4037.057 9.953E-01
  4037.200 9.950E-01
  4037.343 9.942E-01
  4037.486 9.927E-01
  4037.629 9.911E-01
  4037.772 9.898E-01
  4037.915 9.890E-01
  4038.058 9.888E-01
  4038.201 9.894E-01
  4038.344 9.907E-01
  4038.487 9.925E-01
  4038.630 9.945E-01
  4038.773 9.960E-01
  4038.916 9.968E-01
  4039.059 9.970E-01
  4039.202 9.971E-01
  4039.345 9.971E-01
  4039.488 9.970E-01
  4039.631 9.970E-01
  4039.774 9.971E-01
  4039.917 9.972E-01
  4040.060 9.974E-01
  4040.203 9.976E-01
  4040.346 9.977E-01
  4040.489 9.979E-01
  4040.632 9.979E-01
  4040.775 9.978E-01
  4040.918 9.975E-01
  4041.061 9.969E-01
  4041.204 9.963E-01
  4041.347 9.959E-01
  4041.490 9.956E-01
  4041.633 9.956E-01
  4041.776 9.958E-01
  4041.919 9.961E-01
  4042.062 9.967E-01
  4042.205 9.973E-01
  4042.348 9.977E-01
  4042.491 9.980E-01
  4042.634 9.981E-01
  4042.777 9.980E-01
  4042.920 9.979E-01
  4043.063 9.974E-01
  4043.206 9.962E-01
  4043.349 9.943E-01
  4043.492 9.918E-01
  4043.635 9.895E-01
  4043.778 9.879E-01
  4043.921 9.870E-01
  4044.064 9.869E-01
  4044.207 9.877E-01
  4044.350 9.894E-01
  4044.493 9.916E-01
  4044.636 9.940E-01
  4044.779 9.958E-01
  4044.922 9.967E-01
  4045.065 9.971E-01
  4045.208 9.973E-01
  4045.351 9.974E-01
  4045.494 9.974E-01
  4045.637 9.974E-01
  4045.780 9.974E-01
  4045.923 9.974E-01
  4046.066 9.973E-01
  4046.209 9.971E-01
  4046.352 9.967E-01
  4046.495 9.963E-01
  4046.638 9.960E-01
  4046.781 9.958E-01
  4046.924 9.958E-01
  4047.067 9.960E-01
  4047.210 9.964E-01
  4047.353 9.969E-01
  4047.496 9.974E-01
  4047.639 9.977E-01
  4047.782 9.977E-01
  4047.925 9.970E-01
  4048.068 9.951E-01
  4048.211 9.916E-01
  4048.354 9.870E-01
  4048.497 9.824E-01
  4048.640 9.786E-01
  4048.783 9.764E-01
  4048.926 9.759E-01
  4049.069 9.773E-01
  4049.212 9.803E-01
  4049.355 9.847E-01
  4049.498 9.894E-01
  4049.641 9.933E-01
  4049.784 9.957E-01
  4049.927 9.969E-01
  4050.070 9.974E-01
  4050.213 9.973E-01
  4050.356 9.970E-01
  4050.499 9.963E-01
  4050.642 9.953E-01
  4050.785 9.942E-01
  4050.928 9.931E-01
  4051.071 9.919E-01
  4051.214 9.903E-01
  4051.357 9.881E-01
  4051.500 9.861E-01
  4051.643 9.848E-01
  4051.786 9.844E-01
  4051.929 9.846E-01
  4052.072 9.855E-01
  4052.215 9.869E-01
  4052.358 9.891E-01
  4052.501 9.918E-01
  4052.644 9.941E-01
  4052.787 9.953E-01
  4052.930 9.952E-01
  4053.073 9.940E-01
  4053.216 9.921E-01
  4053.359 9.896E-01
  4053.502 9.872E-01
  4053.645 9.852E-01
  4053.788 9.842E-01
  4053.931 9.842E-01
  4054.074 9.852E-01
  4054.217 9.871E-01
  4054.360 9.895E-01
  4054.503 9.920E-01
  4054.646 9.942E-01
  4054.789 9.958E-01
  4054.932 9.967E-01
  4055.075 9.972E-01
  4055.218 9.973E-01
  4055.361 9.974E-01
  4055.504 9.973E-01
  4055.647 9.971E-01
  4055.790 9.968E-01
  4055.933 9.965E-01
  4056.076 9.962E-01
  4056.219 9.958E-01
  4056.362 9.954E-01
  4056.505 9.947E-01
  4056.648 9.936E-01
  4056.791 9.919E-01
  4056.934 9.896E-01
  4057.077 9.872E-01
  4057.220 9.854E-01
  4057.363 9.846E-01
  4057.506 9.847E-01
  4057.649 9.858E-01
  4057.792 9.876E-01
  4057.935 9.900E-01
  4058.078 9.926E-01
  4058.221 9.948E-01
  4058.364 9.961E-01
  4058.507 9.967E-01
  4058.650 9.969E-01
  4058.793 9.969E-01
  4058.936 9.969E-01
  4059.079 9.968E-01
  4059.222 9.967E-01
  4059.365 9.966E-01
  4059.508 9.966E-01
  4059.651 9.966E-01
  4059.794 9.966E-01
  4059.937 9.967E-01
  4060.080 9.967E-01
  4060.223 9.966E-01
  4060.366 9.966E-01
  4060.509 9.965E-01
  4060.652 9.964E-01
  4060.795 9.962E-01
  4060.938 9.958E-01
  4061.081 9.949E-01
  4061.224 9.934E-01
  4061.367 9.917E-01
  4061.510 9.902E-01
  4061.653 9.892E-01
  4061.796 9.887E-01
  4061.939 9.888E-01
  4062.082 9.896E-01
  4062.225 9.908E-01
  4062.368 9.925E-01
  4062.511 9.939E-01
  4062.654 9.944E-01
  4062.797 9.934E-01
  4062.940 9.910E-01
  4063.083 9.877E-01
  4063.226 9.847E-01
  4063.369 9.825E-01
  4063.512 9.815E-01
  4063.655 9.815E-01
  4063.798 9.826E-01
  4063.941 9.848E-01
  4064.084 9.877E-01
  4064.227 9.907E-01
  4064.370 9.926E-01
  4064.513 9.932E-01
  4064.656 9.930E-01
  4064.799 9.927E-01
  4064.942 9.926E-01
  4065.085 9.927E-01
  4065.228 9.930E-01
  4065.371 9.935E-01
  4065.514 9.942E-01
  4065.657 9.949E-01
  4065.800 9.955E-01
  4065.943 9.955E-01
  4066.086 9.943E-01
  4066.229 9.910E-01
  4066.372 9.847E-01
  4066.515 9.761E-01
  4066.658 9.677E-01
  4066.801 9.615E-01
  4066.944 9.581E-01
  4067.087 9.578E-01
  4067.230 9.606E-01
  4067.373 9.661E-01
  4067.516 9.739E-01
  4067.659 9.823E-01
  4067.802 9.890E-01
  4067.945 9.927E-01
  4068.088 9.942E-01
  4068.231 9.946E-01
  4068.374 9.948E-01
  4068.517 9.949E-01
  4068.660 9.950E-01
  4068.803 9.950E-01
  4068.946 9.949E-01
  4069.089 9.944E-01
  4069.232 9.936E-01
  4069.375 9.924E-01
  4069.518 9.912E-01
  4069.661 9.902E-01
  4069.804 9.895E-01
  4069.947 9.889E-01
  4070.090 9.882E-01
  4070.233 9.874E-01
  4070.376 9.865E-01
  4070.519 9.859E-01
  4070.662 9.854E-01
  4070.805 9.848E-01
  4070.948 9.839E-01
  4071.091 9.825E-01
  4071.234 9.811E-01
  4071.377 9.804E-01
  4071.520 9.804E-01
  4071.663 9.807E-01
  4071.806 9.810E-01
  4071.949 9.816E-01
  4072.092 9.826E-01
  4072.235 9.842E-01
  4072.378 9.861E-01
  4072.521 9.876E-01
  4072.664 9.886E-01
  4072.807 9.893E-01
  4072.950 9.899E-01
  4073.093 9.906E-01
  4073.236 9.912E-01
  4073.379 9.916E-01
  4073.522 9.916E-01
  4073.665 9.914E-01
  4073.808 9.913E-01
  4073.951 9.911E-01
  4074.094 9.912E-01
  4074.237 9.912E-01
  4074.380 9.913E-01
  4074.523 9.909E-01
  4074.666 9.896E-01
  4074.809 9.869E-01
  4074.952 9.834E-01
  4075.095 9.798E-01
  4075.238 9.770E-01
  4075.381 9.751E-01
  4075.524 9.744E-01
  4075.667 9.748E-01
  4075.810 9.764E-01
  4075.953 9.785E-01
  4076.096 9.801E-01
  4076.239 9.803E-01
  4076.382 9.793E-01
  4076.525 9.779E-01
  4076.668 9.767E-01
  4076.811 9.757E-01
  4076.954 9.745E-01
  4077.097 9.734E-01
  4077.240 9.729E-01
  4077.383 9.735E-01
  4077.526 9.747E-01
  4077.669 9.760E-01
  4077.812 9.774E-01
  4077.955 9.794E-01
  4078.098 9.820E-01
  4078.241 9.849E-01
  4078.384 9.874E-01
  4078.527 9.889E-01
  4078.670 9.895E-01
  4078.813 9.895E-01
  4078.956 9.894E-01
  4079.099 9.893E-01
  4079.242 9.891E-01
  4079.385 9.889E-01
  4079.528 9.887E-01
  4079.671 9.885E-01
  4079.814 9.883E-01
  4079.957 9.881E-01
  4080.100 9.880E-01
  4080.243 9.878E-01
  4080.386 9.877E-01
  4080.529 9.875E-01
  4080.672 9.873E-01
  4080.815 9.870E-01
  4080.958 9.868E-01
  4081.101 9.865E-01
  4081.244 9.861E-01
  4081.387 9.855E-01
  4081.530 9.845E-01
  4081.673 9.830E-01
  4081.816 9.811E-01
  4081.959 9.794E-01
  4082.102 9.780E-01
  4082.245 9.772E-01
  4082.388 9.770E-01
  4082.531 9.773E-01
  4082.674 9.781E-01
  4082.817 9.794E-01
  4082.960 9.807E-01
  4083.103 9.815E-01
  4083.246 9.819E-01
  4083.389 9.818E-01
  4083.532 9.816E-01
  4083.675 9.814E-01
  4083.818 9.811E-01
  4083.961 9.807E-01
  4084.104 9.804E-01
  4084.247 9.799E-01
  4084.390 9.795E-01
  4084.533 9.789E-01
  4084.676 9.783E-01
  4084.819 9.777E-01
  4084.962 9.771E-01
  4085.105 9.764E-01
  4085.248 9.757E-01
  4085.391 9.749E-01
  4085.534 9.738E-01
  4085.677 9.727E-01
  4085.820 9.717E-01
  4085.963 9.710E-01
  4086.106 9.705E-01
  4086.249 9.702E-01
  4086.392 9.700E-01
  4086.535 9.698E-01
  4086.678 9.694E-01
  4086.821 9.688E-01
  4086.964 9.679E-01
  4087.107 9.669E-01
  4087.250 9.660E-01
  4087.393 9.652E-01
  4087.536 9.648E-01
  4087.679 9.646E-01
  4087.822 9.646E-01
  4087.965 9.645E-01
  4088.108 9.640E-01
  4088.251 9.633E-01
  4088.394 9.622E-01
  4088.537 9.611E-01
  4088.680 9.600E-01
  4088.823 9.590E-01
  4088.966 9.582E-01
  4089.109 9.574E-01
  4089.252 9.567E-01
  4089.395 9.561E-01
  4089.538 9.554E-01
  4089.681 9.545E-01
  4089.824 9.534E-01
  4089.967 9.522E-01
  4090.110 9.509E-01
  4090.253 9.495E-01
  4090.396 9.481E-01
  4090.539 9.467E-01
  4090.682 9.452E-01
  4090.825 9.437E-01
  4090.968 9.421E-01
  4091.111 9.404E-01
  4091.254 9.387E-01
  4091.397 9.369E-01
  4091.540 9.351E-01
  4091.683 9.331E-01
  4091.826 9.311E-01
  4091.969 9.290E-01
  4092.112 9.268E-01
  4092.255 9.245E-01
  4092.398 9.219E-01
  4092.541 9.192E-01
  4092.684 9.162E-01
  4092.827 9.131E-01
  4092.970 9.100E-01
  4093.113 9.070E-01
  4093.256 9.039E-01
  4093.399 9.009E-01
  4093.542 8.980E-01
  4093.685 8.950E-01
  4093.828 8.919E-01
  4093.971 8.886E-01
  4094.114 8.849E-01
  4094.257 8.810E-01
  4094.400 8.769E-01
  4094.543 8.726E-01
  4094.686 8.681E-01
  4094.829 8.634E-01
  4094.972 8.585E-01
  4095.115 8.534E-01
  4095.258 8.481E-01
  4095.401 8.425E-01
  4095.544 8.366E-01
  4095.687 8.305E-01
  4095.830 8.242E-01
  4095.973 8.176E-01
  4096.116 8.106E-01
  4096.259 8.034E-01
  4096.402 7.959E-01
  4096.545 7.880E-01
  4096.688 7.796E-01
  4096.831 7.709E-01
  4096.974 7.618E-01
  4097.117 7.523E-01
  4097.260 7.425E-01
  4097.403 7.324E-01
  4097.546 7.219E-01
  4097.689 7.111E-01
  4097.832 6.997E-01
  4097.975 6.880E-01
  4098.118 6.760E-01
  4098.261 6.636E-01
  4098.404 6.509E-01
  4098.547 6.378E-01
  4098.690 6.243E-01
  4098.833 6.105E-01
  4098.976 5.964E-01
  4099.119 5.818E-01
  4099.262 5.666E-01
  4099.405 5.509E-01
  4099.548 5.349E-01
  4099.691 5.184E-01
  4099.834 5.017E-01
  4099.977 4.847E-01
  4100.120 4.674E-01
  4100.263 4.499E-01
  4100.406 4.321E-01
  4100.549 4.137E-01
  4100.692 3.943E-01
  4100.835 3.731E-01
  4100.978 3.501E-01
  4101.121 3.260E-01
  4101.264 3.028E-01
  4101.407 2.830E-01
  4101.550 2.691E-01
  4101.693 2.626E-01
  4101.836 2.644E-01
  4101.979 2.742E-01
  4102.122 2.909E-01
  4102.265 3.126E-01
  4102.408 3.365E-01
  4102.551 3.603E-01
  4102.694 3.826E-01
  4102.837 4.030E-01
  4102.980 4.220E-01
  4103.123 4.401E-01
  4103.266 4.578E-01
  4103.409 4.752E-01
  4103.552 4.924E-01
  4103.695 5.093E-01
  4103.838 5.259E-01
  4103.981 5.422E-01
  4104.124 5.581E-01
  4104.267 5.736E-01
  4104.410 5.888E-01
  4104.553 6.035E-01
  4104.696 6.179E-01
  4104.839 6.318E-01
  4104.982 6.454E-01
  4105.125 6.586E-01
  4105.268 6.714E-01
  4105.411 6.837E-01
  4105.554 6.957E-01
  4105.697 7.072E-01
  4105.840 7.182E-01
  4105.983 7.288E-01
  4106.126 7.391E-01
  4106.269 7.489E-01
  4106.412 7.583E-01
  4106.555 7.673E-01
  4106.698 7.760E-01
  4106.841 7.843E-01
  4106.984 7.923E-01
  4107.127 7.999E-01
  4107.270 8.072E-01
  4107.413 8.143E-01
  4107.556 8.210E-01
  4107.699 8.275E-01
  4107.842 8.338E-01
  4107.985 8.398E-01
  4108.128 8.455E-01
  4108.271 8.511E-01
  4108.414 8.563E-01
  4108.557 8.613E-01
  4108.700 8.662E-01
  4108.843 8.708E-01
  4108.986 8.752E-01
  4109.129 8.794E-01
  4109.272 8.834E-01
  4109.415 8.872E-01
  4109.558 8.909E-01
  4109.701 8.944E-01
  4109.844 8.977E-01
  4109.987 9.005E-01
  4110.130 9.022E-01
  4110.273 9.024E-01
  4110.416 9.010E-01
  4110.559 8.992E-01
  4110.702 8.982E-01
  4110.845 8.984E-01
  4110.988 8.999E-01
  4111.131 9.025E-01
  4111.274 9.061E-01
  4111.417 9.108E-01
  4111.560 9.163E-01
  4111.703 9.217E-01
  4111.846 9.258E-01
  4111.989 9.287E-01
  4112.132 9.311E-01
  4112.275 9.336E-01
  4112.418 9.361E-01
  4112.561 9.384E-01
  4112.704 9.403E-01
  4112.847 9.418E-01
  4112.990 9.433E-01
  4113.133 9.450E-01
  4113.276 9.468E-01
  4113.419 9.487E-01
  4113.562 9.507E-01
  4113.705 9.527E-01
  4113.848 9.547E-01
  4113.991 9.563E-01
  4114.134 9.577E-01
  4114.277 9.588E-01
  4114.420 9.599E-01
  4114.563 9.609E-01
  4114.706 9.619E-01
  4114.849 9.628E-01
  4114.992 9.638E-01
  4115.135 9.647E-01
  4115.278 9.656E-01
  4115.421 9.664E-01
  4115.564 9.672E-01
  4115.707 9.680E-01
  4115.850 9.687E-01
  4115.993 9.694E-01
  4116.136 9.700E-01
  4116.279 9.706E-01
  4116.422 9.711E-01
  4116.565 9.717E-01
  4116.708 9.722E-01
  4116.851 9.728E-01
  4116.994 9.734E-01
  4117.137 9.739E-01
  4117.280 9.745E-01
  4117.423 9.749E-01
  4117.566 9.753E-01
  4117.709 9.756E-01
  4117.852 9.756E-01
  4117.995 9.756E-01
  4118.138 9.756E-01
  4118.281 9.757E-01
  4118.424 9.759E-01
  4118.567 9.761E-01
  4118.710 9.760E-01
  4118.853 9.754E-01
  4118.996 9.745E-01
  4119.139 9.738E-01
  4119.282 9.734E-01
  4119.425 9.732E-01
  4119.568 9.734E-01
  4119.711 9.737E-01
  4119.854 9.739E-01
  4119.997 9.730E-01
  4120.140 9.702E-01
  4120.283 9.653E-01
  4120.426 9.594E-01
  4120.569 9.541E-01
  4120.712 9.505E-01
  4120.855 9.495E-01
  4120.998 9.510E-01
  4121.141 9.550E-01
  4121.284 9.612E-01
  4121.427 9.684E-01
  4121.570 9.749E-01
  4121.713 9.789E-01
  4121.856 9.793E-01
  4121.999 9.759E-01
  4122.142 9.701E-01
  4122.285 9.643E-01
  4122.428 9.600E-01
  4122.571 9.579E-01
  4122.714 9.580E-01
  4122.857 9.604E-01
  4123.000 9.650E-01
  4123.143 9.713E-01
  4123.286 9.782E-01
  4123.429 9.837E-01
  4123.572 9.869E-01
  4123.715 9.883E-01
  4123.858 9.886E-01
  4124.001 9.881E-01
  4124.144 9.871E-01
  4124.287 9.857E-01
  4124.430 9.844E-01
  4124.573 9.835E-01
  4124.716 9.832E-01
  4124.859 9.833E-01
  4125.002 9.840E-01
  4125.145 9.852E-01
  4125.288 9.867E-01
  4125.431 9.884E-01
  4125.574 9.895E-01
  4125.717 9.902E-01
  4125.860 9.904E-01
  4126.003 9.905E-01
  4126.146 9.905E-01
  4126.289 9.904E-01
  4126.432 9.902E-01
  4126.575 9.900E-01
  4126.718 9.897E-01
  4126.861 9.891E-01
  4127.004 9.873E-01
  4127.147 9.824E-01
  4127.290 9.715E-01
  4127.433 9.535E-01
  4127.576 9.316E-01
  4127.719 9.117E-01
  4127.862 8.969E-01
  4128.005 8.883E-01
  4128.148 8.858E-01
  4128.291 8.901E-01
  4128.434 9.019E-01
  4128.577 9.200E-01
  4128.720 9.402E-01
  4128.863 9.569E-01
  4129.006 9.678E-01
  4129.149 9.750E-01
  4129.292 9.806E-01
  4129.435 9.855E-01
  4129.578 9.889E-01
  4129.721 9.902E-01
  4129.864 9.888E-01
  4130.007 9.826E-01
  4130.150 9.690E-01
  4130.293 9.475E-01
  4130.436 9.229E-01
  4130.579 9.015E-01
  4130.722 8.871E-01
  4130.865 8.811E-01
  4131.008 8.836E-01
  4131.151 8.946E-01
  4131.294 9.132E-01
  4131.437 9.366E-01
  4131.580 9.593E-01
  4131.723 9.753E-01
  4131.866 9.834E-01
  4132.009 9.861E-01
  4132.152 9.866E-01
  4132.295 9.866E-01
  4132.438 9.867E-01
  4132.581 9.872E-01
  4132.724 9.881E-01
  4132.867 9.893E-01
  4133.010 9.907E-01
  4133.153 9.919E-01
  4133.296 9.929E-01
  4133.439 9.936E-01
  4133.582 9.942E-01
  4133.725 9.947E-01
  4133.868 9.949E-01
  4134.011 9.950E-01
  4134.154 9.949E-01
  4134.297 9.948E-01
  4134.440 9.948E-01
  4134.583 9.949E-01
  4134.726 9.950E-01
  4134.869 9.951E-01
  4135.012 9.953E-01
  4135.155 9.953E-01
  4135.298 9.954E-01
  4135.441 9.955E-01
  4135.584 9.955E-01
  4135.727 9.955E-01
  4135.870 9.955E-01
  4136.013 9.955E-01
  4136.156 9.954E-01
  4136.299 9.952E-01
  4136.442 9.949E-01
  4136.585 9.946E-01
  4136.728 9.943E-01
  4136.871 9.942E-01
  4137.014 9.943E-01
  4137.157 9.944E-01
  4137.300 9.945E-01
  4137.443 9.945E-01
  4137.586 9.940E-01
  4137.729 9.931E-01
  4137.872 9.919E-01
  4138.015 9.909E-01
  4138.158 9.903E-01
  4138.301 9.902E-01
  4138.444 9.906E-01
  4138.587 9.914E-01
  4138.730 9.926E-01
  4138.873 9.939E-01
  4139.016 9.949E-01
  4139.159 9.953E-01
  4139.302 9.954E-01
  4139.445 9.952E-01
  4139.588 9.950E-01
  4139.731 9.950E-01
  4139.874 9.950E-01
  4140.017 9.952E-01
  4140.160 9.955E-01
  4140.303 9.960E-01
  4140.446 9.964E-01
  4140.589 9.967E-01
  4140.732 9.969E-01
  4140.875 9.970E-01
  4141.018 9.971E-01
  4141.161 9.972E-01
  4141.304 9.971E-01
  4141.447 9.969E-01
  4141.590 9.963E-01
  4141.733 9.955E-01
  4141.876 9.946E-01
  4142.019 9.940E-01
  4142.162 9.936E-01
  4142.305 9.934E-01
  4142.448 9.934E-01
  4142.591 9.934E-01
  4142.734 9.928E-01
  4142.877 9.907E-01
  4143.020 9.859E-01
  4143.163 9.784E-01
  4143.306 9.696E-01
  4143.449 9.618E-01
  4143.592 9.566E-01
  4143.735 9.545E-01
  4143.878 9.557E-01
  4144.021 9.600E-01
  4144.164 9.668E-01
  4144.307 9.749E-01
  4144.450 9.823E-01
  4144.593 9.874E-01
  4144.736 9.898E-01
  4144.879 9.903E-01
  4145.022 9.896E-01
  4145.165 9.883E-01
  4145.308 9.870E-01
  4145.451 9.863E-01
  4145.594 9.863E-01
  4145.737 9.868E-01
  4145.880 9.876E-01
  4146.023 9.885E-01
  4146.166 9.896E-01
  4146.309 9.908E-01
  4146.452 9.920E-01
  4146.595 9.928E-01
  4146.738 9.930E-01
  4146.881 9.930E-01
  4147.024 9.930E-01
  4147.167 9.933E-01
  4147.310 9.938E-01
  4147.453 9.946E-01
  4147.596 9.955E-01
  4147.739 9.963E-01
  4147.882 9.970E-01
  4148.025 9.975E-01
  4148.168 9.978E-01
  4148.311 9.978E-01
  4148.454 9.977E-01
  4148.597 9.975E-01
  4148.740 9.972E-01
  4148.883 9.970E-01
  4149.026 9.968E-01
  4149.169 9.967E-01
  4149.312 9.966E-01
  4149.455 9.964E-01
  4149.598 9.961E-01
  4149.741 9.957E-01
  4149.884 9.952E-01
  4150.027 9.945E-01
  4150.170 9.935E-01
  4150.313 9.922E-01
  4150.456 9.909E-01
  4150.599 9.898E-01
  4150.742 9.894E-01
  4150.885 9.895E-01
  4151.028 9.901E-01
  4151.171 9.911E-01
  4151.314 9.924E-01
  4151.457 9.940E-01
  4151.600 9.956E-01
  4151.743 9.969E-01
  4151.886 9.977E-01
  4152.029 9.980E-01
  4152.172 9.978E-01
  4152.315 9.971E-01
  4152.458 9.958E-01
  4152.601 9.942E-01
  4152.744 9.929E-01
  4152.887 9.920E-01
  4153.030 9.915E-01
  4153.173 9.915E-01
  4153.316 9.920E-01
  4153.459 9.930E-01
  4153.602 9.944E-01
  4153.745 9.957E-01
  4153.888 9.966E-01
  4154.031 9.970E-01
  4154.174 9.970E-01
  4154.317 9.970E-01
  4154.460 9.970E-01
  4154.603 9.971E-01
  4154.746 9.972E-01
  4154.889 9.974E-01
  4155.032 9.975E-01
  4155.175 9.977E-01
  4155.318 9.978E-01
  4155.461 9.978E-01
  4155.604 9.979E-01
  4155.747 9.978E-01
  4155.890 9.978E-01
  4156.033 9.978E-01
  4156.176 9.978E-01
  4156.319 9.979E-01
  4156.462 9.979E-01
  4156.605 9.980E-01
  4156.748 9.980E-01
  4156.891 9.980E-01
  4157.034 9.981E-01
  4157.177 9.981E-01
  4157.320 9.980E-01
  4157.463 9.980E-01
  4157.606 9.979E-01
  4157.749 9.978E-01
  4157.892 9.976E-01
  4158.035 9.974E-01
  4158.178 9.974E-01
  4158.321 9.973E-01
  4158.464 9.974E-01
  4158.607 9.975E-01
  4158.750 9.977E-01
  4158.893 9.979E-01
  4159.036 9.982E-01
  4159.179 9.984E-01
  4159.322 9.985E-01
  4159.465 9.986E-01
  4159.608 9.986E-01
  4159.751 9.984E-01
  4159.894 9.980E-01
  4160.037 9.974E-01
  4160.180 9.966E-01
  4160.323 9.959E-01
  4160.466 9.954E-01
  4160.609 9.951E-01
  4160.752 9.949E-01
  4160.895 9.949E-01
  4161.038 9.951E-01
  4161.181 9.955E-01
  4161.324 9.961E-01
  4161.467 9.966E-01
  4161.610 9.969E-01
  4161.753 9.970E-01
  4161.896 9.966E-01
  4162.039 9.955E-01
  4162.182 9.940E-01
  4162.325 9.926E-01
  4162.468 9.914E-01
  4162.611 9.905E-01
  4162.754 9.894E-01
  4162.897 9.877E-01
  4163.040 9.849E-01
  4163.183 9.817E-01
  4163.326 9.792E-01
  4163.469 9.776E-01
  4163.612 9.770E-01
  4163.755 9.774E-01
  4163.898 9.792E-01
  4164.041 9.823E-01
  4164.184 9.866E-01
  4164.327 9.910E-01
  4164.470 9.943E-01
  4164.613 9.960E-01
  4164.756 9.967E-01
  4164.899 9.969E-01
  4165.042 9.971E-01
  4165.185 9.973E-01
  4165.328 9.977E-01
  4165.471 9.981E-01
  4165.614 9.984E-01
  4165.757 9.987E-01
  4165.900 9.989E-01
  4166.043 9.990E-01
  4166.186 9.990E-01
  4166.329 9.989E-01
  4166.472 9.987E-01
  4166.615 9.983E-01
  4166.758 9.979E-01
  4166.901 9.974E-01
  4167.044 9.970E-01
  4167.187 9.968E-01
  4167.330 9.968E-01
  4167.473 9.969E-01
  4167.616 9.970E-01
  4167.759 9.970E-01
  4167.902 9.969E-01
  4168.045 9.965E-01
  4168.188 9.955E-01
  4168.331 9.938E-01
  4168.474 9.919E-01
  4168.617 9.902E-01
  4168.760 9.891E-01
  4168.903 9.889E-01
  4169.046 9.893E-01
  4169.189 9.903E-01
  4169.332 9.918E-01
  4169.475 9.936E-01
  4169.618 9.954E-01
  4169.761 9.968E-01
  4169.904 9.975E-01
  4170.047 9.975E-01
  4170.190 9.972E-01
  4170.333 9.969E-01
  4170.476 9.967E-01
  4170.619 9.966E-01
  4170.762 9.965E-01
  4170.905 9.963E-01
  4171.048 9.953E-01
  4171.191 9.930E-01
  4171.334 9.891E-01
  4171.477 9.845E-01
  4171.620 9.802E-01
  4171.763 9.768E-01
  4171.906 9.743E-01
  4172.049 9.730E-01
  4172.192 9.733E-01
  4172.335 9.753E-01
  4172.478 9.778E-01
  4172.621 9.781E-01
  4172.764 9.733E-01
  4172.907 9.633E-01
  4173.050 9.523E-01
  4173.193 9.436E-01
  4173.336 9.384E-01
  4173.479 9.367E-01
  4173.622 9.385E-01
  4173.765 9.444E-01
  4173.908 9.543E-01
  4174.051 9.668E-01
  4174.194 9.788E-01
  4174.337 9.868E-01
  4174.480 9.911E-01
  4174.623 9.935E-01
  4174.766 9.952E-01
  4174.909 9.966E-01
  4175.052 9.978E-01
  4175.195 9.984E-01
  4175.338 9.986E-01
  4175.481 9.986E-01
  4175.624 9.986E-01
  4175.767 9.985E-01
  4175.910 9.985E-01
  4176.053 9.984E-01
  4176.196 9.984E-01
  4176.339 9.984E-01
  4176.482 9.983E-01
  4176.625 9.980E-01
  4176.768 9.966E-01
  4176.911 9.932E-01
  4177.054 9.872E-01
  4177.197 9.794E-01
  4177.340 9.721E-01
  4177.483 9.667E-01
  4177.626 9.634E-01
  4177.769 9.621E-01
  4177.912 9.619E-01
  4178.055 9.613E-01
  4178.198 9.584E-01
  4178.341 9.524E-01
  4178.484 9.449E-01
  4178.627 9.373E-01
  4178.770 9.313E-01
  4178.913 9.282E-01
  4179.056 9.297E-01
  4179.199 9.361E-01
  4179.342 9.471E-01
  4179.485 9.609E-01
  4179.628 9.742E-01
  4179.771 9.838E-01
  4179.914 9.897E-01
  4180.057 9.936E-01
  4180.200 9.961E-01
  4180.343 9.973E-01
  4180.486 9.975E-01
  4180.629 9.973E-01
  4180.772 9.970E-01
  4180.915 9.967E-01
  4181.058 9.965E-01
  4181.201 9.962E-01
  4181.344 9.961E-01
  4181.487 9.962E-01
  4181.630 9.964E-01
  4181.773 9.965E-01
  4181.916 9.966E-01
  4182.059 9.966E-01
  4182.202 9.966E-01
  4182.345 9.966E-01
  4182.488 9.965E-01
  4182.631 9.962E-01
  4182.774 9.957E-01
  4182.917 9.951E-01
  4183.060 9.948E-01
  4183.203 9.947E-01
  4183.346 9.948E-01
  4183.489 9.949E-01
  4183.632 9.949E-01
  4183.775 9.950E-01
  4183.918 9.952E-01
  4184.061 9.953E-01
  4184.204 9.954E-01
  4184.347 9.954E-01
  4184.490 9.954E-01
  4184.633 9.957E-01
  4184.776 9.962E-01
  4184.919 9.968E-01
  4185.062 9.975E-01
  4185.205 9.980E-01
  4185.348 9.984E-01
  4185.491 9.987E-01
  4185.634 9.988E-01
  4185.777 9.989E-01
  4185.920 9.988E-01
  4186.063 9.986E-01
  4186.206 9.982E-01
  4186.349 9.975E-01
  4186.492 9.966E-01
  4186.635 9.955E-01
  4186.778 9.944E-01
  4186.921 9.932E-01
  4187.064 9.916E-01
  4187.207 9.894E-01
  4187.350 9.873E-01
  4187.493 9.858E-01
  4187.636 9.854E-01
  4187.779 9.859E-01
  4187.922 9.869E-01
  4188.065 9.884E-01
  4188.208 9.905E-01
  4188.351 9.929E-01
  4188.494 9.953E-01
  4188.637 9.970E-01
  4188.780 9.977E-01
  4188.923 9.976E-01
  4189.066 9.971E-01
  4189.209 9.966E-01
  4189.352 9.961E-01
  4189.495 9.958E-01
  4189.638 9.956E-01
  4189.781 9.954E-01
  4189.924 9.951E-01
  4190.067 9.945E-01
  4190.210 9.939E-01
  4190.353 9.934E-01
  4190.496 9.930E-01
  4190.639 9.928E-01
  4190.782 9.929E-01
  4190.925 9.932E-01
  4191.068 9.938E-01
  4191.211 9.946E-01
  4191.354 9.953E-01
  4191.497 9.957E-01
  4191.640 9.958E-01
  4191.783 9.957E-01
  4191.926 9.957E-01
  4192.069 9.959E-01
  4192.212 9.963E-01
  4192.355 9.967E-01
  4192.498 9.973E-01
  4192.641 9.978E-01
  4192.784 9.980E-01
  4192.927 9.979E-01
  4193.070 9.976E-01
  4193.213 9.972E-01
  4193.356 9.969E-01
  4193.499 9.968E-01
  4193.642 9.970E-01
  4193.785 9.973E-01
  4193.928 9.978E-01
  4194.071 9.983E-01
  4194.214 9.989E-01
  4194.357 9.992E-01
  4194.500 9.993E-01
  4194.643 9.992E-01
  4194.786 9.989E-01
  4194.929 9.985E-01
  4195.072 9.982E-01
  4195.215 9.979E-01
  4195.358 9.978E-01
  4195.501 9.977E-01
  4195.644 9.978E-01
  4195.787 9.980E-01
  4195.930 9.983E-01
  4196.073 9.986E-01
  4196.216 9.989E-01
  4196.359 9.990E-01
  4196.502 9.991E-01
  4196.645 9.992E-01
  4196.788 9.993E-01
  4196.931 9.993E-01
  4197.074 9.993E-01
  4197.217 9.992E-01
  4197.360 9.988E-01
  4197.503 9.981E-01
  4197.646 9.970E-01
  4197.789 9.960E-01
  4197.932 9.950E-01
  4198.075 9.943E-01
  4198.218 9.938E-01
  4198.361 9.933E-01
  4198.504 9.928E-01
  4198.647 9.924E-01
  4198.790 9.920E-01
  4198.933 9.915E-01
  4199.076 9.910E-01
  4199.219 9.908E-01
  4199.362 9.909E-01
  4199.505 9.915E-01
  4199.648 9.922E-01
  4199.791 9.928E-01
  4199.934 9.926E-01
  4200.077 9.916E-01
  4200.220 9.900E-01
  4200.363 9.880E-01
  4200.506 9.862E-01
  4200.649 9.852E-01
  4200.792 9.851E-01
  4200.935 9.861E-01
  4201.078 9.879E-01
  4201.221 9.901E-01
  4201.364 9.922E-01
  4201.507 9.937E-01
  4201.650 9.944E-01
  4201.793 9.941E-01
  4201.936 9.933E-01
  4202.079 9.923E-01
  4202.222 9.915E-01
  4202.365 9.912E-01
  4202.508 9.914E-01
  4202.651 9.922E-01
  4202.794 9.931E-01
  4202.937 9.942E-01
  4203.080 9.953E-01
  4203.223 9.962E-01
  4203.366 9.969E-01
  4203.509 9.973E-01
  4203.652 9.976E-01
  4203.795 9.976E-01
  4203.938 9.976E-01
  4204.081 9.976E-01
  4204.224 9.974E-01
  4204.367 9.968E-01
  4204.510 9.957E-01
  4204.653 9.943E-01
  4204.796 9.927E-01
  4204.939 9.910E-01
  4205.082 9.896E-01
  4205.225 9.889E-01
  4205.368 9.888E-01
  4205.511 9.894E-01
  4205.654 9.905E-01
  4205.797 9.919E-01
  4205.940 9.932E-01
  4206.083 9.946E-01
  4206.226 9.957E-01
  4206.369 9.964E-01
  4206.512 9.967E-01
  4206.655 9.966E-01
  4206.798 9.963E-01
  4206.941 9.961E-01
  4207.084 9.960E-01
  4207.227 9.959E-01
  4207.370 9.958E-01
  4207.513 9.958E-01
  4207.656 9.960E-01
  4207.799 9.965E-01
  4207.942 9.971E-01
  4208.085 9.976E-01
  4208.228 9.980E-01
  4208.371 9.982E-01
  4208.514 9.983E-01
  4208.657 9.984E-01
  4208.800 9.985E-01
  4208.943 9.984E-01
  4209.086 9.981E-01
  4209.229 9.976E-01
  4209.372 9.970E-01
  4209.515 9.966E-01
  4209.658 9.962E-01
  4209.801 9.959E-01
  4209.944 9.958E-01
  4210.087 9.959E-01
  4210.230 9.963E-01
  4210.373 9.970E-01
  4210.516 9.976E-01
  4210.659 9.982E-01
  4210.802 9.986E-01
  4210.945 9.989E-01
  4211.088 9.991E-01
  4211.231 9.991E-01
  4211.374 9.989E-01
  4211.517 9.988E-01
  4211.660 9.987E-01
  4211.803 9.986E-01
  4211.946 9.987E-01
  4212.089 9.987E-01
  4212.232 9.989E-01
  4212.375 9.991E-01
  4212.518 9.992E-01
  4212.661 9.992E-01
  4212.804 9.989E-01
  4212.947 9.985E-01
  4213.090 9.979E-01
  4213.233 9.975E-01
  4213.376 9.973E-01
  4213.519 9.972E-01
  4213.662 9.973E-01
  4213.805 9.976E-01
  4213.948 9.980E-01
  4214.091 9.985E-01
  4214.234 9.989E-01
  4214.377 9.992E-01
  4214.520 9.991E-01
  4214.663 9.988E-01
  4214.806 9.979E-01
  4214.949 9.963E-01
  4215.092 9.942E-01
  4215.235 9.921E-01
  4215.378 9.905E-01
  4215.521 9.894E-01
  4215.664 9.891E-01
  4215.807 9.896E-01
  4215.950 9.908E-01
  4216.093 9.925E-01
  4216.236 9.943E-01
  4216.379 9.955E-01
  4216.522 9.959E-01
  4216.665 9.957E-01
  4216.808 9.952E-01
  4216.951 9.948E-01
  4217.094 9.945E-01
  4217.237 9.946E-01
  4217.380 9.949E-01
  4217.523 9.956E-01
  4217.666 9.965E-01
  4217.809 9.974E-01
  4217.952 9.980E-01
  4218.095 9.984E-01
  4218.238 9.987E-01
  4218.381 9.989E-01
  4218.524 9.989E-01
  4218.667 9.988E-01
  4218.810 9.986E-01
  4218.953 9.984E-01
  4219.096 9.982E-01
  4219.239 9.981E-01
  4219.382 9.981E-01
  4219.525 9.981E-01
  4219.668 9.982E-01
  4219.811 9.984E-01
  4219.954 9.986E-01
  4220.097 9.989E-01
  4220.240 9.990E-01
  4220.383 9.991E-01
  4220.526 9.991E-01
  4220.669 9.990E-01
  4220.812 9.988E-01
  4220.955 9.986E-01
  4221.098 9.984E-01
  4221.241 9.981E-01
  4221.384 9.978E-01
  4221.527 9.974E-01
  4221.670 9.971E-01
  4221.813 9.969E-01
  4221.956 9.968E-01
  4222.099 9.969E-01
  4222.242 9.971E-01
  4222.385 9.972E-01
  4222.528 9.975E-01
  4222.671 9.977E-01
  4222.814 9.980E-01
  4222.957 9.983E-01
  4223.100 9.984E-01
  4223.243 9.984E-01
  4223.386 9.984E-01
  4223.529 9.984E-01
  4223.672 9.983E-01
  4223.815 9.981E-01
  4223.958 9.977E-01
  4224.101 9.972E-01
  4224.244 9.966E-01
  4224.387 9.959E-01
  4224.530 9.954E-01
  4224.673 9.950E-01
  4224.816 9.948E-01
  4224.959 9.949E-01
  4225.102 9.952E-01
  4225.245 9.957E-01
  4225.388 9.963E-01
  4225.531 9.970E-01
  4225.674 9.975E-01
  4225.817 9.979E-01
  4225.960 9.981E-01
  4226.103 9.982E-01
  4226.246 9.983E-01
  4226.389 9.982E-01
  4226.532 9.979E-01
  4226.675 9.973E-01
  4226.818 9.964E-01
  4226.961 9.955E-01
  4227.104 9.948E-01
  4227.247 9.943E-01
  4227.390 9.942E-01
  4227.533 9.945E-01
  4227.676 9.950E-01
  4227.819 9.959E-01
  4227.962 9.969E-01
  4228.105 9.980E-01
  4228.248 9.987E-01
  4228.391 9.991E-01
  4228.534 9.993E-01
  4228.677 9.992E-01
  4228.820 9.991E-01
  4228.963 9.989E-01
  4229.106 9.988E-01
  4229.249 9.986E-01
  4229.392 9.985E-01
  4229.535 9.984E-01
  4229.678 9.984E-01
  4229.821 9.984E-01
  4229.964 9.985E-01
  4230.107 9.984E-01
  4230.250 9.983E-01
  4230.393 9.980E-01
  4230.536 9.977E-01
  4230.679 9.974E-01
  4230.822 9.973E-01
  4230.965 9.973E-01
  4231.108 9.973E-01
  4231.251 9.974E-01
  4231.394 9.976E-01
  4231.537 9.977E-01
  4231.680 9.979E-01
  4231.823 9.979E-01
  4231.966 9.973E-01
  4232.109 9.951E-01
  4232.252 9.890E-01
  4232.395 9.763E-01
  4232.538 9.564E-01
  4232.681 9.339E-01
  4232.824 9.145E-01
  4232.967 9.014E-01
  4233.110 8.956E-01
  4233.253 8.974E-01
  4233.396 9.068E-01
  4233.539 9.232E-01
  4233.682 9.447E-01
  4233.825 9.668E-01
  4233.968 9.835E-01
  4234.111 9.928E-01
  4234.254 9.967E-01
  4234.397 9.979E-01
  4234.540 9.982E-01
  4234.683 9.982E-01
  4234.826 9.980E-01
  4234.969 9.978E-01
  4235.112 9.974E-01
  4235.255 9.969E-01
  4235.398 9.963E-01
  4235.541 9.958E-01
  4235.684 9.955E-01
  4235.827 9.953E-01
  4235.970 9.952E-01
  4236.113 9.954E-01
  4236.256 9.957E-01
  4236.399 9.961E-01
  4236.542 9.966E-01
  4236.685 9.972E-01
  4236.828 9.976E-01
  4236.971 9.980E-01
  4237.114 9.983E-01
  4237.257 9.984E-01
  4237.400 9.984E-01
  4237.543 9.984E-01
  4237.686 9.983E-01
  4237.829 9.982E-01
  4237.972 9.979E-01
  4238.115 9.974E-01
  4238.258 9.967E-01
  4238.401 9.960E-01
  4238.544 9.955E-01
  4238.687 9.952E-01
  4238.830 9.951E-01
  4238.973 9.952E-01
  4239.116 9.956E-01
  4239.259 9.963E-01
  4239.402 9.971E-01
  4239.545 9.979E-01
  4239.688 9.983E-01
  4239.831 9.985E-01
  4239.974 9.985E-01
  4240.117 9.984E-01
  4240.260 9.984E-01
  4240.403 9.984E-01
  4240.546 9.985E-01
  4240.689 9.986E-01
  4240.832 9.987E-01
  4240.975 9.989E-01
  4241.118 9.990E-01
  4241.261 9.987E-01
  4241.404 9.975E-01
  4241.547 9.945E-01
  4241.690 9.892E-01
  4241.833 9.827E-01
  4241.976 9.765E-01
  4242.119 9.719E-01
  4242.262 9.694E-01
  4242.405 9.689E-01
  4242.548 9.707E-01
  4242.691 9.747E-01
  4242.834 9.805E-01
  4242.977 9.871E-01
  4243.120 9.928E-01
  4243.263 9.964E-01
  4243.406 9.982E-01
  4243.549 9.987E-01
  4243.692 9.988E-01
  4243.835 9.985E-01
  4243.978 9.980E-01
  4244.121 9.972E-01
  4244.264 9.962E-01
  4244.407 9.952E-01
  4244.550 9.946E-01
  4244.693 9.942E-01
  4244.836 9.943E-01
  4244.979 9.946E-01
  4245.122 9.952E-01
  4245.265 9.961E-01
  4245.408 9.970E-01
  4245.551 9.977E-01
  4245.694 9.979E-01
  4245.837 9.974E-01
  4245.980 9.961E-01
  4246.123 9.939E-01
  4246.266 9.912E-01
  4246.409 9.887E-01
  4246.552 9.870E-01
  4246.695 9.861E-01
  4246.838 9.860E-01
  4246.981 9.869E-01
  4247.124 9.886E-01
  4247.267 9.909E-01
  4247.410 9.937E-01
  4247.553 9.961E-01
  4247.696 9.976E-01
  4247.839 9.984E-01
  4247.982 9.988E-01
  4248.125 9.990E-01
  4248.268 9.991E-01
  4248.411 9.991E-01
  4248.554 9.991E-01
  4248.697 9.990E-01
  4248.840 9.990E-01
  4248.983 9.989E-01
  4249.126 9.988E-01
  4249.269 9.987E-01
  4249.412 9.983E-01
  4249.555 9.977E-01
  4249.698 9.968E-01
  4249.841 9.954E-01
  4249.984 9.939E-01
  4250.127 9.924E-01
  4250.270 9.913E-01
  4250.413 9.907E-01
  4250.556 9.907E-01
  4250.699 9.912E-01
  4250.842 9.922E-01
  4250.985 9.933E-01
  4251.128 9.944E-01
  4251.271 9.953E-01
  4251.414 9.958E-01
  4251.557 9.961E-01
  4251.700 9.959E-01
  4251.843 9.953E-01
  4251.986 9.942E-01
  4252.129 9.927E-01
  4252.272 9.912E-01
  4252.415 9.900E-01
  4252.558 9.891E-01
  4252.701 9.887E-01
  4252.844 9.889E-01
  4252.987 9.898E-01
  4253.130 9.913E-01
  4253.273 9.933E-01
  4253.416 9.952E-01
  4253.559 9.964E-01
  4253.702 9.965E-01
  4253.845 9.956E-01
  4253.988 9.941E-01
  4254.131 9.926E-01
  4254.274 9.915E-01
  4254.417 9.909E-01
  4254.560 9.909E-01
  4254.703 9.915E-01
  4254.846 9.926E-01
  4254.989 9.943E-01
  4255.132 9.961E-01
  4255.275 9.976E-01
  4255.418 9.983E-01
  4255.561 9.983E-01
  4255.704 9.980E-01
  4255.847 9.978E-01
  4255.990 9.975E-01
  4256.133 9.975E-01
  4256.276 9.975E-01
  4256.419 9.976E-01
  4256.562 9.977E-01
  4256.705 9.978E-01
  4256.848 9.977E-01
  4256.991 9.974E-01
  4257.134 9.966E-01
  4257.277 9.947E-01
  4257.420 9.912E-01
  4257.563 9.860E-01
  4257.706 9.803E-01
  4257.849 9.756E-01
  4257.992 9.725E-01
  4258.135 9.711E-01
  4258.278 9.714E-01
  4258.421 9.732E-01
  4258.564 9.764E-01
  4258.707 9.808E-01
  4258.850 9.855E-01
  4258.993 9.892E-01
  4259.136 9.916E-01
  4259.279 9.929E-01
  4259.422 9.938E-01
  4259.565 9.945E-01
  4259.708 9.950E-01
  4259.851 9.949E-01
  4259.994 9.943E-01
  4260.137 9.935E-01
  4260.280 9.927E-01
  4260.423 9.923E-01
  4260.566 9.923E-01
  4260.709 9.927E-01
  4260.852 9.933E-01
  4260.995 9.934E-01
  4261.138 9.923E-01
  4261.281 9.893E-01
  4261.424 9.855E-01
  4261.567 9.821E-01
  4261.710 9.797E-01
  4261.853 9.788E-01
  4261.996 9.793E-01
  4262.139 9.812E-01
  4262.282 9.845E-01
  4262.425 9.888E-01
  4262.568 9.932E-01
  4262.711 9.964E-01
  4262.854 9.980E-01
  4262.997 9.984E-01
  4263.140 9.978E-01
  4263.283 9.967E-01
  4263.426 9.955E-01
  4263.569 9.945E-01
  4263.712 9.938E-01
  4263.855 9.935E-01
  4263.998 9.936E-01
  4264.141 9.942E-01
  4264.284 9.950E-01
  4264.427 9.962E-01
  4264.570 9.974E-01
  4264.713 9.983E-01
  4264.856 9.988E-01
  4264.999 9.989E-01
  4265.142 9.989E-01
  4265.285 9.988E-01
  4265.428 9.986E-01
  4265.571 9.984E-01
  4265.714 9.982E-01
  4265.857 9.981E-01
  4266.000 9.977E-01
  4266.143 9.969E-01
  4266.286 9.951E-01
  4266.429 9.923E-01
  4266.572 9.885E-01
  4266.715 9.844E-01
  4266.858 9.808E-01
  4267.001 9.783E-01
  4267.144 9.770E-01
  4267.287 9.770E-01
  4267.430 9.786E-01
  4267.573 9.816E-01
  4267.716 9.854E-01
  4267.859 9.893E-01
  4268.002 9.925E-01
  4268.145 9.946E-01
  4268.288 9.958E-01
  4268.431 9.962E-01
  4268.574 9.959E-01
  4268.717 9.951E-01
  4268.860 9.940E-01
  4269.003 9.930E-01
  4269.146 9.922E-01
  4269.289 9.919E-01
  4269.432 9.921E-01
  4269.575 9.927E-01
  4269.718 9.937E-01
  4269.861 9.950E-01
  4270.004 9.963E-01
  4270.147 9.972E-01
  4270.290 9.977E-01
  4270.433 9.977E-01
  4270.576 9.974E-01
  4270.719 9.967E-01
  4270.862 9.957E-01
  4271.005 9.942E-01
  4271.148 9.921E-01
  4271.291 9.899E-01
  4271.434 9.881E-01
  4271.577 9.872E-01
  4271.720 9.872E-01
  4271.863 9.878E-01
  4272.006 9.891E-01
  4272.149 9.908E-01
  4272.292 9.925E-01
  4272.435 9.934E-01
  4272.578 9.920E-01
  4272.721 9.877E-01
  4272.864 9.821E-01
  4273.007 9.770E-01
  4273.150 9.736E-01
  4273.293 9.719E-01
  4273.436 9.723E-01
  4273.579 9.745E-01
  4273.722 9.786E-01
  4273.865 9.842E-01
  4274.008 9.901E-01
  4274.151 9.947E-01
  4274.294 9.971E-01
  4274.437 9.980E-01
  4274.580 9.978E-01
  4274.723 9.966E-01
  4274.866 9.944E-01
  4275.009 9.915E-01
  4275.152 9.888E-01
  4275.295 9.867E-01
  4275.438 9.856E-01
  4275.581 9.854E-01
  4275.724 9.862E-01
  4275.867 9.878E-01
  4276.010 9.903E-01
  4276.153 9.933E-01
  4276.296 9.959E-01
  4276.439 9.976E-01
  4276.582 9.983E-01
  4276.725 9.985E-01
  4276.868 9.985E-01
  4277.011 9.983E-01
  4277.154 9.980E-01
  4277.297 9.972E-01
  4277.440 9.957E-01
  4277.583 9.933E-01
  4277.726 9.906E-01
  4277.869 9.882E-01
  4278.012 9.865E-01
  4278.155 9.855E-01
  4278.298 9.853E-01
  4278.441 9.857E-01
  4278.584 9.868E-01
  4278.727 9.886E-01
  4278.870 9.907E-01
  4279.013 9.925E-01
  4279.156 9.938E-01
  4279.299 9.946E-01
  4279.442 9.953E-01
  4279.585 9.960E-01
  4279.728 9.968E-01
  4279.871 9.974E-01
  4280.014 9.979E-01
  4280.157 9.981E-01
  4280.300 9.980E-01
  4280.443 9.979E-01
  4280.586 9.978E-01
  4280.729 9.977E-01
  4280.872 9.977E-01
  4281.015 9.978E-01
  4281.158 9.978E-01
  4281.301 9.979E-01
  4281.444 9.979E-01
  4281.587 9.978E-01
  4281.730 9.974E-01
  4281.873 9.967E-01
  4282.016 9.959E-01
  4282.159 9.951E-01
  4282.302 9.945E-01
  4282.445 9.943E-01
  4282.588 9.944E-01
  4282.731 9.947E-01
  4282.874 9.953E-01
  4283.017 9.960E-01
  4283.160 9.966E-01
  4283.303 9.966E-01
  4283.446 9.955E-01
  4283.589 9.936E-01
  4283.732 9.913E-01
  4283.875 9.894E-01
  4284.018 9.882E-01
  4284.161 9.877E-01
  4284.304 9.880E-01
  4284.447 9.890E-01
  4284.590 9.905E-01
  4284.733 9.925E-01
  4284.876 9.944E-01
  4285.019 9.958E-01
  4285.162 9.964E-01
  4285.305 9.964E-01
  4285.448 9.958E-01
  4285.591 9.949E-01
  4285.734 9.938E-01
  4285.877 9.929E-01
  4286.020 9.924E-01
  4286.163 9.922E-01
  4286.306 9.923E-01
  4286.449 9.928E-01
  4286.592 9.936E-01
  4286.735 9.947E-01
  4286.878 9.958E-01
  4287.021 9.966E-01
  4287.164 9.967E-01
  4287.307 9.962E-01
  4287.450 9.953E-01
  4287.593 9.946E-01
  4287.736 9.940E-01
  4287.879 9.937E-01
  4288.022 9.937E-01
  4288.165 9.939E-01
  4288.308 9.945E-01
  4288.451 9.953E-01
  4288.594 9.962E-01
  4288.737 9.968E-01
  4288.880 9.972E-01
  4289.023 9.973E-01
  4289.166 9.969E-01
  4289.309 9.955E-01
  4289.452 9.925E-01
  4289.595 9.877E-01
  4289.738 9.827E-01
  4289.881 9.786E-01
  4290.024 9.760E-01
  4290.167 9.751E-01
  4290.310 9.757E-01
  4290.453 9.780E-01
  4290.596 9.818E-01
  4290.739 9.866E-01
  4290.882 9.914E-01
  4291.025 9.949E-01
  4291.168 9.967E-01
  4291.311 9.973E-01
  4291.454 9.973E-01
  4291.597 9.969E-01
  4291.740 9.965E-01
  4291.883 9.961E-01
  4292.026 9.958E-01
  4292.169 9.957E-01
  4292.312 9.958E-01
  4292.455 9.959E-01
  4292.598 9.962E-01
  4292.741 9.966E-01
  4292.884 9.970E-01
  4293.027 9.971E-01
  4293.170 9.964E-01
  4293.313 9.943E-01
  4293.456 9.902E-01
  4293.599 9.850E-01
  4293.742 9.797E-01
  4293.885 9.755E-01
  4294.028 9.728E-01
  4294.171 9.719E-01
  4294.314 9.728E-01
  4294.457 9.756E-01
  4294.600 9.800E-01
  4294.743 9.854E-01
  4294.886 9.905E-01
  4295.029 9.941E-01
  4295.172 9.962E-01
  4295.315 9.970E-01
  4295.458 9.968E-01
  4295.601 9.953E-01
  4295.744 9.913E-01
  4295.887 9.842E-01
  4296.030 9.753E-01
  4296.173 9.671E-01
  4296.316 9.611E-01
  4296.459 9.578E-01
  4296.602 9.574E-01
  4296.745 9.598E-01
  4296.888 9.650E-01
  4297.031 9.727E-01
  4297.174 9.817E-01
  4297.317 9.896E-01
  4297.460 9.944E-01
  4297.603 9.965E-01
  4297.746 9.972E-01
  4297.889 9.973E-01
  4298.032 9.973E-01
  4298.175 9.972E-01
  4298.318 9.971E-01
  4298.461 9.968E-01
  4298.604 9.964E-01
  4298.747 9.959E-01
  4298.890 9.953E-01
  4299.033 9.943E-01
  4299.176 9.917E-01
  4299.319 9.866E-01
  4299.462 9.789E-01
  4299.605 9.706E-01
  4299.748 9.639E-01
  4299.891 9.597E-01
  4300.034 9.580E-01
  4300.177 9.589E-01
  4300.320 9.623E-01
  4300.463 9.684E-01
  4300.606 9.764E-01
  4300.749 9.846E-01
  4300.892 9.905E-01
  4301.035 9.931E-01
  4301.178 9.928E-01
  4301.321 9.906E-01
  4301.464 9.879E-01
  4301.607 9.855E-01
  4301.750 9.840E-01
  4301.893 9.833E-01
  4302.036 9.830E-01
  4302.179 9.822E-01
  4302.322 9.794E-01
  4302.465 9.735E-01
  4302.608 9.650E-01
  4302.751 9.564E-01
  4302.894 9.494E-01
  4303.037 9.453E-01
  4303.180 9.444E-01
  4303.323 9.471E-01
  4303.466 9.534E-01
  4303.609 9.630E-01
  4303.752 9.745E-01
  4303.895 9.849E-01
  4304.038 9.915E-01
  4304.181 9.946E-01
  4304.324 9.957E-01
  4304.467 9.959E-01
  4304.610 9.959E-01
  4304.753 9.958E-01
  4304.896 9.957E-01
  4305.039 9.956E-01
  4305.182 9.955E-01
  4305.325 9.954E-01
  4305.468 9.954E-01
  4305.611 9.953E-01
  4305.754 9.953E-01
  4305.897 9.953E-01
  4306.040 9.951E-01
  4306.183 9.946E-01
  4306.326 9.938E-01
  4306.469 9.928E-01
  4306.612 9.920E-01
  4306.755 9.911E-01
  4306.898 9.901E-01
  4307.041 9.882E-01
  4307.184 9.850E-01
  4307.327 9.806E-01
  4307.470 9.765E-01
  4307.613 9.735E-01
  4307.756 9.717E-01
  4307.899 9.712E-01
  4308.042 9.721E-01
  4308.185 9.746E-01
  4308.328 9.786E-01
  4308.471 9.836E-01
  4308.614 9.884E-01
  4308.757 9.917E-01
  4308.900 9.934E-01
  4309.043 9.940E-01
  4309.186 9.941E-01
  4309.329 9.941E-01
  4309.472 9.940E-01
  4309.615 9.939E-01
  4309.758 9.939E-01
  4309.901 9.938E-01
  4310.044 9.938E-01
  4310.187 9.938E-01
  4310.330 9.938E-01
  4310.473 9.938E-01
  4310.616 9.938E-01
  4310.759 9.938E-01
  4310.902 9.938E-01
  4311.045 9.937E-01
  4311.188 9.937E-01
  4311.331 9.937E-01
  4311.474 9.936E-01
  4311.617 9.935E-01
  4311.760 9.932E-01
  4311.903 9.924E-01
  4312.046 9.906E-01
  4312.189 9.874E-01
  4312.332 9.833E-01
  4312.475 9.794E-01
  4312.618 9.764E-01
  4312.761 9.746E-01
  4312.904 9.741E-01
  4313.047 9.749E-01
  4313.190 9.765E-01
  4313.333 9.784E-01
  4313.476 9.794E-01
  4313.619 9.785E-01
  4313.762 9.756E-01
  4313.905 9.720E-01
  4314.048 9.684E-01
  4314.191 9.650E-01
  4314.334 9.617E-01
  4314.477 9.594E-01
  4314.620 9.589E-01
  4314.763 9.607E-01
  4314.906 9.642E-01
  4315.049 9.682E-01
  4315.192 9.717E-01
  4315.335 9.751E-01
  4315.478 9.789E-01
  4315.621 9.830E-01
  4315.764 9.866E-01
  4315.907 9.887E-01
  4316.050 9.894E-01
  4316.193 9.892E-01
  4316.336 9.887E-01
  4316.479 9.882E-01
  4316.622 9.878E-01
  4316.765 9.875E-01
  4316.908 9.873E-01
  4317.051 9.873E-01
  4317.194 9.873E-01
  4317.337 9.873E-01
  4317.480 9.872E-01
  4317.623 9.869E-01
  4317.766 9.864E-01
  4317.909 9.858E-01
  4318.052 9.852E-01
  4318.195 9.847E-01
  4318.338 9.843E-01
  4318.481 9.841E-01
  4318.624 9.839E-01
  4318.767 9.836E-01
  4318.910 9.830E-01
  4319.053 9.821E-01
  4319.196 9.812E-01
  4319.339 9.804E-01
  4319.482 9.800E-01
  4319.625 9.798E-01
  4319.768 9.799E-01
  4319.911 9.802E-01
  4320.054 9.805E-01
  4320.197 9.805E-01
  4320.340 9.801E-01
  4320.483 9.792E-01
  4320.626 9.781E-01
  4320.769 9.768E-01
  4320.912 9.758E-01
  4321.055 9.753E-01
  4321.198 9.754E-01
  4321.341 9.760E-01
  4321.484 9.770E-01
  4321.627 9.780E-01
  4321.770 9.790E-01
  4321.913 9.797E-01
  4322.056 9.802E-01
  4322.199 9.804E-01
  4322.342 9.803E-01
  4322.485 9.800E-01
  4322.628 9.797E-01
  4322.771 9.793E-01
  4322.914 9.790E-01
  4323.057 9.785E-01
  4323.200 9.781E-01
  4323.343 9.776E-01
  4323.486 9.771E-01
  4323.629 9.765E-01
  4323.772 9.759E-01
  4323.915 9.752E-01
  4324.058 9.746E-01
  4324.201 9.738E-01
  4324.344 9.728E-01
  4324.487 9.714E-01
  4324.630 9.694E-01
  4324.773 9.662E-01
  4324.916 9.620E-01
  4325.059 9.570E-01
  4325.202 9.520E-01
  4325.345 9.477E-01
  4325.488 9.450E-01
  4325.631 9.439E-01
  4325.774 9.444E-01
  4325.917 9.460E-01
  4326.060 9.486E-01
  4326.203 9.518E-01
  4326.346 9.547E-01
  4326.489 9.569E-01
  4326.632 9.582E-01
  4326.775 9.585E-01
  4326.918 9.584E-01
  4327.061 9.583E-01
  4327.204 9.582E-01
  4327.347 9.580E-01
  4327.490 9.577E-01
  4327.633 9.570E-01
  4327.776 9.561E-01
  4327.919 9.551E-01
  4328.062 9.540E-01
  4328.205 9.528E-01
  4328.348 9.516E-01
  4328.491 9.502E-01
  4328.634 9.488E-01
  4328.777 9.472E-01
  4328.920 9.456E-01
  4329.063 9.440E-01
  4329.206 9.425E-01
  4329.349 9.408E-01
  4329.492 9.391E-01
  4329.635 9.372E-01
  4329.778 9.352E-01
  4329.921 9.330E-01
  4330.064 9.307E-01
  4330.207 9.283E-01
  4330.350 9.260E-01
  4330.493 9.238E-01
  4330.636 9.217E-01
  4330.779 9.198E-01
  4330.922 9.180E-01
  4331.065 9.160E-01
  4331.208 9.138E-01
  4331.351 9.113E-01
  4331.494 9.085E-01
  4331.637 9.056E-01
  4331.780 9.026E-01
  4331.923 8.995E-01
  4332.066 8.964E-01
  4332.209 8.933E-01
  4332.352 8.901E-01
  4332.495 8.869E-01
  4332.638 8.836E-01
  4332.781 8.801E-01
  4332.924 8.764E-01
  4333.067 8.724E-01
  4333.210 8.682E-01
  4333.353 8.639E-01
  4333.496 8.595E-01
  4333.639 8.549E-01
  4333.782 8.501E-01
  4333.925 8.450E-01
  4334.068 8.397E-01
  4334.211 8.342E-01
  4334.354 8.284E-01
  4334.497 8.225E-01
  4334.640 8.162E-01
  4334.783 8.097E-01
  4334.926 8.029E-01
  4335.069 7.957E-01
  4335.212 7.883E-01
  4335.355 7.806E-01
  4335.498 7.726E-01
  4335.641 7.643E-01
  4335.784 7.556E-01
  4335.927 7.466E-01
  4336.070 7.373E-01
  4336.213 7.277E-01
  4336.356 7.176E-01
  4336.499 7.072E-01
  4336.642 6.964E-01
  4336.785 6.852E-01
  4336.928 6.735E-01
  4337.071 6.612E-01
  4337.214 6.481E-01
  4337.357 6.343E-01
  4337.500 6.202E-01
  4337.643 6.059E-01
  4337.786 5.917E-01
  4337.929 5.774E-01
  4338.072 5.632E-01
  4338.215 5.490E-01
  4338.358 5.350E-01
  4338.501 5.209E-01
  4338.644 5.066E-01
  4338.787 4.917E-01
  4338.930 4.762E-01
  4339.073 4.601E-01
  4339.216 4.432E-01
  4339.359 4.249E-01
  4339.502 4.045E-01
  4339.645 3.816E-01
  4339.788 3.568E-01
  4339.931 3.320E-01
  4340.074 3.096E-01
  4340.217 2.925E-01
  4340.360 2.824E-01
  4340.503 2.806E-01
  4340.646 2.872E-01
  4340.789 3.015E-01
  4340.932 3.219E-01
  4341.075 3.460E-01
  4341.218 3.712E-01
  4341.361 3.951E-01
  4341.504 4.168E-01
  4341.647 4.361E-01
  4341.790 4.537E-01
  4341.933 4.704E-01
  4342.076 4.865E-01
  4342.219 5.024E-01
  4342.362 5.179E-01
  4342.505 5.330E-01
  4342.648 5.478E-01
  4342.791 5.622E-01
  4342.934 5.764E-01
  4343.077 5.902E-01
  4343.220 6.037E-01
  4343.363 6.168E-01
  4343.506 6.294E-01
  4343.649 6.418E-01
  4343.792 6.540E-01
  4343.935 6.660E-01
  4344.078 6.778E-01
  4344.221 6.893E-01
  4344.364 7.005E-01
  4344.507 7.115E-01
  4344.650 7.222E-01
  4344.793 7.326E-01
  4344.936 7.425E-01
  4345.079 7.519E-01
  4345.222 7.608E-01
  4345.365 7.693E-01
  4345.508 7.775E-01
  4345.651 7.853E-01
  4345.794 7.928E-01
  4345.937 8.000E-01
  4346.080 8.070E-01
  4346.223 8.137E-01
  4346.366 8.201E-01
  4346.509 8.263E-01
  4346.652 8.323E-01
  4346.795 8.380E-01
  4346.938 8.436E-01
  4347.081 8.488E-01
  4347.224 8.538E-01
  4347.367 8.584E-01
  4347.510 8.627E-01
  4347.653 8.668E-01
  4347.796 8.708E-01
  4347.939 8.747E-01
  4348.082 8.785E-01
  4348.225 8.823E-01
  4348.368 8.861E-01
  4348.511 8.899E-01
  4348.654 8.936E-01
  4348.797 8.972E-01
  4348.940 9.006E-01
  4349.083 9.037E-01
  4349.226 9.068E-01
  4349.369 9.096E-01
  4349.512 9.124E-01
  4349.655 9.150E-01
  4349.798 9.175E-01
  4349.941 9.199E-01
  4350.084 9.221E-01
  4350.227 9.242E-01
  4350.370 9.260E-01
  4350.513 9.277E-01
  4350.656 9.287E-01
  4350.799 9.277E-01
  4350.942 9.227E-01
  4351.085 9.127E-01
  4351.228 8.997E-01
  4351.371 8.878E-01
  4351.514 8.794E-01
  4351.657 8.754E-01
  4351.800 8.759E-01
  4351.943 8.808E-01
  4352.086 8.903E-01
  4352.229 9.040E-01
  4352.372 9.200E-01
  4352.515 9.347E-01
  4352.658 9.447E-01
  4352.801 9.501E-01
  4352.944 9.530E-01
  4353.087 9.548E-01
  4353.230 9.562E-01
  4353.373 9.574E-01
  4353.516 9.579E-01
  4353.659 9.576E-01
  4353.802 9.568E-01
  4353.945 9.559E-01
  4354.088 9.553E-01
  4354.231 9.553E-01
  4354.374 9.559E-01
  4354.517 9.570E-01
  4354.660 9.587E-01
  4354.803 9.610E-01
  4354.946 9.636E-01
  4355.089 9.662E-01
  4355.232 9.681E-01
  4355.375 9.695E-01
  4355.518 9.704E-01
  4355.661 9.710E-01
  4355.804 9.716E-01
  4355.947 9.721E-01
  4356.090 9.725E-01
  4356.233 9.729E-01
  4356.376 9.733E-01
  4356.519 9.735E-01
  4356.662 9.731E-01
  4356.805 9.718E-01
  4356.948 9.695E-01
  4357.091 9.669E-01
  4357.234 9.649E-01
  4357.377 9.636E-01
  4357.520 9.632E-01
  4357.663 9.637E-01
  4357.806 9.652E-01
  4357.949 9.676E-01
  4358.092 9.708E-01
  4358.235 9.743E-01
  4358.378 9.772E-01
  4358.521 9.790E-01
  4358.664 9.801E-01
  4358.807 9.807E-01
  4358.950 9.811E-01
  4359.093 9.813E-01
  4359.236 9.813E-01
  4359.379 9.813E-01
  4359.522 9.813E-01
  4359.665 9.814E-01
  4359.808 9.816E-01
  4359.951 9.820E-01
  4360.094 9.824E-01
  4360.237 9.828E-01
  4360.380 9.829E-01
  4360.523 9.825E-01
  4360.666 9.814E-01
  4360.809 9.800E-01
  4360.952 9.788E-01
  4361.095 9.778E-01
  4361.238 9.768E-01
  4361.381 9.757E-01
  4361.524 9.747E-01
  4361.667 9.743E-01
  4361.810 9.747E-01
  4361.953 9.758E-01
  4362.096 9.770E-01
  4362.239 9.781E-01
  4362.382 9.793E-01
  4362.525 9.808E-01
  4362.668 9.827E-01
  4362.811 9.844E-01
  4362.954 9.856E-01
  4363.097 9.864E-01
  4363.240 9.869E-01
  4363.383 9.874E-01
  4363.526 9.879E-01
  4363.669 9.885E-01
  4363.812 9.890E-01
  4363.955 9.894E-01
  4364.098 9.897E-01
  4364.241 9.899E-01
  4364.384 9.899E-01
  4364.527 9.899E-01
  4364.670 9.898E-01
  4364.813 9.897E-01
  4364.956 9.897E-01
  4365.099 9.896E-01
  4365.242 9.896E-01
  4365.385 9.896E-01
  4365.528 9.897E-01
  4365.671 9.898E-01
  4365.814 9.900E-01
  4365.957 9.902E-01
  4366.100 9.904E-01
  4366.243 9.906E-01
  4366.386 9.907E-01
  4366.529 9.908E-01
  4366.672 9.907E-01
  4366.815 9.905E-01
  4366.958 9.899E-01
  4367.101 9.890E-01
  4367.244 9.879E-01
  4367.387 9.867E-01
  4367.530 9.853E-01
  4367.673 9.839E-01
  4367.816 9.829E-01
  4367.959 9.824E-01
  4368.102 9.827E-01
  4368.245 9.836E-01
  4368.388 9.847E-01
  4368.531 9.853E-01
  4368.674 9.847E-01
  4368.817 9.830E-01
  4368.960 9.808E-01
  4369.103 9.788E-01
  4369.246 9.773E-01
  4369.389 9.766E-01
  4369.532 9.769E-01
  4369.675 9.783E-01
  4369.818 9.809E-01
  4369.961 9.843E-01
  4370.104 9.880E-01
  4370.247 9.909E-01
  4370.390 9.925E-01
  4370.533 9.931E-01
  4370.676 9.930E-01
  4370.819 9.928E-01
  4370.962 9.925E-01
  4371.105 9.924E-01
  4371.248 9.923E-01
  4371.391 9.923E-01
  4371.534 9.921E-01
  4371.677 9.919E-01
  4371.820 9.917E-01
  4371.963 9.917E-01
  4372.106 9.917E-01
  4372.249 9.918E-01
  4372.392 9.920E-01
  4372.535 9.923E-01
  4372.678 9.927E-01
  4372.821 9.933E-01
  4372.964 9.939E-01
  4373.107 9.943E-01
  4373.250 9.946E-01
  4373.393 9.947E-01
  4373.536 9.948E-01
  4373.679 9.946E-01
  4373.822 9.943E-01
  4373.965 9.939E-01
  4374.108 9.934E-01
  4374.251 9.928E-01
  4374.394 9.922E-01
  4374.537 9.917E-01
  4374.680 9.915E-01
  4374.823 9.915E-01
  4374.966 9.918E-01
  4375.109 9.924E-01
  4375.252 9.930E-01
  4375.395 9.938E-01
  4375.538 9.944E-01
  4375.681 9.950E-01
  4375.824 9.952E-01
  4375.967 9.953E-01
  4376.110 9.950E-01
  4376.253 9.943E-01
  4376.396 9.933E-01
  4376.539 9.922E-01
  4376.682 9.912E-01
  4376.825 9.905E-01
  4376.968 9.900E-01
  4377.111 9.900E-01
  4377.254 9.903E-01
  4377.397 9.911E-01
  4377.540 9.921E-01
  4377.683 9.933E-01
  4377.826 9.944E-01
  4377.969 9.952E-01
  4378.112 9.958E-01
  4378.255 9.962E-01
  4378.398 9.965E-01
  4378.541 9.966E-01
  4378.684 9.966E-01
  4378.827 9.965E-01
  4378.970 9.962E-01
  4379.113 9.959E-01
  4379.256 9.956E-01
  4379.399 9.954E-01
  4379.542 9.952E-01
  4379.685 9.952E-01
  4379.828 9.952E-01
  4379.971 9.953E-01
  4380.114 9.954E-01
  4380.257 9.957E-01
  4380.400 9.959E-01
  4380.543 9.961E-01
  4380.686 9.962E-01
  4380.829 9.963E-01
  4380.972 9.965E-01
  4381.115 9.966E-01
  4381.258 9.968E-01
  4381.401 9.969E-01
  4381.544 9.970E-01
  4381.687 9.970E-01
  4381.830 9.968E-01
  4381.973 9.965E-01
  4382.116 9.962E-01
  4382.259 9.959E-01
  4382.402 9.956E-01
  4382.545 9.951E-01
  4382.688 9.938E-01
  4382.831 9.912E-01
  4382.974 9.873E-01
  4383.117 9.832E-01
  4383.260 9.794E-01
  4383.403 9.759E-01
  4383.546 9.721E-01
  4383.689 9.678E-01
  4383.832 9.635E-01
  4383.975 9.596E-01
  4384.118 9.568E-01
  4384.261 9.554E-01
  4384.404 9.542E-01
  4384.547 9.516E-01
  4384.690 9.469E-01
  4384.833 9.412E-01
  4384.976 9.371E-01
  4385.119 9.357E-01
  4385.262 9.371E-01
  4385.405 9.405E-01
  4385.548 9.452E-01
  4385.691 9.516E-01
  4385.834 9.601E-01
  4385.977 9.700E-01
  4386.120 9.792E-01
  4386.263 9.848E-01
  4386.406 9.866E-01
  4386.549 9.860E-01
  4386.692 9.843E-01
  4386.835 9.818E-01
  4386.978 9.784E-01
  4387.121 9.735E-01
  4387.264 9.670E-01
  4387.407 9.593E-01
  4387.550 9.516E-01
  4387.693 9.451E-01
  4387.836 9.408E-01
  4387.979 9.393E-01
  4388.122 9.408E-01
  4388.265 9.453E-01
  4388.408 9.524E-01
  4388.551 9.611E-01
  4388.694 9.701E-01
  4388.837 9.779E-01
  4388.980 9.837E-01
  4389.123 9.876E-01
  4389.266 9.902E-01
  4389.409 9.916E-01
  4389.552 9.919E-01
  4389.695 9.903E-01
  4389.838 9.861E-01
  4389.981 9.797E-01
  4390.124 9.730E-01
  4390.267 9.675E-01
  4390.410 9.640E-01
  4390.553 9.627E-01
  4390.696 9.636E-01
  4390.839 9.668E-01
  4390.982 9.721E-01
  4391.125 9.790E-01
  4391.268 9.861E-01
  4391.411 9.916E-01
  4391.554 9.947E-01
  4391.697 9.961E-01
  4391.840 9.967E-01
  4391.983 9.970E-01
  4392.126 9.972E-01
  4392.269 9.974E-01
  4392.412 9.976E-01
  4392.555 9.977E-01
  4392.698 9.978E-01
  4392.841 9.977E-01
  4392.984 9.976E-01
  4393.127 9.973E-01
  4393.270 9.968E-01
  4393.413 9.962E-01
  4393.556 9.955E-01
  4393.699 9.949E-01
  4393.842 9.945E-01
  4393.985 9.938E-01
  4394.128 9.921E-01
  4394.271 9.881E-01
  4394.414 9.816E-01
  4394.557 9.744E-01
  4394.700 9.682E-01
  4394.843 9.638E-01
  4394.986 9.613E-01
  4395.129 9.607E-01
  4395.272 9.621E-01
  4395.415 9.659E-01
  4395.558 9.720E-01
  4395.701 9.795E-01
  4395.844 9.862E-01
  4395.987 9.906E-01
  4396.130 9.931E-01
  4396.273 9.947E-01
  4396.416 9.961E-01
  4396.559 9.973E-01
  4396.702 9.981E-01
  4396.845 9.984E-01
  4396.988 9.986E-01
  4397.131 9.986E-01
  4397.274 9.985E-01
  4397.417 9.984E-01
  4397.560 9.982E-01
  4397.703 9.981E-01
  4397.846 9.980E-01
  4397.989 9.979E-01
  4398.132 9.979E-01
  4398.275 9.979E-01
  4398.418 9.980E-01
  4398.561 9.981E-01
  4398.704 9.980E-01
  4398.847 9.975E-01
  4398.990 9.961E-01
  4399.133 9.938E-01
  4399.276 9.913E-01
  4399.419 9.892E-01
  4399.562 9.876E-01
  4399.705 9.867E-01
  4399.848 9.865E-01
  4399.991 9.871E-01
  4400.134 9.885E-01
  4400.277 9.906E-01
  4400.420 9.930E-01
  4400.563 9.951E-01
  4400.706 9.963E-01
  4400.849 9.970E-01
  4400.992 9.974E-01
  4401.135 9.977E-01
  4401.278 9.979E-01
  4401.421 9.981E-01
  4401.564 9.982E-01
  4401.707 9.982E-01
  4401.850 9.982E-01
  4401.993 9.980E-01
  4402.136 9.972E-01
  4402.279 9.958E-01
  4402.422 9.941E-01
  4402.565 9.926E-01
  4402.708 9.915E-01
  4402.851 9.910E-01
  4402.994 9.909E-01
  4403.137 9.914E-01
  4403.280 9.924E-01
  4403.423 9.939E-01
  4403.566 9.955E-01
  4403.709 9.966E-01
  4403.852 9.968E-01
  4403.995 9.956E-01
  4404.138 9.934E-01
  4404.281 9.910E-01
  4404.424 9.889E-01
  4404.567 9.875E-01
  4404.710 9.868E-01
  4404.853 9.867E-01
  4404.996 9.874E-01
  4405.139 9.888E-01
  4405.282 9.908E-01
  4405.425 9.929E-01
  4405.568 9.946E-01
  4405.711 9.954E-01
  4405.854 9.956E-01
  4405.997 9.955E-01
  4406.140 9.953E-01
  4406.283 9.951E-01
  4406.426 9.951E-01
  4406.569 9.951E-01
  4406.712 9.951E-01
  4406.855 9.953E-01
  4406.998 9.954E-01
  4407.141 9.953E-01
  4407.284 9.952E-01
  4407.427 9.951E-01
  4407.570 9.949E-01
  4407.713 9.948E-01
  4407.856 9.946E-01
  4407.999 9.946E-01
  4408.142 9.947E-01
  4408.285 9.951E-01
  4408.428 9.955E-01
  4408.571 9.957E-01
  4408.714 9.956E-01
  4408.857 9.950E-01
  4409.000 9.944E-01
  4409.143 9.938E-01
  4409.286 9.935E-01
  4409.429 9.934E-01
  4409.572 9.935E-01
  4409.715 9.939E-01
  4409.858 9.945E-01
  4410.001 9.953E-01
  4410.144 9.961E-01
  4410.287 9.965E-01
  4410.430 9.962E-01
  4410.573 9.956E-01
  4410.716 9.950E-01
  4410.859 9.945E-01
  4411.002 9.943E-01
  4411.145 9.943E-01
  4411.288 9.945E-01
  4411.431 9.950E-01
  4411.574 9.958E-01
  4411.717 9.967E-01
  4411.860 9.975E-01
  4412.003 9.981E-01
  4412.146 9.984E-01
  4412.289 9.986E-01
  4412.432 9.988E-01
  4412.575 9.988E-01
  4412.718 9.986E-01
  4412.861 9.980E-01
  4413.004 9.969E-01
  4413.147 9.957E-01
  4413.290 9.946E-01
  4413.433 9.937E-01
  4413.576 9.932E-01
  4413.719 9.932E-01
  4413.862 9.935E-01
  4414.005 9.941E-01
  4414.148 9.950E-01
  4414.291 9.957E-01
  4414.434 9.961E-01
  4414.577 9.960E-01
  4414.720 9.955E-01
  4414.863 9.950E-01
  4415.006 9.946E-01
  4415.149 9.945E-01
  4415.292 9.946E-01
  4415.435 9.950E-01
  4415.578 9.956E-01
  4415.721 9.960E-01
  4415.864 9.952E-01
  4416.007 9.916E-01
  4416.150 9.841E-01
  4416.293 9.738E-01
  4416.436 9.635E-01
  4416.579 9.554E-01
  4416.722 9.503E-01
  4416.865 9.479E-01
  4417.008 9.480E-01
  4417.151 9.506E-01
  4417.294 9.562E-01
  4417.437 9.646E-01
  4417.580 9.735E-01
  4417.723 9.801E-01
  4417.866 9.839E-01
  4418.009 9.860E-01
  4418.152 9.877E-01
  4418.295 9.896E-01
  4418.438 9.916E-01
  4418.581 9.931E-01
  4418.724 9.937E-01
  4418.867 9.935E-01
  4419.010 9.928E-01
  4419.153 9.921E-01
  4419.296 9.917E-01
  4419.439 9.917E-01
  4419.582 9.922E-01
  4419.725 9.929E-01
  4419.868 9.937E-01
  4420.011 9.947E-01
  4420.154 9.959E-01
  4420.297 9.971E-01
  4420.440 9.980E-01
  4420.583 9.984E-01
  4420.726 9.986E-01
  4420.869 9.987E-01
  4421.012 9.987E-01
  4421.155 9.986E-01
  4421.298 9.985E-01
  4421.441 9.983E-01
  4421.584 9.981E-01
  4421.727 9.979E-01
  4421.870 9.978E-01
  4422.013 9.977E-01
  4422.156 9.978E-01
  4422.299 9.979E-01
  4422.442 9.982E-01
  4422.585 9.984E-01
  4422.728 9.986E-01
  4422.871 9.987E-01
  4423.014 9.988E-01
  4423.157 9.988E-01
  4423.300 9.988E-01
  4423.443 9.988E-01
  4423.586 9.988E-01
  4423.729 9.989E-01
  4423.872 9.989E-01
  4424.015 9.989E-01
  4424.158 9.990E-01
  4424.301 9.990E-01
  4424.444 9.990E-01
  4424.587 9.990E-01
  4424.730 9.991E-01
  4424.873 9.991E-01
  4425.016 9.992E-01
  4425.159 9.992E-01
  4425.302 9.991E-01
  4425.445 9.990E-01
  4425.588 9.989E-01
  4425.731 9.988E-01
  4425.874 9.987E-01
  4426.017 9.987E-01
  4426.160 9.988E-01
  4426.303 9.988E-01
  4426.446 9.989E-01
  4426.589 9.990E-01
  4426.732 9.991E-01
  4426.875 9.990E-01
  4427.018 9.986E-01
  4427.161 9.976E-01
  4427.304 9.959E-01
  4427.447 9.938E-01
  4427.590 9.918E-01
  4427.733 9.903E-01
  4427.876 9.895E-01
  4428.019 9.894E-01
  4428.162 9.899E-01
  4428.305 9.911E-01
  4428.448 9.928E-01
  4428.591 9.950E-01
  4428.734 9.971E-01
  4428.877 9.985E-01
  4429.020 9.992E-01
  4429.163 9.994E-01
  4429.306 9.995E-01
  4429.449 9.994E-01
  4429.592 9.993E-01
  4429.735 9.991E-01
  4429.878 9.989E-01
  4430.021 9.986E-01
  4430.164 9.982E-01
  4430.307 9.976E-01
  4430.450 9.969E-01
  4430.593 9.962E-01
  4430.736 9.956E-01
  4430.879 9.950E-01
  4431.022 9.944E-01
  4431.165 9.940E-01
  4431.308 9.938E-01
  4431.451 9.940E-01
  4431.594 9.944E-01
  4431.737 9.950E-01
  4431.880 9.956E-01
  4432.023 9.962E-01
  4432.166 9.969E-01
  4432.309 9.976E-01
  4432.452 9.981E-01
  4432.595 9.984E-01
  4432.738 9.985E-01
  4432.881 9.985E-01
  4433.024 9.979E-01
  4433.167 9.963E-01
  4433.310 9.933E-01
  4433.453 9.896E-01
  4433.596 9.862E-01
  4433.739 9.837E-01
  4433.882 9.824E-01
  4434.025 9.821E-01
  4434.168 9.830E-01
  4434.311 9.849E-01
  4434.454 9.878E-01
  4434.597 9.912E-01
  4434.740 9.943E-01
  4434.883 9.963E-01
  4435.026 9.972E-01
  4435.169 9.974E-01
  4435.312 9.973E-01
  4435.455 9.971E-01
  4435.598 9.968E-01
  4435.741 9.962E-01
  4435.884 9.953E-01
  4436.027 9.943E-01
  4436.170 9.933E-01
  4436.313 9.925E-01
  4436.456 9.920E-01
  4436.599 9.916E-01
  4436.742 9.911E-01
  4436.885 9.904E-01
  4437.028 9.895E-01
  4437.171 9.889E-01
  4437.314 9.885E-01
  4437.457 9.883E-01
  4437.600 9.884E-01
  4437.743 9.890E-01
  4437.886 9.902E-01
  4438.029 9.920E-01
  4438.172 9.941E-01
  4438.315 9.962E-01
  4438.458 9.977E-01
  4438.601 9.986E-01
  4438.744 9.989E-01
  4438.887 9.990E-01
  4439.030 9.991E-01
  4439.173 9.991E-01
  4439.316 9.991E-01
  4439.459 9.991E-01
  4439.602 9.991E-01
  4439.745 9.991E-01
  4439.888 9.991E-01
  4440.031 9.989E-01
  4440.174 9.987E-01
  4440.317 9.986E-01
  4440.460 9.984E-01
  4440.603 9.984E-01
  4440.746 9.984E-01
  4440.889 9.984E-01
  4441.032 9.984E-01
  4441.175 9.984E-01
  4441.318 9.983E-01
  4441.461 9.983E-01
  4441.604 9.982E-01
  4441.747 9.981E-01
  4441.890 9.980E-01
  4442.033 9.981E-01
  4442.176 9.982E-01
  4442.319 9.983E-01
  4442.462 9.985E-01
  4442.605 9.985E-01
  4442.748 9.980E-01
  4442.891 9.964E-01
  4443.034 9.929E-01
  4443.177 9.873E-01
  4443.320 9.811E-01
  4443.463 9.757E-01
  4443.606 9.718E-01
  4443.749 9.695E-01
  4443.892 9.686E-01
  4444.035 9.696E-01
  4444.178 9.724E-01
  4444.321 9.772E-01
  4444.464 9.830E-01
  4444.607 9.882E-01
  4444.750 9.917E-01
  4444.893 9.936E-01
  4445.036 9.949E-01
  4445.179 9.960E-01
  4445.322 9.968E-01
  4445.465 9.968E-01
  4445.608 9.960E-01
  4445.751 9.950E-01
  4445.894 9.941E-01
  4446.037 9.935E-01
  4446.180 9.933E-01
  4446.323 9.933E-01
  4446.466 9.937E-01
  4446.609 9.944E-01
  4446.752 9.953E-01
  4446.895 9.964E-01
  4447.038 9.973E-01
  4447.181 9.978E-01
  4447.324 9.979E-01
  4447.467 9.978E-01
  4447.610 9.977E-01
  4447.753 9.976E-01
  4447.896 9.975E-01
  4448.039 9.973E-01
  4448.182 9.973E-01
  4448.325 9.973E-01
  4448.468 9.974E-01
  4448.611 9.974E-01
  4448.754 9.971E-01
  4448.897 9.966E-01
  4449.040 9.960E-01
  4449.183 9.954E-01
  4449.326 9.949E-01
  4449.469 9.944E-01
  4449.612 9.936E-01
  4449.755 9.924E-01
  4449.898 9.911E-01
  4450.041 9.902E-01
  4450.184 9.898E-01
  4450.327 9.899E-01
  4450.470 9.900E-01
  4450.613 9.897E-01
  4450.756 9.886E-01
  4450.899 9.867E-01
  4451.042 9.849E-01
  4451.185 9.836E-01
  4451.328 9.827E-01
  4451.471 9.823E-01
  4451.614 9.825E-01
  4451.757 9.837E-01
  4451.900 9.859E-01
  4452.043 9.891E-01
  4452.186 9.927E-01
  4452.329 9.957E-01
  4452.472 9.974E-01
  4452.615 9.979E-01
  4452.758 9.979E-01
  4452.901 9.977E-01
  4453.044 9.975E-01
  4453.187 9.974E-01
  4453.330 9.975E-01
  4453.473 9.976E-01
  4453.616 9.979E-01
  4453.759 9.983E-01
  4453.902 9.987E-01
  4454.045 9.990E-01
  4454.188 9.989E-01
  4454.331 9.981E-01
  4454.474 9.964E-01
  4454.617 9.937E-01
  4454.760 9.909E-01
  4454.903 9.886E-01
  4455.046 9.870E-01
  4455.189 9.862E-01
  4455.332 9.862E-01
  4455.475 9.871E-01
  4455.618 9.888E-01
  4455.761 9.910E-01
  4455.904 9.935E-01
  4456.047 9.955E-01
  4456.190 9.966E-01
  4456.333 9.971E-01
  4456.476 9.973E-01
  4456.619 9.974E-01
  4456.762 9.976E-01
  4456.905 9.978E-01
  4457.048 9.981E-01
  4457.191 9.984E-01
  4457.334 9.987E-01
  4457.477 9.989E-01
  4457.620 9.990E-01
  4457.763 9.990E-01
  4457.906 9.990E-01
  4458.049 9.990E-01
  4458.192 9.990E-01
  4458.335 9.989E-01
  4458.478 9.988E-01
  4458.621 9.987E-01
  4458.764 9.986E-01
  4458.907 9.984E-01
  4459.050 9.983E-01
  4459.193 9.981E-01
  4459.336 9.981E-01
  4459.479 9.981E-01
  4459.622 9.982E-01
  4459.765 9.983E-01
  4459.908 9.984E-01
  4460.051 9.985E-01
  4460.194 9.986E-01
  4460.337 9.986E-01
  4460.480 9.984E-01
  4460.623 9.978E-01
  4460.766 9.964E-01
  4460.909 9.941E-01
  4461.052 9.910E-01
  4461.195 9.880E-01
  4461.338 9.856E-01
  4461.481 9.842E-01
  4461.624 9.838E-01
  4461.767 9.844E-01
  4461.910 9.859E-01
  4462.053 9.884E-01
  4462.196 9.914E-01
  4462.339 9.944E-01
  4462.482 9.968E-01
  4462.625 9.981E-01
  4462.768 9.985E-01
  4462.911 9.984E-01
  4463.054 9.981E-01
  4463.197 9.978E-01
  4463.340 9.975E-01
  4463.483 9.973E-01
  4463.626 9.969E-01
  4463.769 9.963E-01
  4463.912 9.957E-01
  4464.055 9.953E-01
  4464.198 9.950E-01
  4464.341 9.949E-01
  4464.484 9.949E-01
  4464.627 9.950E-01
  4464.770 9.952E-01
  4464.913 9.954E-01
  4465.056 9.957E-01
  4465.199 9.958E-01
  4465.342 9.957E-01
  4465.485 9.956E-01
  4465.628 9.953E-01
  4465.771 9.951E-01
  4465.914 9.949E-01
  4466.057 9.948E-01
  4466.200 9.948E-01
  4466.343 9.949E-01
  4466.486 9.951E-01
  4466.629 9.951E-01
  4466.772 9.950E-01
  4466.915 9.948E-01
  4467.058 9.946E-01
  4467.201 9.942E-01
  4467.344 9.935E-01
  4467.487 9.918E-01
  4467.630 9.882E-01
  4467.773 9.823E-01
  4467.916 9.751E-01
  4468.059 9.682E-01
  4468.202 9.629E-01
  4468.345 9.596E-01
  4468.488 9.582E-01
  4468.631 9.587E-01
  4468.774 9.611E-01
  4468.917 9.651E-01
  4469.060 9.703E-01
  4469.203 9.751E-01
  4469.346 9.777E-01
  4469.489 9.778E-01
  4469.632 9.765E-01
  4469.775 9.747E-01
  4469.918 9.730E-01
  4470.061 9.714E-01
  4470.204 9.696E-01
  4470.347 9.669E-01
  4470.490 9.621E-01
  4470.633 9.540E-01
  4470.776 9.417E-01
  4470.919 9.263E-01
  4471.062 9.103E-01
  4471.205 8.965E-01
  4471.348 8.869E-01
  4471.491 8.826E-01
  4471.634 8.841E-01
  4471.777 8.913E-01
  4471.920 9.033E-01
  4472.063 9.182E-01
  4472.206 9.331E-01
  4472.349 9.451E-01
  4472.492 9.535E-01
  4472.635 9.590E-01
  4472.778 9.628E-01
  4472.921 9.661E-01
  4473.064 9.693E-01
  4473.207 9.729E-01
  4473.350 9.769E-01
  4473.493 9.811E-01
  4473.636 9.850E-01
  4473.779 9.880E-01
  4473.922 9.897E-01
  4474.065 9.906E-01
  4474.208 9.911E-01
  4474.351 9.916E-01
  4474.494 9.922E-01
  4474.637 9.930E-01
  4474.780 9.938E-01
  4474.923 9.946E-01
  4475.066 9.951E-01
  4475.209 9.955E-01
  4475.352 9.956E-01
  4475.495 9.956E-01
  4475.638 9.956E-01
  4475.781 9.957E-01
  4475.924 9.959E-01
  4476.067 9.962E-01
  4476.210 9.965E-01
  4476.353 9.969E-01
  4476.496 9.973E-01
  4476.639 9.977E-01
  4476.782 9.981E-01
  4476.925 9.983E-01
  4477.068 9.984E-01
  4477.211 9.985E-01
  4477.354 9.985E-01
  4477.497 9.986E-01
  4477.640 9.985E-01
  4477.783 9.984E-01
  4477.926 9.981E-01
  4478.069 9.978E-01
  4478.212 9.974E-01
  4478.355 9.971E-01
  4478.498 9.970E-01
  4478.641 9.969E-01
  4478.784 9.969E-01
  4478.927 9.970E-01
  4479.070 9.972E-01
  4479.213 9.975E-01
  4479.356 9.977E-01
  4479.499 9.977E-01
  4479.642 9.974E-01
  4479.785 9.967E-01
  4479.928 9.949E-01
  4480.071 9.903E-01
  4480.214 9.798E-01
  4480.357 9.588E-01
  4480.500 9.252E-01
  4480.643 8.829E-01
  4480.786 8.406E-01
  4480.929 8.067E-01
  4481.072 7.855E-01
  4481.215 7.787E-01
  4481.358 7.861E-01
  4481.501 8.075E-01
  4481.644 8.414E-01
  4481.787 8.836E-01
  4481.930 9.262E-01
  4482.073 9.605E-01
  4482.216 9.819E-01
  4482.359 9.924E-01
  4482.502 9.965E-01
  4482.645 9.979E-01
  4482.788 9.983E-01
  4482.931 9.984E-01
  4483.074 9.985E-01
  4483.217 9.985E-01
  4483.360 9.985E-01
  4483.503 9.985E-01
  4483.646 9.986E-01
  4483.789 9.987E-01
  4483.932 9.988E-01
  4484.075 9.990E-01
  4484.218 9.991E-01
  4484.361 9.993E-01
  4484.504 9.994E-01
  4484.647 9.994E-01
  4484.790 9.995E-01
  4484.933 9.995E-01
  4485.076 9.995E-01
  4485.219 9.995E-01
  4485.362 9.994E-01
  4485.505 9.994E-01
  4485.648 9.993E-01
  4485.791 9.993E-01
  4485.934 9.991E-01
  4486.077 9.990E-01
  4486.220 9.989E-01
  4486.363 9.988E-01
  4486.506 9.988E-01
  4486.649 9.986E-01
  4486.792 9.984E-01
  4486.935 9.981E-01
  4487.078 9.978E-01
  4487.221 9.975E-01
  4487.364 9.972E-01
  4487.507 9.967E-01
  4487.650 9.958E-01
  4487.793 9.947E-01
  4487.936 9.939E-01
  4488.079 9.931E-01
  4488.222 9.917E-01
  4488.365 9.887E-01
  4488.508 9.833E-01
  4488.651 9.764E-01
  4488.794 9.700E-01
  4488.937 9.656E-01
  4489.080 9.633E-01
  4489.223 9.630E-01
  4489.366 9.646E-01
  4489.509 9.683E-01
  4489.652 9.741E-01
  4489.795 9.816E-01
  4489.938 9.892E-01
  4490.081 9.948E-01
  4490.224 9.974E-01
  4490.367 9.973E-01
  4490.510 9.942E-01
  4490.653 9.875E-01
  4490.796 9.779E-01
  4490.939 9.682E-01
  4491.082 9.604E-01
  4491.225 9.556E-01
  4491.368 9.537E-01
  4491.511 9.547E-01
  4491.654 9.587E-01
  4491.797 9.656E-01
  4491.940 9.748E-01
  4492.083 9.846E-01
  4492.226 9.925E-01
  4492.369 9.970E-01
  4492.512 9.988E-01
  4492.655 9.990E-01
  4492.798 9.983E-01
  4492.941 9.970E-01
  4493.084 9.957E-01
  4493.227 9.945E-01
  4493.370 9.938E-01
  4493.513 9.934E-01
  4493.656 9.933E-01
  4493.799 9.937E-01
  4493.942 9.944E-01
  4494.085 9.955E-01
  4494.228 9.968E-01
  4494.371 9.979E-01
  4494.514 9.986E-01
  4494.657 9.989E-01
  4494.800 9.990E-01
  4494.943 9.990E-01
  4495.086 9.990E-01
  4495.229 9.990E-01
  4495.372 9.990E-01
  4495.515 9.990E-01
  4495.658 9.990E-01
  4495.801 9.991E-01
  4495.944 9.992E-01
  4496.087 9.994E-01
  4496.230 9.995E-01
  4496.373 9.996E-01
  4496.516 9.996E-01
  4496.659 9.996E-01
  4496.802 9.994E-01
  4496.945 9.992E-01
  4497.088 9.989E-01
  4497.231 9.987E-01
  4497.374 9.984E-01
  4497.517 9.983E-01
  4497.660 9.983E-01
  4497.803 9.983E-01
  4497.946 9.985E-01
  4498.089 9.987E-01
  4498.232 9.988E-01
  4498.375 9.989E-01
  4498.518 9.989E-01
  4498.661 9.987E-01
  4498.804 9.983E-01
  4498.947 9.977E-01
  4499.090 9.969E-01
  4499.233 9.961E-01
  4499.376 9.956E-01
  4499.519 9.953E-01
  4499.662 9.953E-01
  4499.805 9.955E-01
  4499.948 9.959E-01
  4500.091 9.962E-01
  4500.234 9.963E-01
  4500.377 9.952E-01
  4500.520 9.922E-01
  4500.663 9.872E-01
  4500.806 9.816E-01
  4500.949 9.771E-01
  4501.092 9.741E-01
  4501.235 9.728E-01
  4501.378 9.732E-01
  4501.521 9.753E-01
  4501.664 9.791E-01
  4501.807 9.843E-01
  4501.950 9.900E-01
  4502.093 9.950E-01
  4502.236 9.979E-01
  4502.379 9.992E-01
  4502.522 9.996E-01
  4502.665 9.996E-01
  4502.808 9.996E-01
  4502.951 9.996E-01
  4503.094 9.995E-01
  4503.237 9.995E-01
  4503.380 9.995E-01
  4503.523 9.995E-01
  4503.666 9.994E-01
  4503.809 9.993E-01
  4503.952 9.992E-01
  4504.095 9.991E-01
  4504.238 9.990E-01
  4504.381 9.990E-01
  4504.524 9.990E-01
  4504.667 9.991E-01
  4504.810 9.992E-01
  4504.953 9.994E-01
  4505.096 9.996E-01
  4505.239 9.997E-01
  4505.382 9.997E-01
  4505.525 9.998E-01
  4505.668 9.998E-01
  4505.811 9.997E-01
  4505.954 9.997E-01
  4506.097 9.996E-01
  4506.240 9.994E-01
  4506.383 9.989E-01
  4506.526 9.983E-01
  4506.669 9.976E-01
  4506.812 9.970E-01
  4506.955 9.965E-01
  4507.098 9.959E-01
  4507.241 9.942E-01
  4507.384 9.900E-01
  4507.527 9.819E-01
  4507.670 9.706E-01
  4507.813 9.593E-01
  4507.956 9.503E-01
  4508.099 9.445E-01
  4508.242 9.422E-01
  4508.385 9.434E-01
  4508.528 9.480E-01
  4508.671 9.562E-01
  4508.814 9.673E-01
  4508.957 9.793E-01
  4509.100 9.890E-01
  4509.243 9.947E-01
  4509.386 9.971E-01
  4509.529 9.980E-01
  4509.672 9.983E-01
  4509.815 9.984E-01
  4509.958 9.985E-01
  4510.101 9.984E-01
  4510.244 9.983E-01
  4510.387 9.981E-01
  4510.530 9.981E-01
  4510.673 9.981E-01
  4510.816 9.982E-01
  4510.959 9.983E-01
  4511.102 9.982E-01
  4511.245 9.981E-01
  4511.388 9.977E-01
  4511.531 9.971E-01
  4511.674 9.966E-01
  4511.817 9.960E-01
  4511.960 9.956E-01
  4512.103 9.954E-01
  4512.246 9.954E-01
  4512.389 9.957E-01
  4512.532 9.963E-01
  4512.675 9.969E-01
  4512.818 9.976E-01
  4512.961 9.982E-01
  4513.104 9.987E-01
  4513.247 9.991E-01
  4513.390 9.994E-01
  4513.533 9.996E-01
  4513.676 9.997E-01
  4513.819 9.997E-01
  4513.962 9.996E-01
  4514.105 9.994E-01
  4514.248 9.983E-01
  4514.391 9.953E-01
  4514.534 9.886E-01
  4514.677 9.777E-01
  4514.820 9.652E-01
  4514.963 9.541E-01
  4515.106 9.459E-01
  4515.249 9.413E-01
  4515.392 9.404E-01
  4515.535 9.433E-01
  4515.678 9.500E-01
  4515.821 9.603E-01
  4515.964 9.726E-01
  4516.107 9.844E-01
  4516.250 9.924E-01
  4516.393 9.966E-01
  4516.536 9.984E-01
  4516.679 9.991E-01
  4516.822 9.993E-01
  4516.965 9.994E-01
  4517.108 9.994E-01
  4517.251 9.995E-01
  4517.394 9.995E-01
  4517.537 9.996E-01
  4517.680 9.995E-01
  4517.823 9.995E-01
  4517.966 9.994E-01
  4518.109 9.993E-01
  4518.252 9.992E-01
  4518.395 9.990E-01
  4518.538 9.988E-01
  4518.681 9.987E-01
  4518.824 9.986E-01
  4518.967 9.985E-01
  4519.110 9.979E-01
  4519.253 9.960E-01
  4519.396 9.913E-01
  4519.539 9.831E-01
  4519.682 9.732E-01
  4519.825 9.639E-01
  4519.968 9.571E-01
  4520.111 9.532E-01
  4520.254 9.522E-01
  4520.397 9.543E-01
  4520.540 9.594E-01
  4520.683 9.674E-01
  4520.826 9.775E-01
  4520.969 9.873E-01
  4521.112 9.943E-01
  4521.255 9.979E-01
  4521.398 9.990E-01
  4521.541 9.981E-01
  4521.684 9.944E-01
  4521.827 9.861E-01
  4521.970 9.724E-01
  4522.113 9.565E-01
  4522.256 9.423E-01
  4522.399 9.321E-01
  4522.542 9.266E-01
  4522.685 9.258E-01
  4522.828 9.297E-01
  4522.971 9.383E-01
  4523.114 9.513E-01
  4523.257 9.669E-01
  4523.400 9.818E-01
  4523.543 9.920E-01
  4523.686 9.969E-01
  4523.829 9.984E-01
  4523.972 9.983E-01
  4524.115 9.974E-01
  4524.258 9.962E-01
  4524.401 9.948E-01
  4524.544 9.935E-01
  4524.687 9.925E-01
  4524.830 9.920E-01
  4524.973 9.921E-01
  4525.116 9.926E-01
  4525.259 9.935E-01
  4525.402 9.947E-01
  4525.545 9.959E-01
  4525.688 9.970E-01
  4525.831 9.976E-01
  4525.974 9.978E-01
  4526.117 9.977E-01
  4526.260 9.975E-01
  4526.403 9.974E-01
  4526.546 9.974E-01
  4526.689 9.976E-01
  4526.832 9.979E-01
  4526.975 9.983E-01
  4527.118 9.988E-01
  4527.261 9.993E-01
  4527.404 9.996E-01
  4527.547 9.997E-01
  4527.690 9.995E-01
  4527.833 9.991E-01
  4527.976 9.985E-01
  4528.119 9.979E-01
  4528.262 9.973E-01
  4528.405 9.968E-01
  4528.548 9.962E-01
  4528.691 9.955E-01
  4528.834 9.947E-01
  4528.977 9.940E-01
  4529.120 9.935E-01
  4529.263 9.934E-01
  4529.406 9.936E-01
  4529.549 9.939E-01
  4529.692 9.944E-01
  4529.835 9.952E-01
  4529.978 9.961E-01
  4530.121 9.972E-01
  4530.264 9.981E-01
  4530.407 9.988E-01
  4530.550 9.991E-01
  4530.693 9.992E-01
  4530.836 9.992E-01
  4530.979 9.992E-01
  4531.122 9.992E-01
  4531.265 9.991E-01
  4531.408 9.989E-01
  4531.551 9.987E-01
  4531.694 9.984E-01
  4531.837 9.982E-01
  4531.980 9.981E-01
  4532.123 9.980E-01
  4532.266 9.981E-01
  4532.409 9.982E-01
  4532.552 9.984E-01
  4532.695 9.985E-01
  4532.838 9.983E-01
  4532.981 9.969E-01
  4533.124 9.931E-01
  4533.267 9.860E-01
  4533.410 9.759E-01
  4533.553 9.646E-01
  4533.696 9.543E-01
  4533.839 9.469E-01
  4533.982 9.429E-01
  4534.125 9.426E-01
  4534.268 9.460E-01
  4534.411 9.530E-01
  4534.554 9.630E-01
  4534.697 9.745E-01
  4534.840 9.849E-01
  4534.983 9.926E-01
  4535.126 9.969E-01
  4535.269 9.989E-01
  4535.412 9.996E-01
  4535.555 9.998E-01
  4535.698 9.998E-01
  4535.841 9.998E-01
  4535.984 9.998E-01
  4536.127 9.998E-01
  4536.270 9.999E-01
  4536.413 9.999E-01
  4536.556 9.999E-01
  4536.699 9.999E-01
  4536.842 9.999E-01
  4536.985 9.999E-01
  4537.128 9.999E-01
  4537.271 9.999E-01
  4537.414 9.999E-01
  4537.557 9.998E-01
  4537.700 9.998E-01
  4537.843 9.998E-01
  4537.986 9.997E-01
  4538.129 9.996E-01
  4538.272 9.995E-01
  4538.415 9.994E-01
  4538.558 9.993E-01
  4538.701 9.991E-01
  4538.844 9.987E-01
  4538.987 9.981E-01
  4539.130 9.974E-01
  4539.273 9.969E-01
  4539.416 9.966E-01
  4539.559 9.965E-01
  4539.702 9.966E-01
  4539.845 9.968E-01
  4539.988 9.972E-01
  4540.131 9.978E-01
  4540.274 9.982E-01
  4540.417 9.982E-01
  4540.560 9.968E-01
  4540.703 9.930E-01
  4540.846 9.866E-01
  4540.989 9.791E-01
  4541.132 9.725E-01
  4541.275 9.677E-01
  4541.418 9.651E-01
  4541.561 9.648E-01
  4541.704 9.666E-01
  4541.847 9.706E-01
  4541.990 9.767E-01
  4542.133 9.841E-01
  4542.276 9.912E-01
  4542.419 9.962E-01
  4542.562 9.986E-01
  4542.705 9.995E-01
  4542.848 9.998E-01
  4542.991 9.998E-01
  4543.134 9.998E-01
  4543.277 9.997E-01
  4543.420 9.996E-01
  4543.563 9.995E-01
  4543.706 9.995E-01
  4543.849 9.994E-01
  4543.992 9.993E-01
  4544.135 9.992E-01
  4544.278 9.991E-01
  4544.421 9.990E-01
  4544.564 9.988E-01
  4544.707 9.986E-01
  4544.850 9.985E-01
  4544.993 9.984E-01
  4545.136 9.983E-01
  4545.279 9.984E-01
  4545.422 9.985E-01
  4545.565 9.986E-01
  4545.708 9.989E-01
  4545.851 9.991E-01
  4545.994 9.992E-01
  4546.137 9.993E-01
  4546.280 9.992E-01
  4546.423 9.992E-01
  4546.566 9.990E-01
  4546.709 9.989E-01
  4546.852 9.989E-01
  4546.995 9.988E-01
  4547.138 9.989E-01
  4547.281 9.990E-01
  4547.424 9.991E-01
  4547.567 9.992E-01
  4547.710 9.993E-01
  4547.853 9.994E-01
  4547.996 9.994E-01
  4548.139 9.987E-01
  4548.282 9.965E-01
  4548.425 9.909E-01
  4548.568 9.795E-01
  4548.711 9.602E-01
  4548.854 9.334E-01
  4548.997 9.042E-01
  4549.140 8.788E-01
  4549.283 8.614E-01
  4549.426 8.533E-01
  4549.569 8.546E-01
  4549.712 8.652E-01
  4549.855 8.844E-01
  4549.998 9.102E-01
  4550.141 9.390E-01
  4550.284 9.652E-01
  4550.427 9.837E-01
  4550.570 9.936E-01
  4550.713 9.976E-01
  4550.856 9.988E-01
  4550.999 9.992E-01
  4551.142 9.993E-01
  4551.285 9.995E-01
  4551.428 9.995E-01
  4551.571 9.993E-01
  4551.714 9.988E-01
  4551.857 9.980E-01
  4552.000 9.971E-01
  4552.143 9.962E-01
  4552.286 9.955E-01
  4552.429 9.948E-01
  4552.572 9.943E-01
  4552.715 9.939E-01
  4552.858 9.938E-01
  4553.001 9.941E-01
  4553.144 9.947E-01
  4553.287 9.954E-01
  4553.430 9.959E-01
  4553.573 9.963E-01
  4553.716 9.967E-01
  4553.859 9.971E-01
  4554.002 9.970E-01
  4554.145 9.959E-01
  4554.288 9.932E-01
  4554.431 9.895E-01
  4554.574 9.857E-01
  4554.717 9.826E-01
  4554.860 9.795E-01
  4555.003 9.752E-01
  4555.146 9.678E-01
  4555.289 9.574E-01
  4555.432 9.472E-01
  4555.575 9.399E-01
  4555.718 9.362E-01
  4555.861 9.355E-01
  4556.004 9.373E-01
  4556.147 9.418E-01
  4556.290 9.497E-01
  4556.433 9.610E-01
  4556.576 9.741E-01
  4556.719 9.860E-01
  4556.862 9.938E-01
  4557.005 9.977E-01
  4557.148 9.992E-01
  4557.291 9.997E-01
  4557.434 9.995E-01
  4557.577 9.985E-01
  4557.720 9.953E-01
  4557.863 9.886E-01
  4558.006 9.781E-01
  4558.149 9.662E-01
  4558.292 9.559E-01
  4558.435 9.486E-01
  4558.578 9.449E-01
  4558.721 9.445E-01
  4558.864 9.475E-01
  4559.007 9.540E-01
  4559.150 9.638E-01
  4559.293 9.754E-01
  4559.436 9.864E-01
  4559.579 9.938E-01
  4559.722 9.975E-01
  4559.865 9.989E-01
  4560.008 9.994E-01
  4560.151 9.997E-01
  4560.294 9.998E-01
  4560.437 9.999E-01
  4560.580 1.000E+00
  4560.723 1.000E+00
  4560.866 1.000E+00
  4561.009 1.000E+00
  4561.152 1.000E+00
  4561.295 1.000E+00
  4561.438 1.000E+00
  4561.581 9.999E-01
  4561.724 9.999E-01
  4561.867 9.999E-01
  4562.010 1.000E+00
  4562.153 1.000E+00
  4562.296 9.999E-01
  4562.439 9.998E-01
  4562.582 9.994E-01
  4562.725 9.985E-01
  4562.868 9.963E-01
  4563.011 9.923E-01
  4563.154 9.868E-01
  4563.297 9.813E-01
  4563.440 9.770E-01
  4563.583 9.742E-01
  4563.726 9.731E-01
  4563.869 9.734E-01
  4564.012 9.753E-01
  4564.155 9.787E-01
  4564.298 9.836E-01
  4564.441 9.890E-01
  4564.584 9.935E-01
  4564.727 9.960E-01
  4564.870 9.966E-01
  4565.013 9.960E-01
  4565.156 9.948E-01
  4565.299 9.935E-01
  4565.442 9.926E-01
  4565.585 9.921E-01
  4565.728 9.920E-01
  4565.871 9.924E-01
  4566.014 9.931E-01
  4566.157 9.943E-01
  4566.300 9.959E-01
  4566.443 9.976E-01
  4566.586 9.989E-01
  4566.729 9.996E-01
  4566.872 9.999E-01
  4567.015 9.998E-01
  4567.158 9.996E-01
  4567.301 9.993E-01
  4567.444 9.989E-01
  4567.587 9.987E-01
  4567.730 9.984E-01
  4567.873 9.983E-01
  4568.016 9.983E-01
  4568.159 9.984E-01
  4568.302 9.986E-01
  4568.445 9.989E-01
  4568.588 9.992E-01
  4568.731 9.994E-01
  4568.874 9.995E-01
  4569.017 9.995E-01
  4569.160 9.996E-01
  4569.303 9.996E-01
  4569.446 9.996E-01
  4569.589 9.997E-01
  4569.732 9.997E-01
  4569.875 9.998E-01
  4570.018 9.999E-01
  4570.161 1.000E+00
  4570.304 1.000E+00
  4570.447 1.000E+00
  4570.590 1.000E+00
  4570.733 9.999E-01
  4570.876 9.993E-01
  4571.019 9.976E-01
  4571.162 9.939E-01
  4571.305 9.876E-01
  4571.448 9.805E-01
  4571.591 9.742E-01
  4571.734 9.697E-01
  4571.877 9.673E-01
  4572.020 9.668E-01
  4572.163 9.682E-01
  4572.306 9.717E-01
  4572.449 9.773E-01
  4572.592 9.841E-01
  4572.735 9.909E-01
  4572.878 9.956E-01
  4573.021 9.980E-01
  4573.164 9.990E-01
  4573.307 9.994E-01
  4573.450 9.997E-01
  4573.593 9.999E-01
  4573.736 1.000E+00
  4573.879 1.000E+00
  4574.022 1.000E+00
  4574.165 9.998E-01
  4574.308 9.997E-01
  4574.451 9.997E-01
  4574.594 9.996E-01
  4574.737 9.996E-01
  4574.880 9.996E-01
  4575.023 9.996E-01
  4575.166 9.994E-01
  4575.309 9.982E-01
  4575.452 9.952E-01
  4575.595 9.895E-01
  4575.738 9.819E-01
  4575.881 9.746E-01
  4576.024 9.688E-01
  4576.167 9.653E-01
  4576.310 9.640E-01
  4576.453 9.649E-01
  4576.596 9.680E-01
  4576.739 9.733E-01
  4576.882 9.804E-01
  4577.025 9.880E-01
  4577.168 9.941E-01
  4577.311 9.976E-01
  4577.454 9.990E-01
  4577.597 9.994E-01
  4577.740 9.995E-01
  4577.883 9.995E-01
  4578.026 9.996E-01
  4578.169 9.997E-01
  4578.312 9.998E-01
  4578.455 9.999E-01
  4578.598 9.998E-01
  4578.741 9.993E-01
  4578.884 9.985E-01
  4579.027 9.972E-01
  4579.170 9.954E-01
  4579.313 9.928E-01
  4579.456 9.895E-01
  4579.599 9.865E-01
  4579.742 9.843E-01
  4579.885 9.832E-01
  4580.028 9.833E-01
  4580.171 9.844E-01
  4580.314 9.863E-01
  4580.457 9.888E-01
  4580.600 9.918E-01
  4580.743 9.950E-01
  4580.886 9.976E-01
  4581.029 9.992E-01
  4581.172 9.999E-01
  4581.315 1.000E+00
  4581.458 1.000E+00
  4581.601 9.999E-01
  4581.744 9.992E-01
  4581.887 9.972E-01
  4582.030 9.931E-01
  4582.173 9.869E-01
  4582.316 9.801E-01
  4582.459 9.744E-01
  4582.602 9.700E-01
  4582.745 9.658E-01
  4582.888 9.596E-01
  4583.031 9.490E-01
  4583.174 9.347E-01
  4583.317 9.208E-01
  4583.460 9.109E-01
  4583.603 9.056E-01
  4583.746 9.039E-01
  4583.889 9.059E-01
  4584.032 9.125E-01
  4584.175 9.245E-01
  4584.318 9.415E-01
  4584.461 9.613E-01
  4584.604 9.792E-01
  4584.747 9.911E-01
  4584.890 9.971E-01
  4585.033 9.994E-01
  4585.176 1.000E+00
  4585.319 1.000E+00
  4585.462 1.000E+00
  4585.605 1.000E+00
  4585.748 1.000E+00
  4585.891 1.000E+00
  4586.034 1.000E+00
  4586.177 1.000E+00
  4586.320 1.000E+00
  4586.463 1.000E+00
  4586.606 1.000E+00
  4586.749 1.000E+00
  4586.892 9.999E-01
  4587.035 9.995E-01
  4587.178 9.983E-01
  4587.321 9.952E-01
  4587.464 9.890E-01
  4587.607 9.799E-01
  4587.750 9.704E-01
  4587.893 9.627E-01
  4588.036 9.575E-01
  4588.179 9.551E-01
  4588.322 9.555E-01
  4588.465 9.586E-01
  4588.608 9.644E-01
  4588.751 9.727E-01
  4588.894 9.822E-01
  4589.037 9.902E-01
  4589.180 9.946E-01
  4589.323 9.958E-01
  4589.466 9.954E-01
  4589.609 9.945E-01
  4589.752 9.939E-01
  4589.895 9.935E-01
  4590.038 9.935E-01
  4590.181 9.937E-01
  4590.324 9.944E-01
  4590.467 9.953E-01
  4590.610 9.965E-01
  4590.753 9.975E-01
  4590.896 9.979E-01
  4591.039 9.976E-01
  4591.182 9.959E-01
  4591.325 9.926E-01
  4591.468 9.879E-01
  4591.611 9.833E-01
  4591.754 9.797E-01
  4591.897 9.775E-01
  4592.040 9.766E-01
  4592.183 9.771E-01
  4592.326 9.791E-01
  4592.469 9.825E-01
  4592.612 9.871E-01
  4592.755 9.921E-01
  4592.898 9.960E-01
  4593.041 9.982E-01
  4593.184 9.988E-01
  4593.327 9.988E-01
  4593.470 9.987E-01
  4593.613 9.986E-01
  4593.756 9.986E-01
  4593.899 9.987E-01
  4594.042 9.990E-01
  4594.185 9.994E-01
  4594.328 9.998E-01
  4594.471 1.000E+00
  4594.614 1.000E+00
  4594.757 1.000E+00
  4594.900 9.996E-01
  4595.043 9.982E-01
  4595.186 9.960E-01
  4595.329 9.929E-01
  4595.472 9.894E-01
  4595.615 9.863E-01
  4595.758 9.841E-01
  4595.901 9.831E-01
  4596.044 9.831E-01
  4596.187 9.843E-01
  4596.330 9.864E-01
  4596.473 9.894E-01
  4596.616 9.928E-01
  4596.759 9.961E-01
  4596.902 9.986E-01
  4597.045 1.000E+00
  4597.188 1.001E+00
  4597.331 1.001E+00
  4597.474 1.001E+00
  4597.617 1.000E+00
  4597.760 9.990E-01
  4597.903 9.976E-01
  4598.046 9.962E-01
  4598.189 9.951E-01
  4598.332 9.944E-01
  4598.475 9.941E-01
  4598.618 9.943E-01
  4598.761 9.948E-01
  4598.904 9.958E-01
  4599.047 9.971E-01
  4599.190 9.985E-01
  4599.333 9.997E-01
  4599.476 1.000E+00
  4599.619 1.001E+00
  4599.762 1.001E+00
  4599.905 1.001E+00
