  3980.000 9.792E-01
  3980.715 9.819E-01
  3981.430 9.835E-01
  3982.145 9.850E-01
  3982.860 9.866E-01
  3983.575 9.882E-01
  3984.290 9.896E-01
  3985.005 9.909E-01
  3985.720 9.921E-01
  3986.435 9.931E-01
  3987.150 9.938E-01
  3987.865 9.942E-01
  3988.580 9.945E-01
  3989.295 9.947E-01
  3990.010 9.948E-01
  3990.725 9.946E-01
  3991.440 9.945E-01
  3992.155 9.942E-01
  3992.870 9.941E-01
  3993.585 9.942E-01
  3994.300 9.945E-01
  3995.015 9.949E-01
  3995.730 9.952E-01
  3996.445 9.956E-01
  3997.160 9.960E-01
  3997.875 9.965E-01
  3998.590 9.969E-01
  3999.305 9.964E-01
  4000.020 9.955E-01
  4000.735 9.948E-01
  4001.450 9.943E-01
  4002.165 9.938E-01
  4002.880 9.932E-01
  4003.595 9.931E-01
  4004.310 9.934E-01
  4005.025 9.941E-01
  4005.740 9.942E-01
  4006.455 9.889E-01
  4007.170 9.843E-01
  4007.885 9.816E-01
  4008.600 9.804E-01
  4009.315 9.800E-01
  4010.030 9.805E-01
  4010.745 9.825E-01
  4011.460 9.861E-01
  4012.175 9.910E-01
  4012.890 9.955E-01
  4013.605 9.955E-01
  4014.320 9.950E-01
  4015.035 9.949E-01
  4015.750 9.951E-01
  4016.465 9.953E-01
  4017.180 9.956E-01
  4017.895 9.961E-01
  4018.610 9.967E-01
  4019.325 9.968E-01
  4020.040 9.961E-01
  4020.755 9.941E-01
  4021.470 9.901E-01
  4022.185 9.842E-01
  4022.900 9.718E-01
  4023.615 9.499E-01
  4024.330 9.318E-01
  4025.045 9.200E-01
  4025.760 9.143E-01
  4026.475 9.146E-01
  4027.190 9.214E-01
  4027.905 9.335E-01
  4028.620 9.501E-01
  4029.335 9.707E-01
  4030.050 9.851E-01
  4030.765 9.898E-01
  4031.480 9.917E-01
  4032.195 9.929E-01
  4032.910 9.933E-01
  4033.625 9.938E-01
  4034.340 9.944E-01
  4035.055 9.952E-01
  4035.770 9.962E-01
  4036.485 9.970E-01
  4037.200 9.972E-01
  4037.915 9.973E-01
  4038.630 9.975E-01
  4039.345 9.976E-01
  4040.060 9.976E-01
  4040.775 9.975E-01
  4041.490 9.974E-01
  4042.205 9.973E-01
  4042.920 9.973E-01
  4043.635 9.973E-01
  4044.350 9.974E-01
  4045.065 9.975E-01
  4045.780 9.974E-01
  4046.495 9.972E-01
  4047.210 9.971E-01
  4047.925 9.970E-01
  4048.640 9.968E-01
  4049.355 9.966E-01
  4050.070 9.966E-01
  4050.785 9.966E-01
  4051.500 9.969E-01
  4052.215 9.975E-01
  4052.930 9.977E-01
  4053.645 9.978E-01
  4054.360 9.975E-01
  4055.075 9.973E-01
  4055.790 9.971E-01
  4056.505 9.970E-01
  4057.220 9.969E-01
  4057.935 9.969E-01
  4058.650 9.968E-01
  4059.365 9.968E-01
  4060.080 9.970E-01
  4060.795 9.975E-01
  4061.510 9.976E-01
  4062.225 9.977E-01
  4062.940 9.978E-01
  4063.655 9.974E-01
  4064.370 9.953E-01
  4065.085 9.939E-01
  4065.800 9.930E-01
  4066.515 9.924E-01
  4067.230 9.918E-01
  4067.945 9.915E-01
  4068.660 9.918E-01
  4069.375 9.922E-01
  4070.090 9.934E-01
  4070.805 9.946E-01
  4071.520 9.945E-01
  4072.235 9.939E-01
  4072.950 9.927E-01
  4073.665 9.915E-01
  4074.380 9.906E-01
  4075.095 9.900E-01
  4075.810 9.900E-01
  4076.525 9.900E-01
  4077.240 9.905E-01
  4077.955 9.915E-01
  4078.670 9.930E-01
  4079.385 9.942E-01
  4080.100 9.947E-01
  4080.815 9.947E-01
  4081.530 9.945E-01
  4082.245 9.941E-01
  4082.960 9.937E-01
  4083.675 9.932E-01
  4084.390 9.927E-01
  4085.105 9.920E-01
  4085.820 9.913E-01
  4086.535 9.903E-01
  4087.250 9.892E-01
  4087.965 9.880E-01
  4088.680 9.866E-01
  4089.395 9.848E-01
  4090.110 9.825E-01
  4090.825 9.797E-01
  4091.540 9.761E-01
  4092.255 9.716E-01
  4092.970 9.658E-01
  4093.685 9.581E-01
  4094.400 9.480E-01
  4095.115 9.344E-01
  4095.830 9.161E-01
  4096.545 8.912E-01
  4097.260 8.576E-01
  4097.975 8.122E-01
  4098.690 7.523E-01
  4099.405 6.890E-01
  4100.120 6.353E-01
  4100.835 5.981E-01
  4101.550 5.814E-01
  4102.265 5.869E-01
  4102.980 6.141E-01
  4103.695 6.601E-01
  4104.410 7.197E-01
  4105.125 7.836E-01
  4105.840 8.365E-01
  4106.555 8.758E-01
  4107.270 9.049E-01
  4107.985 9.260E-01
  4108.700 9.414E-01
  4109.415 9.526E-01
  4110.130 9.611E-01
  4110.845 9.676E-01
  4111.560 9.727E-01
  4112.275 9.769E-01
  4112.990 9.803E-01
  4113.705 9.833E-01
  4114.420 9.859E-01
  4115.135 9.879E-01
  4115.850 9.894E-01
  4116.565 9.901E-01
  4117.280 9.895E-01
  4117.995 9.831E-01
  4118.710 9.778E-01
  4119.425 9.740E-01
  4120.140 9.716E-01
  4120.855 9.709E-01
  4121.570 9.718E-01
  4122.285 9.744E-01
  4123.000 9.788E-01
  4123.715 9.850E-01
  4124.430 9.916E-01
  4125.145 9.869E-01
  4125.860 9.818E-01
  4126.575 9.784E-01
  4127.290 9.750E-01
  4128.005 9.660E-01
  4128.720 9.600E-01
  4129.435 9.576E-01
  4130.150 9.583E-01
  4130.865 9.629E-01
  4131.580 9.713E-01
  4132.295 9.754E-01
  4133.010 9.799E-01
  4133.725 9.866E-01
  4134.440 9.956E-01
  4135.155 9.972E-01
  4135.870 9.975E-01
  4136.585 9.977E-01
  4137.300 9.976E-01
  4138.015 9.975E-01
  4138.730 9.974E-01
  4139.445 9.967E-01
  4140.160 9.952E-01
  4140.875 9.884E-01
  4141.590 9.829E-01
  4142.305 9.784E-01
  4143.020 9.756E-01
  4143.735 9.742E-01
  4144.450 9.744E-01
  4145.165 9.765E-01
  4145.880 9.806E-01
  4146.595 9.861E-01
  4147.310 9.933E-01
  4148.025 9.952E-01
  4148.740 9.963E-01
  4149.455 9.967E-01
  4150.170 9.959E-01
  4150.885 9.953E-01
  4151.600 9.948E-01
  4152.315 9.947E-01
  4153.030 9.949E-01
  4153.745 9.954E-01
  4154.460 9.960E-01
  4155.175 9.967E-01
  4155.890 9.977E-01
  4156.605 9.991E-01
  4157.320 9.993E-01
  4158.035 9.992E-01
  4158.750 9.991E-01
  4159.465 9.982E-01
  4160.180 9.968E-01
  4160.895 9.955E-01
  4161.610 9.946E-01
  4162.325 9.938E-01
  4163.040 9.935E-01
  4163.755 9.936E-01
  4164.470 9.941E-01
  4165.185 9.945E-01
  4165.900 9.937E-01
  4166.615 9.929E-01
  4167.330 9.921E-01
  4168.045 9.916E-01
  4168.760 9.914E-01
  4169.475 9.911E-01
  4170.190 9.901E-01
  4170.905 9.886E-01
  4171.620 9.880E-01
  4172.335 9.889E-01
  4173.050 9.892E-01
  4173.765 9.891E-01
  4174.480 9.891E-01
  4175.195 9.890E-01
  4175.910 9.875E-01
  4176.625 9.871E-01
  4177.340 9.877E-01
  4178.055 9.874E-01
  4178.770 9.872E-01
  4179.485 9.878E-01
  4180.200 9.892E-01
  4180.915 9.915E-01
  4181.630 9.945E-01
  4182.345 9.977E-01
  4183.060 9.986E-01
  4183.775 9.985E-01
  4184.490 9.980E-01
  4185.205 9.975E-01
  4185.920 9.971E-01
  4186.635 9.964E-01
  4187.350 9.957E-01
  4188.065 9.951E-01
  4188.780 9.948E-01
  4189.495 9.948E-01
  4190.210 9.952E-01
  4190.925 9.958E-01
  4191.640 9.965E-01
  4192.355 9.971E-01
  4193.070 9.980E-01
  4193.785 9.987E-01
  4194.500 9.991E-01
  4195.215 9.990E-01
  4195.930 9.989E-01
  4196.645 9.986E-01
  4197.360 9.980E-01
  4198.075 9.969E-01
  4198.790 9.962E-01
  4199.505 9.956E-01
  4200.220 9.954E-01
  4200.935 9.954E-01
  4201.650 9.958E-01
  4202.365 9.962E-01
  4203.080 9.967E-01
  4203.795 9.974E-01
  4204.510 9.982E-01
  4205.225 9.983E-01
  4205.940 9.985E-01
  4206.655 9.986E-01
  4207.370 9.987E-01
  4208.085 9.988E-01
  4208.800 9.990E-01
  4209.515 9.992E-01
  4210.230 9.993E-01
  4210.945 9.993E-01
  4211.660 9.993E-01
  4212.375 9.993E-01
  4213.090 9.992E-01
  4213.805 9.990E-01
  4214.520 9.987E-01
  4215.235 9.984E-01
  4215.950 9.983E-01
  4216.665 9.983E-01
  4217.380 9.984E-01
  4218.095 9.985E-01
  4218.810 9.986E-01
  4219.525 9.986E-01
  4220.240 9.987E-01
  4220.955 9.988E-01
  4221.670 9.987E-01
  4222.385 9.986E-01
  4223.100 9.985E-01
  4223.815 9.986E-01
  4224.530 9.986E-01
  4225.245 9.988E-01
  4225.960 9.990E-01
  4226.675 9.991E-01
  4227.390 9.991E-01
  4228.105 9.988E-01
  4228.820 9.985E-01
  4229.535 9.976E-01
  4230.250 9.925E-01
  4230.965 9.889E-01
  4231.680 9.866E-01
  4232.395 9.853E-01
  4233.110 9.849E-01
  4233.825 9.855E-01
  4234.540 9.871E-01
  4235.255 9.893E-01
  4235.970 9.928E-01
  4236.685 9.978E-01
  4237.400 9.988E-01
  4238.115 9.988E-01
  4238.830 9.987E-01
  4239.545 9.981E-01
  4240.260 9.977E-01
  4240.975 9.975E-01
  4241.690 9.972E-01
  4242.405 9.971E-01
  4243.120 9.971E-01
  4243.835 9.970E-01
  4244.550 9.972E-01
  4245.265 9.977E-01
  4245.980 9.983E-01
  4246.695 9.984E-01
  4247.410 9.984E-01
  4248.125 9.985E-01
  4248.840 9.985E-01
  4249.555 9.985E-01
  4250.270 9.983E-01
  4250.985 9.980E-01
  4251.700 9.976E-01
  4252.415 9.975E-01
  4253.130 9.975E-01
  4253.845 9.975E-01
  4254.560 9.973E-01
  4255.275 9.966E-01
  4255.990 9.959E-01
  4256.705 9.955E-01
  4257.420 9.954E-01
  4258.135 9.953E-01
  4258.850 9.951E-01
  4259.565 9.953E-01
  4260.280 9.957E-01
  4260.995 9.964E-01
  4261.710 9.973E-01
  4262.425 9.979E-01
  4263.140 9.977E-01
  4263.855 9.944E-01
  4264.570 9.896E-01
  4265.285 9.862E-01
  4266.000 9.839E-01
  4266.715 9.824E-01
  4267.430 9.821E-01
  4268.145 9.828E-01
  4268.860 9.847E-01
  4269.575 9.878E-01
  4270.290 9.918E-01
  4271.005 9.960E-01
  4271.720 9.968E-01
  4272.435 9.967E-01
  4273.150 9.968E-01
  4273.865 9.968E-01
  4274.580 9.967E-01
  4275.295 9.964E-01
  4276.010 9.963E-01
  4276.725 9.965E-01
  4277.440 9.967E-01
  4278.155 9.968E-01
  4278.870 9.970E-01
  4279.585 9.969E-01
  4280.300 9.970E-01
  4281.015 9.971E-01
  4281.730 9.973E-01
  4282.445 9.974E-01
  4283.160 9.971E-01
  4283.875 9.969E-01
  4284.590 9.968E-01
  4285.305 9.970E-01
  4286.020 9.973E-01
  4286.735 9.976E-01
  4287.450 9.977E-01
  4288.165 9.978E-01
  4288.880 9.980E-01
  4289.595 9.981E-01
  4290.310 9.981E-01
  4291.025 9.975E-01
  4291.740 9.966E-01
  4292.455 9.959E-01
  4293.170 9.948E-01
  4293.885 9.935E-01
  4294.600 9.927E-01
  4295.315 9.923E-01
  4296.030 9.924E-01
  4296.745 9.926E-01
  4297.460 9.932E-01
  4298.175 9.943E-01
  4298.890 9.948E-01
  4299.605 9.950E-01
  4300.320 9.940E-01
  4301.035 9.926E-01
  4301.750 9.915E-01
  4302.465 9.911E-01
  4303.180 9.913E-01
  4303.895 9.918E-01
  4304.610 9.923E-01
  4305.325 9.932E-01
  4306.040 9.947E-01
  4306.755 9.970E-01
  4307.470 9.973E-01
  4308.185 9.972E-01
  4308.900 9.972E-01
  4309.615 9.970E-01
  4310.330 9.968E-01
  4311.045 9.963E-01
  4311.760 9.956E-01
  4312.475 9.950E-01
  4313.190 9.945E-01
  4313.905 9.941E-01
  4314.620 9.937E-01
  4315.335 9.933E-01
  4316.050 9.931E-01
  4316.765 9.929E-01
  4317.480 9.928E-01
  4318.195 9.929E-01
  4318.910 9.927E-01
  4319.625 9.925E-01
  4320.340 9.925E-01
  4321.055 9.925E-01
  4321.770 9.924E-01
  4322.485 9.919E-01
  4323.200 9.912E-01
  4323.915 9.903E-01
  4324.630 9.894E-01
  4325.345 9.883E-01
  4326.060 9.868E-01
  4326.775 9.852E-01
  4327.490 9.834E-01
  4328.205 9.813E-01
  4328.920 9.788E-01
  4329.635 9.757E-01
  4330.350 9.716E-01
  4331.065 9.665E-01
  4331.780 9.602E-01
  4332.495 9.521E-01
  4333.210 9.415E-01
  4333.925 9.273E-01
  4334.640 9.081E-01
  4335.355 8.823E-01
  4336.070 8.479E-01
  4336.785 8.018E-01
  4337.500 7.436E-01
  4338.215 6.874E-01
  4338.930 6.418E-01
  4339.645 6.116E-01
  4340.360 5.996E-01
  4341.075 6.064E-01
  4341.790 6.317E-01
  4342.505 6.732E-01
  4343.220 7.267E-01
  4343.935 7.855E-01
  4344.650 8.356E-01
  4345.365 8.727E-01
  4346.080 9.005E-01
  4346.795 9.214E-01
  4347.510 9.369E-01
  4348.225 9.473E-01
  4348.940 9.530E-01
  4349.655 9.572E-01
  4350.370 9.610E-01
  4351.085 9.643E-01
  4351.800 9.677E-01
  4352.515 9.708E-01
  4353.230 9.742E-01
  4353.945 9.777E-01
  4354.660 9.815E-01
  4355.375 9.864E-01
  4356.090 9.886E-01
  4356.805 9.898E-01
  4357.520 9.907E-01
  4358.235 9.914E-01
  4358.950 9.916E-01
  4359.665 9.918E-01
  4360.380 9.923E-01
  4361.095 9.930E-01
  4361.810 9.935E-01
  4362.525 9.937E-01
  4363.240 9.941E-01
  4363.955 9.943E-01
  4364.670 9.946E-01
  4365.385 9.949E-01
  4366.100 9.948E-01
  4366.815 9.946E-01
  4367.530 9.945E-01
  4368.245 9.941E-01
  4368.960 9.940E-01
  4369.675 9.939E-01
  4370.390 9.940E-01
  4371.105 9.943E-01
  4371.820 9.947E-01
  4372.535 9.952E-01
  4373.250 9.957E-01
  4373.965 9.957E-01
  4374.680 9.960E-01
  4375.395 9.964E-01
  4376.110 9.967E-01
  4376.825 9.967E-01
  4377.540 9.967E-01
  4378.255 9.968E-01
  4378.970 9.969E-01
  4379.685 9.968E-01
  4380.400 9.968E-01
  4381.115 9.959E-01
  4381.830 9.937E-01
  4382.545 9.906E-01
  4383.260 9.880E-01
  4383.975 9.844E-01
  4384.690 9.752E-01
  4385.405 9.655E-01
  4386.120 9.591E-01
  4386.835 9.554E-01
  4387.550 9.535E-01
  4388.265 9.550E-01
  4388.980 9.588E-01
  4389.695 9.636E-01
  4390.410 9.706E-01
  4391.125 9.802E-01
  4391.840 9.897E-01
  4392.555 9.922E-01
  4393.270 9.931E-01
  4393.985 9.941E-01
  4394.700 9.949E-01
  4395.415 9.952E-01
  4396.130 9.954E-01
  4396.845 9.956E-01
  4397.560 9.961E-01
  4398.275 9.968E-01
  4398.990 9.978E-01
  4399.705 9.983E-01
  4400.420 9.981E-01
  4401.135 9.980E-01
  4401.850 9.978E-01
  4402.565 9.976E-01
  4403.280 9.974E-01
  4403.995 9.974E-01
  4404.710 9.972E-01
  4405.425 9.971E-01
  4406.140 9.969E-01
  4406.855 9.968E-01
  4407.570 9.967E-01
  4408.285 9.967E-01
  4409.000 9.969E-01
  4409.715 9.971E-01
  4410.430 9.974E-01
  4411.145 9.975E-01
  4411.860 9.975E-01
  4412.575 9.975E-01
  4413.290 9.968E-01
  4414.005 9.947E-01
  4414.720 9.932E-01
  4415.435 9.921E-01
  4416.150 9.908E-01
  4416.865 9.896E-01
  4417.580 9.892E-01
  4418.295 9.895E-01
  4419.010 9.904E-01
  4419.725 9.919E-01
  4420.440 9.943E-01
  4421.155 9.958E-01
  4421.870 9.967E-01
  4422.585 9.976E-01
  4423.300 9.988E-01
  4424.015 9.989E-01
  4424.730 9.985E-01
  4425.445 9.982E-01
  4426.160 9.980E-01
  4426.875 9.977E-01
  4427.590 9.971E-01
  4428.305 9.964E-01
  4429.020 9.959E-01
  4429.735 9.958E-01
  4430.450 9.954E-01
  4431.165 9.949E-01
  4431.880 9.949E-01
  4432.595 9.948E-01
  4433.310 9.947E-01
  4434.025 9.938E-01
  4434.740 9.921E-01
  4435.455 9.907E-01
  4436.170 9.899E-01
  4436.885 9.897E-01
  4437.600 9.901E-01
  4438.315 9.908E-01
  4439.030 9.918E-01
  4439.745 9.933E-01
  4440.460 9.952E-01
  4441.175 9.976E-01
  4441.890 9.984E-01
  4442.605 9.982E-01
  4443.320 9.979E-01
  4444.035 9.976E-01
  4444.750 9.975E-01
  4445.465 9.974E-01
  4446.180 9.973E-01
  4446.895 9.974E-01
  4447.610 9.976E-01
  4448.325 9.972E-01
  4449.040 9.969E-01
  4449.755 9.967E-01
  4450.470 9.966E-01
  4451.185 9.967E-01
  4451.900 9.965E-01
  4452.615 9.965E-01
  4453.330 9.965E-01
  4454.045 9.967E-01
  4454.760 9.970E-01
  4455.475 9.976E-01
  4456.190 9.977E-01
  4456.905 9.979E-01
  4457.620 9.980E-01
  4458.335 9.980E-01
  4459.050 9.981E-01
  4459.765 9.979E-01
  4460.480 9.975E-01
  4461.195 9.970E-01
  4461.910 9.967E-01
  4462.625 9.964E-01
  4463.340 9.962E-01
  4464.055 9.958E-01
  4464.770 9.952E-01
  4465.485 9.939E-01
  4466.200 9.913E-01
  4466.915 9.864E-01
  4467.630 9.778E-01
  4468.345 9.599E-01
  4469.060 9.431E-01
  4469.775 9.306E-01
  4470.490 9.231E-01
  4471.205 9.203E-01
  4471.920 9.221E-01
  4472.635 9.284E-01
  4473.350 9.391E-01
  4474.065 9.535E-01
  4474.780 9.704E-01
  4475.495 9.864E-01
  4476.210 9.927E-01
  4476.925 9.944E-01
  4477.640 9.893E-01
  4478.355 9.779E-01
  4479.070 9.696E-01
  4479.785 9.642E-01
  4480.500 9.610E-01
  4481.215 9.601E-01
  4481.930 9.614E-01
  4482.645 9.650E-01
  4483.360 9.708E-01
  4484.075 9.795E-01
  4484.790 9.913E-01
  4485.505 9.975E-01
  4486.220 9.971E-01
  4486.935 9.963E-01
  4487.650 9.955E-01
  4488.365 9.934E-01
  4489.080 9.920E-01
  4489.795 9.913E-01
  4490.510 9.910E-01
  4491.225 9.912E-01
  4491.940 9.920E-01
  4492.655 9.933E-01
  4493.370 9.948E-01
  4494.085 9.959E-01
  4494.800 9.974E-01
  4495.515 9.987E-01
  4496.230 9.989E-01
  4496.945 9.988E-01
  4497.660 9.987E-01
  4498.375 9.984E-01
  4499.090 9.982E-01
  4499.805 9.981E-01
  4500.520 9.981E-01
  4501.235 9.983E-01
  4501.950 9.985E-01
  4502.665 9.987E-01
  4503.380 9.990E-01
  4504.095 9.989E-01
  4504.810 9.974E-01
  4505.525 9.953E-01
  4506.240 9.936E-01
  4506.955 9.925E-01
  4507.670 9.919E-01
  4508.385 9.916E-01
  4509.100 9.916E-01
  4509.815 9.920E-01
  4510.530 9.930E-01
  4511.245 9.945E-01
  4511.960 9.949E-01
  4512.675 9.938E-01
  4513.390 9.925E-01
  4514.105 9.917E-01
  4514.820 9.914E-01
  4515.535 9.917E-01
  4516.250 9.922E-01
  4516.965 9.913E-01
  4517.680 9.911E-01
  4518.395 9.917E-01
  4519.110 9.917E-01
  4519.825 9.890E-01
  4520.540 9.869E-01
  4521.255 9.854E-01
  4521.970 9.843E-01
  4522.685 9.843E-01
  4523.400 9.856E-01
  4524.115 9.881E-01
  4524.830 9.896E-01
  4525.545 9.916E-01
  4526.260 9.942E-01
  4526.975 9.958E-01
  4527.690 9.962E-01
  4528.405 9.968E-01
  4529.120 9.974E-01
  4529.835 9.975E-01
  4530.550 9.970E-01
  4531.265 9.963E-01
  4531.980 9.960E-01
  4532.695 9.962E-01
  4533.410 9.964E-01
  4534.125 9.964E-01
  4534.840 9.965E-01
  4535.555 9.968E-01
  4536.270 9.973E-01
  4536.985 9.980E-01
  4537.700 9.988E-01
  4538.415 9.981E-01
  4539.130 9.973E-01
  4539.845 9.967E-01
  4540.560 9.963E-01
  4541.275 9.961E-01
  4541.990 9.960E-01
  4542.705 9.961E-01
  4543.420 9.964E-01
  4544.135 9.969E-01
  4544.850 9.976E-01
  4545.565 9.975E-01
  4546.280 9.923E-01
  4546.995 9.880E-01
  4547.710 9.852E-01
  4548.425 9.833E-01
  4549.140 9.814E-01
  4549.855 9.802E-01
  4550.570 9.802E-01
  4551.285 9.814E-01
  4552.000 9.833E-01
  4552.715 9.845E-01
  4553.430 9.874E-01
  4554.145 9.869E-01
  4554.860 9.863E-01
  4555.575 9.849E-01
  4556.290 9.850E-01
  4557.005 9.852E-01
  4557.720 9.858E-01
  4558.435 9.872E-01
  4559.150 9.896E-01
  4559.865 9.925E-01
  4560.580 9.932E-01
  4561.295 9.939E-01
  4562.010 9.951E-01
  4562.725 9.964E-01
  4563.440 9.964E-01
  4564.155 9.960E-01
  4564.870 9.953E-01
  4565.585 9.948E-01
  4566.300 9.946E-01
  4567.015 9.946E-01
  4567.730 9.947E-01
  4568.445 9.945E-01
  4569.160 9.943E-01
  4569.875 9.943E-01
  4570.590 9.945E-01
  4571.305 9.946E-01
  4572.020 9.947E-01
  4572.735 9.939E-01
  4573.450 9.928E-01
  4574.165 9.922E-01
  4574.880 9.919E-01
  4575.595 9.919E-01
  4576.310 9.918E-01
  4577.025 9.916E-01
  4577.740 9.918E-01
  4578.455 9.924E-01
  4579.170 9.926E-01
  4579.885 9.921E-01
  4580.600 9.881E-01
  4581.315 9.847E-01
  4582.030 9.826E-01
  4582.745 9.814E-01
  4583.460 9.811E-01
  4584.175 9.814E-01
  4584.890 9.812E-01
  4585.605 9.820E-01
  4586.320 9.840E-01
  4587.035 9.870E-01
  4587.750 9.905E-01
  4588.465 9.906E-01
  4589.180 9.902E-01
  4589.895 9.903E-01
  4590.610 9.906E-01
  4591.325 9.915E-01
  4592.040 9.927E-01
  4592.755 9.927E-01
  4593.470 9.925E-01
  4594.185 9.926E-01
  4594.900 9.926E-01
  4595.615 9.926E-01
  4596.330 9.927E-01
  4597.045 9.927E-01
  4597.760 9.929E-01
  4598.475 9.932E-01
  4599.190 9.937E-01
  4599.905 9.944E-01
