  3980.000 9.868E-01
  3980.858 9.886E-01
  3981.716 9.897E-01
  3982.574 9.907E-01
  3983.432 9.918E-01
  3984.290 9.930E-01
  3985.148 9.940E-01
  3986.006 9.949E-01
  3986.864 9.957E-01
  3987.722 9.960E-01
  3988.580 9.962E-01
  3989.438 9.962E-01
  3990.296 9.961E-01
  3991.154 9.958E-01
  3992.012 9.954E-01
  3992.870 9.952E-01
  3993.728 9.953E-01
  3994.586 9.955E-01
  3995.444 9.958E-01
  3996.302 9.961E-01
  3997.160 9.966E-01
  3998.018 9.970E-01
  3998.876 9.968E-01
  3999.734 9.964E-01
  4000.592 9.958E-01
  4001.450 9.952E-01
  4002.308 9.946E-01
  4003.166 9.945E-01
  4004.024 9.945E-01
  4004.882 9.942E-01
  4005.740 9.903E-01
  4006.598 9.867E-01
  4007.456 9.842E-01
  4008.314 9.830E-01
  4009.172 9.829E-01
  4010.030 9.833E-01
  4010.888 9.848E-01
  4011.746 9.872E-01
  4012.604 9.908E-01
  4013.462 9.958E-01
  4014.320 9.962E-01
  4015.178 9.961E-01
  4016.036 9.962E-01
  4016.894 9.965E-01
  4017.752 9.967E-01
  4018.610 9.968E-01
  4019.468 9.967E-01
  4020.326 9.949E-01
  4021.184 9.911E-01
  4022.042 9.836E-01
  4022.900 9.648E-01
  4023.758 9.484E-01
  4024.616 9.375E-01
  4025.474 9.315E-01
  4026.332 9.307E-01
  4027.190 9.350E-01
  4028.048 9.443E-01
  4028.906 9.569E-01
  4029.764 9.730E-01
  4030.622 9.882E-01
  4031.480 9.925E-01
  4032.338 9.938E-01
  4033.196 9.946E-01
  4034.054 9.951E-01
  4034.912 9.956E-01
  4035.770 9.962E-01
  4036.628 9.970E-01
  4037.486 9.975E-01
  4038.344 9.976E-01
  4039.202 9.977E-01
  4040.060 9.977E-01
  4040.918 9.975E-01
  4041.776 9.975E-01
  4042.634 9.976E-01
  4043.492 9.977E-01
  4044.350 9.978E-01
  4045.208 9.976E-01
  4046.066 9.975E-01
  4046.924 9.975E-01
  4047.782 9.975E-01
  4048.640 9.975E-01
  4049.498 9.973E-01
  4050.356 9.972E-01
  4051.214 9.973E-01
  4052.072 9.976E-01
  4052.930 9.981E-01
  4053.788 9.979E-01
  4054.646 9.977E-01
  4055.504 9.976E-01
  4056.362 9.975E-01
  4057.220 9.975E-01
  4058.078 9.974E-01
  4058.936 9.973E-01
  4059.794 9.973E-01
  4060.652 9.976E-01
  4061.510 9.980E-01
  4062.368 9.981E-01
  4063.226 9.972E-01
  4064.084 9.959E-01
  4064.942 9.950E-01
  4065.800 9.943E-01
  4066.658 9.936E-01
  4067.516 9.931E-01
  4068.374 9.927E-01
  4069.232 9.927E-01
  4070.090 9.933E-01
  4070.948 9.944E-01
  4071.806 9.942E-01
  4072.664 9.931E-01
  4073.522 9.921E-01
  4074.380 9.917E-01
  4075.238 9.915E-01
  4076.096 9.918E-01
  4076.954 9.921E-01
  4077.812 9.925E-01
  4078.670 9.935E-01
  4079.528 9.949E-01
  4080.386 9.956E-01
  4081.244 9.959E-01
  4082.102 9.957E-01
  4082.960 9.954E-01
  4083.818 9.950E-01
  4084.676 9.946E-01
  4085.534 9.941E-01
  4086.392 9.934E-01
  4087.250 9.926E-01
  4088.108 9.916E-01
  4088.966 9.904E-01
  4089.824 9.888E-01
  4090.682 9.866E-01
  4091.540 9.837E-01
  4092.398 9.797E-01
  4093.256 9.740E-01
  4094.114 9.656E-01
  4094.972 9.531E-01
  4095.830 9.343E-01
  4096.688 9.054E-01
  4097.546 8.611E-01
  4098.404 8.000E-01
  4099.262 7.403E-01
  4100.120 6.932E-01
  4100.978 6.642E-01
  4101.836 6.562E-01
  4102.694 6.699E-01
  4103.552 7.035E-01
  4104.410 7.543E-01
  4105.268 8.154E-01
  4106.126 8.740E-01
  4106.984 9.140E-01
  4107.842 9.399E-01
  4108.700 9.565E-01
  4109.558 9.674E-01
  4110.416 9.748E-01
  4111.274 9.800E-01
  4112.132 9.838E-01
  4112.990 9.867E-01
  4113.848 9.890E-01
  4114.706 9.909E-01
  4115.564 9.922E-01
  4116.422 9.924E-01
  4117.280 9.873E-01
  4118.138 9.824E-01
  4118.996 9.787E-01
  4119.854 9.765E-01
  4120.712 9.757E-01
  4121.570 9.763E-01
  4122.428 9.783E-01
  4123.286 9.816E-01
  4124.144 9.836E-01
  4125.002 9.851E-01
  4125.860 9.834E-01
  4126.718 9.807E-01
  4127.576 9.723E-01
  4128.434 9.671E-01
  4129.292 9.646E-01
  4130.150 9.647E-01
  4131.008 9.678E-01
  4131.866 9.739E-01
  4132.724 9.803E-01
  4133.582 9.846E-01
  4134.440 9.901E-01
  4135.298 9.967E-01
  4136.156 9.976E-01
  4137.014 9.979E-01
  4137.872 9.979E-01
  4138.730 9.972E-01
  4139.588 9.955E-01
  4140.446 9.889E-01
  4141.304 9.839E-01
  4142.162 9.804E-01
  4143.020 9.782E-01
  4143.878 9.773E-01
  4144.736 9.779E-01
  4145.594 9.801E-01
  4146.452 9.837E-01
  4147.310 9.887E-01
  4148.168 9.947E-01
  4149.026 9.959E-01
  4149.884 9.955E-01
  4150.742 9.953E-01
  4151.600 9.952E-01
  4152.458 9.951E-01
  4153.316 9.954E-01
  4154.174 9.960E-01
  4155.032 9.966E-01
  4155.890 9.973E-01
  4156.748 9.983E-01
  4157.606 9.992E-01
  4158.464 9.992E-01
  4159.322 9.977E-01
  4160.180 9.966E-01
  4161.038 9.956E-01
  4161.896 9.948E-01
  4162.754 9.944E-01
  4163.612 9.942E-01
  4164.470 9.941E-01
  4165.328 9.928E-01
  4166.186 9.920E-01
  4167.044 9.924E-01
  4167.902 9.921E-01
  4168.760 9.919E-01
  4169.618 9.907E-01
  4170.476 9.891E-01
  4171.334 9.884E-01
  4172.192 9.890E-01
  4173.050 9.906E-01
  4173.908 9.907E-01
  4174.766 9.898E-01
  4175.624 9.879E-01
  4176.482 9.875E-01
  4177.340 9.884E-01
  4178.198 9.896E-01
  4179.056 9.901E-01
  4179.914 9.907E-01
  4180.772 9.920E-01
  4181.630 9.939E-01
  4182.488 9.963E-01
  4183.346 9.984E-01
  4184.204 9.982E-01
  4185.062 9.978E-01
  4185.920 9.971E-01
  4186.778 9.964E-01
  4187.636 9.959E-01
  4188.494 9.956E-01
  4189.352 9.956E-01
  4190.210 9.957E-01
  4191.068 9.962E-01
  4191.926 9.969E-01
  4192.784 9.976E-01
  4193.642 9.984E-01
  4194.500 9.988E-01
  4195.358 9.990E-01
  4196.216 9.988E-01
  4197.074 9.981E-01
  4197.932 9.974E-01
  4198.790 9.969E-01
  4199.648 9.966E-01
  4200.506 9.965E-01
  4201.364 9.965E-01
  4202.222 9.967E-01
  4203.080 9.971E-01
  4203.938 9.976E-01
  4204.796 9.983E-01
  4205.654 9.987E-01
  4206.512 9.988E-01
  4207.370 9.989E-01
  4208.228 9.990E-01
  4209.086 9.992E-01
  4209.944 9.993E-01
  4210.802 9.994E-01
  4211.660 9.994E-01
  4212.518 9.993E-01
  4213.376 9.991E-01
  4214.234 9.988E-01
  4215.092 9.987E-01
  4215.950 9.986E-01
  4216.808 9.986E-01
  4217.666 9.987E-01
  4218.524 9.985E-01
  4219.382 9.985E-01
  4220.240 9.985E-01
  4221.098 9.986E-01
  4221.956 9.987E-01
  4222.814 9.986E-01
  4223.672 9.986E-01
  4224.530 9.987E-01
  4225.388 9.988E-01
  4226.246 9.990E-01
  4227.104 9.990E-01
  4227.962 9.987E-01
  4228.820 9.981E-01
  4229.678 9.940E-01
  4230.536 9.911E-01
  4231.394 9.893E-01
  4232.252 9.883E-01
  4233.110 9.879E-01
  4233.968 9.884E-01
  4234.826 9.895E-01
  4235.684 9.914E-01
  4236.542 9.942E-01
  4237.400 9.982E-01
  4238.258 9.986E-01
  4239.116 9.982E-01
  4239.974 9.980E-01
  4240.832 9.978E-01
  4241.690 9.977E-01
  4242.548 9.976E-01
  4243.406 9.975E-01
  4244.264 9.975E-01
  4245.122 9.977E-01
  4245.980 9.981E-01
  4246.838 9.985E-01
  4247.696 9.985E-01
  4248.554 9.985E-01
  4249.412 9.985E-01
  4250.270 9.982E-01
  4251.128 9.980E-01
  4251.986 9.978E-01
  4252.844 9.977E-01
  4253.702 9.974E-01
  4254.560 9.969E-01
  4255.418 9.963E-01
  4256.276 9.959E-01
  4257.134 9.959E-01
  4257.992 9.960E-01
  4258.850 9.960E-01
  4259.708 9.961E-01
  4260.566 9.964E-01
  4261.424 9.970E-01
  4262.282 9.975E-01
  4263.140 9.952E-01
  4263.998 9.907E-01
  4264.856 9.874E-01
  4265.714 9.852E-01
  4266.572 9.840E-01
  4267.430 9.837E-01
  4268.288 9.844E-01
  4269.146 9.859E-01
  4270.004 9.882E-01
  4270.862 9.921E-01
  4271.720 9.964E-01
  4272.578 9.971E-01
  4273.436 9.972E-01
  4274.294 9.970E-01
  4275.152 9.967E-01
  4276.010 9.965E-01
  4276.868 9.967E-01
  4277.726 9.972E-01
  4278.584 9.971E-01
  4279.442 9.970E-01
  4280.300 9.970E-01
  4281.158 9.970E-01
  4282.016 9.971E-01
  4282.874 9.972E-01
  4283.732 9.972E-01
  4284.590 9.971E-01
  4285.448 9.972E-01
  4286.306 9.974E-01
  4287.164 9.978E-01
  4288.022 9.979E-01
  4288.880 9.981E-01
  4289.738 9.983E-01
  4290.596 9.977E-01
  4291.454 9.969E-01
  4292.312 9.962E-01
  4293.170 9.948E-01
  4294.028 9.941E-01
  4294.886 9.938E-01
  4295.744 9.937E-01
  4296.602 9.936E-01
  4297.460 9.940E-01
  4298.318 9.948E-01
  4299.176 9.947E-01
  4300.034 9.939E-01
  4300.892 9.939E-01
  4301.750 9.933E-01
  4302.608 9.930E-01
  4303.466 9.931E-01
  4304.324 9.935E-01
  4305.182 9.940E-01
  4306.040 9.949E-01
  4306.898 9.962E-01
  4307.756 9.977E-01
  4308.614 9.978E-01
  4309.472 9.976E-01
  4310.330 9.972E-01
  4311.188 9.967E-01
  4312.046 9.963E-01
  4312.904 9.959E-01
  4313.762 9.955E-01
  4314.620 9.950E-01
  4315.478 9.945E-01
  4316.336 9.941E-01
  4317.194 9.940E-01
  4318.052 9.940E-01
  4318.910 9.942E-01
  4319.768 9.942E-01
  4320.626 9.942E-01
  4321.484 9.942E-01
  4322.342 9.938E-01
  4323.200 9.936E-01
  4324.058 9.932E-01
  4324.916 9.924E-01
  4325.774 9.913E-01
  4326.632 9.899E-01
  4327.490 9.882E-01
  4328.348 9.862E-01
  4329.206 9.839E-01
  4330.064 9.810E-01
  4330.922 9.768E-01
  4331.780 9.711E-01
  4332.638 9.630E-01
  4333.496 9.512E-01
  4334.354 9.334E-01
  4335.212 9.064E-01
  4336.070 8.656E-01
  4336.928 8.095E-01
  4337.786 7.548E-01
  4338.644 7.108E-01
  4339.502 6.819E-01
  4340.360 6.705E-01
  4341.218 6.775E-01
  4342.076 7.023E-01
  4342.934 7.429E-01
  4343.792 7.954E-01
  4344.650 8.520E-01
  4345.508 8.969E-01
  4346.366 9.265E-01
  4347.224 9.459E-01
  4348.082 9.564E-01
  4348.940 9.630E-01
  4349.798 9.677E-01
  4350.656 9.712E-01
  4351.514 9.743E-01
  4352.372 9.775E-01
  4353.230 9.803E-01
  4354.088 9.829E-01
  4354.946 9.858E-01
  4355.804 9.894E-01
  4356.662 9.924E-01
  4357.520 9.933E-01
  4358.378 9.937E-01
  4359.236 9.940E-01
  4360.094 9.943E-01
  4360.952 9.947E-01
  4361.810 9.951E-01
  4362.668 9.953E-01
  4363.526 9.953E-01
  4364.384 9.953E-01
  4365.242 9.953E-01
  4366.100 9.955E-01
  4366.958 9.955E-01
  4367.816 9.950E-01
  4368.674 9.946E-01
  4369.532 9.944E-01
  4370.390 9.946E-01
  4371.248 9.949E-01
  4372.106 9.952E-01
  4372.964 9.955E-01
  4373.822 9.958E-01
  4374.680 9.961E-01
  4375.538 9.966E-01
  4376.396 9.970E-01
  4377.254 9.973E-01
  4378.112 9.973E-01
  4378.970 9.971E-01
  4379.828 9.968E-01
  4380.686 9.959E-01
  4381.544 9.938E-01
  4382.402 9.916E-01
  4383.260 9.886E-01
  4384.118 9.799E-01
  4384.976 9.718E-01
  4385.834 9.663E-01
  4386.692 9.627E-01
  4387.550 9.615E-01
  4388.408 9.626E-01
  4389.266 9.663E-01
  4390.124 9.714E-01
  4390.982 9.772E-01
  4391.840 9.846E-01
  4392.698 9.919E-01
  4393.556 9.937E-01
  4394.414 9.946E-01
  4395.272 9.957E-01
  4396.130 9.959E-01
  4396.988 9.961E-01
  4397.846 9.964E-01
  4398.704 9.969E-01
  4399.562 9.977E-01
  4400.420 9.983E-01
  4401.278 9.982E-01
  4402.136 9.979E-01
  4402.994 9.978E-01
  4403.852 9.976E-01
  4404.710 9.976E-01
  4405.568 9.974E-01
  4406.426 9.973E-01
  4407.284 9.972E-01
  4408.142 9.972E-01
  4409.000 9.973E-01
  4409.858 9.974E-01
  4410.716 9.975E-01
  4411.574 9.974E-01
  4412.432 9.973E-01
  4413.290 9.954E-01
  4414.148 9.943E-01
  4415.006 9.934E-01
  4415.864 9.918E-01
  4416.722 9.907E-01
  4417.580 9.903E-01
  4418.438 9.907E-01
  4419.296 9.916E-01
  4420.154 9.929E-01
  4421.012 9.948E-01
  4421.870 9.963E-01
  4422.728 9.970E-01
  4423.586 9.979E-01
  4424.444 9.985E-01
  4425.302 9.984E-01
  4426.160 9.981E-01
  4427.018 9.973E-01
  4427.876 9.966E-01
  4428.734 9.960E-01
  4429.592 9.957E-01
  4430.450 9.953E-01
  4431.308 9.951E-01
  4432.166 9.951E-01
  4433.024 9.948E-01
  4433.882 9.925E-01
  4434.740 9.914E-01
  4435.598 9.912E-01
  4436.456 9.908E-01
  4437.314 9.909E-01
  4438.172 9.915E-01
  4439.030 9.924E-01
  4439.888 9.934E-01
  4440.746 9.948E-01
  4441.604 9.968E-01
  4442.462 9.983E-01
  4443.320 9.982E-01
  4444.178 9.980E-01
  4445.036 9.978E-01
  4445.894 9.977E-01
  4446.752 9.976E-01
  4447.610 9.974E-01
  4448.468 9.973E-01
  4449.326 9.972E-01
  4450.184 9.971E-01
  4451.042 9.971E-01
  4451.900 9.970E-01
  4452.758 9.970E-01
  4453.616 9.971E-01
  4454.474 9.973E-01
  4455.332 9.977E-01
  4456.190 9.982E-01
  4457.048 9.983E-01
  4457.906 9.982E-01
  4458.764 9.981E-01
  4459.622 9.980E-01
  4460.480 9.978E-01
  4461.338 9.976E-01
  4462.196 9.973E-01
  4463.054 9.971E-01
  4463.912 9.966E-01
  4464.770 9.957E-01
  4465.628 9.937E-01
  4466.486 9.889E-01
  4467.344 9.767E-01
  4468.202 9.610E-01
  4469.060 9.484E-01
  4469.918 9.401E-01
  4470.776 9.358E-01
  4471.634 9.353E-01
  4472.492 9.387E-01
  4473.350 9.458E-01
  4474.208 9.567E-01
  4475.066 9.707E-01
  4475.924 9.860E-01
  4476.782 9.906E-01
  4477.640 9.825E-01
  4478.498 9.760E-01
  4479.356 9.715E-01
  4480.214 9.688E-01
  4481.072 9.679E-01
  4481.930 9.686E-01
  4482.788 9.710E-01
  4483.646 9.754E-01
  4484.504 9.819E-01
  4485.362 9.901E-01
  4486.220 9.964E-01
  4487.078 9.961E-01
  4487.936 9.947E-01
  4488.794 9.937E-01
  4489.652 9.931E-01
  4490.510 9.929E-01
  4491.368 9.932E-01
  4492.226 9.938E-01
  4493.084 9.948E-01
  4493.942 9.961E-01
  4494.800 9.970E-01
  4495.658 9.981E-01
  4496.516 9.988E-01
  4497.374 9.987E-01
  4498.232 9.987E-01
  4499.090 9.986E-01
  4499.948 9.985E-01
  4500.806 9.986E-01
  4501.664 9.987E-01
  4502.522 9.989E-01
  4503.380 9.989E-01
  4504.238 9.974E-01
  4505.096 9.959E-01
  4505.954 9.949E-01
  4506.812 9.941E-01
  4507.670 9.936E-01
  4508.528 9.931E-01
  4509.386 9.931E-01
  4510.244 9.933E-01
  4511.102 9.930E-01
  4511.960 9.927E-01
  4512.818 9.937E-01
  4513.676 9.933E-01
  4514.534 9.930E-01
  4515.392 9.930E-01
  4516.250 9.922E-01
  4517.108 9.920E-01
  4517.966 9.919E-01
  4518.824 9.900E-01
  4519.682 9.895E-01
  4520.540 9.888E-01
  4521.398 9.874E-01
  4522.256 9.868E-01
  4523.114 9.871E-01
  4523.972 9.884E-01
  4524.830 9.904E-01
  4525.688 9.914E-01
  4526.546 9.932E-01
  4527.404 9.957E-01
  4528.262 9.963E-01
  4529.120 9.969E-01
  4529.978 9.969E-01
  4530.836 9.965E-01
  4531.694 9.963E-01
  4532.552 9.964E-01
  4533.410 9.969E-01
  4534.268 9.973E-01
  4535.126 9.975E-01
  4535.984 9.977E-01
  4536.842 9.979E-01
  4537.700 9.976E-01
  4538.558 9.978E-01
  4539.416 9.976E-01
  4540.274 9.973E-01
  4541.132 9.970E-01
  4541.990 9.969E-01
  4542.848 9.969E-01
  4543.706 9.971E-01
  4544.564 9.971E-01
  4545.422 9.940E-01
  4546.280 9.913E-01
  4547.138 9.889E-01
  4547.996 9.871E-01
  4548.854 9.848E-01
  4549.712 9.837E-01
  4550.570 9.834E-01
  4551.428 9.833E-01
  4552.286 9.828E-01
  4553.144 9.842E-01
  4554.002 9.874E-01
  4554.860 9.869E-01
  4555.718 9.864E-01
  4556.576 9.869E-01
  4557.434 9.881E-01
  4558.292 9.890E-01
  4559.150 9.903E-01
  4560.008 9.922E-01
  4560.866 9.942E-01
  4561.724 9.949E-01
  4562.582 9.957E-01
  4563.440 9.966E-01
  4564.298 9.960E-01
  4565.156 9.955E-01
  4566.014 9.951E-01
  4566.872 9.949E-01
  4567.730 9.948E-01
  4568.588 9.947E-01
  4569.446 9.947E-01
  4570.304 9.947E-01
  4571.162 9.946E-01
  4572.020 9.943E-01
  4572.878 9.939E-01
  4573.736 9.934E-01
  4574.594 9.931E-01
  4575.452 9.929E-01
  4576.310 9.927E-01
  4577.168 9.929E-01
  4578.026 9.930E-01
  4578.884 9.926E-01
  4579.742 9.901E-01
  4580.600 9.879E-01
  4581.458 9.864E-01
  4582.316 9.852E-01
  4583.174 9.847E-01
  4584.032 9.842E-01
  4584.890 9.841E-01
  4585.748 9.846E-01
  4586.606 9.859E-01
  4587.464 9.884E-01
  4588.322 9.911E-01
  4589.180 9.918E-01
  4590.038 9.919E-01
  4590.896 9.921E-01
  4591.754 9.924E-01
  4592.612 9.930E-01
  4593.470 9.933E-01
  4594.328 9.934E-01
  4595.186 9.935E-01
  4596.044 9.937E-01
  4596.902 9.939E-01
  4597.760 9.940E-01
  4598.618 9.942E-01
  4599.476 9.945E-01
