  3980.000 9.925E-01
  3980.429 9.931E-01
  3980.858 9.931E-01
  3981.287 9.928E-01
  3981.716 9.927E-01
  3982.145 9.925E-01
  3982.574 9.924E-01
  3983.003 9.925E-01
  3983.432 9.930E-01
  3983.861 9.936E-01
  3984.290 9.945E-01
  3984.719 9.957E-01
  3985.148 9.964E-01
  3985.577 9.969E-01
  3986.006 9.974E-01
  3986.435 9.976E-01
  3986.864 9.978E-01
  3987.293 9.980E-01
  3987.722 9.982E-01
  3988.151 9.984E-01
  3988.580 9.985E-01
  3989.009 9.983E-01
  3989.438 9.981E-01
  3989.867 9.979E-01
  3990.296 9.976E-01
  3990.725 9.973E-01
  3991.154 9.971E-01
  3991.583 9.968E-01
  3992.012 9.965E-01
  3992.441 9.965E-01
  3992.870 9.963E-01
  3993.299 9.948E-01
  3993.728 9.934E-01
  3994.157 9.927E-01
  3994.586 9.924E-01
  3995.015 9.926E-01
  3995.444 9.933E-01
  3995.873 9.941E-01
  3996.302 9.954E-01
  3996.731 9.970E-01
  3997.160 9.983E-01
  3997.589 9.983E-01
  3998.018 9.981E-01
  3998.447 9.978E-01
  3998.876 9.977E-01
  3999.305 9.976E-01
  3999.734 9.976E-01
  4000.163 9.978E-01
  4000.592 9.980E-01
  4001.021 9.980E-01
  4001.450 9.979E-01
  4001.879 9.977E-01
  4002.308 9.975E-01
  4002.737 9.972E-01
  4003.166 9.962E-01
  4003.595 9.948E-01
  4004.024 9.938E-01
  4004.453 9.934E-01
  4004.882 9.934E-01
  4005.311 9.937E-01
  4005.740 9.943E-01
  4006.169 9.951E-01
  4006.598 9.963E-01
  4007.027 9.956E-01
  4007.456 9.861E-01
  4007.885 9.739E-01
  4008.314 9.650E-01
  4008.743 9.598E-01
  4009.172 9.578E-01
  4009.601 9.589E-01
  4010.030 9.631E-01
  4010.459 9.704E-01
  4010.888 9.816E-01
  4011.317 9.941E-01
  4011.746 9.985E-01
  4012.175 9.989E-01
  4012.604 9.988E-01
  4013.033 9.987E-01
  4013.462 9.986E-01
  4013.891 9.984E-01
  4014.320 9.982E-01
  4014.749 9.980E-01
  4015.178 9.979E-01
  4015.607 9.979E-01
  4016.036 9.980E-01
  4016.465 9.980E-01
  4016.894 9.982E-01
  4017.323 9.984E-01
  4017.752 9.987E-01
  4018.181 9.988E-01
  4018.610 9.989E-01
  4019.039 9.988E-01
  4019.468 9.987E-01
  4019.897 9.984E-01
  4020.326 9.976E-01
  4020.755 9.962E-01
  4021.184 9.949E-01
  4021.613 9.935E-01
  4022.042 9.907E-01
  4022.471 9.861E-01
  4022.900 9.819E-01
  4023.329 9.775E-01
  4023.758 9.705E-01
  4024.187 9.534E-01
  4024.616 9.231E-01
  4025.045 8.945E-01
  4025.474 8.759E-01
  4025.903 8.680E-01
  4026.332 8.681E-01
  4026.761 8.758E-01
  4027.190 8.920E-01
  4027.619 9.177E-01
  4028.048 9.500E-01
  4028.477 9.762E-01
  4028.906 9.873E-01
  4029.335 9.914E-01
  4029.764 9.936E-01
  4030.193 9.951E-01
  4030.622 9.962E-01
  4031.051 9.962E-01
  4031.480 9.956E-01
  4031.909 9.952E-01
  4032.338 9.950E-01
  4032.767 9.950E-01
  4033.196 9.949E-01
  4033.625 9.947E-01
  4034.054 9.947E-01
  4034.483 9.952E-01
  4034.912 9.960E-01
  4035.341 9.962E-01
  4035.770 9.964E-01
  4036.199 9.968E-01
  4036.628 9.973E-01
  4037.057 9.980E-01
  4037.486 9.980E-01
  4037.915 9.978E-01
  4038.344 9.975E-01
  4038.773 9.973E-01
  4039.202 9.971E-01
  4039.631 9.967E-01
  4040.060 9.965E-01
  4040.489 9.966E-01
  4040.918 9.969E-01
  4041.347 9.970E-01
  4041.776 9.965E-01
  4042.205 9.961E-01
  4042.634 9.960E-01
  4043.063 9.963E-01
  4043.492 9.967E-01
  4043.921 9.970E-01
  4044.350 9.974E-01
  4044.779 9.979E-01
  4045.208 9.986E-01
  4045.637 9.991E-01
  4046.066 9.993E-01
  4046.495 9.993E-01
  4046.924 9.991E-01
  4047.353 9.988E-01
  4047.782 9.986E-01
  4048.211 9.985E-01
  4048.640 9.984E-01
  4049.069 9.984E-01
  4049.498 9.985E-01
  4049.927 9.987E-01
  4050.356 9.989E-01
  4050.785 9.990E-01
  4051.214 9.987E-01
  4051.643 9.983E-01
  4052.072 9.979E-01
  4052.501 9.976E-01
  4052.930 9.974E-01
  4053.359 9.973E-01
  4053.788 9.974E-01
  4054.217 9.977E-01
  4054.646 9.982E-01
  4055.075 9.987E-01
  4055.504 9.988E-01
  4055.933 9.986E-01
  4056.362 9.985E-01
  4056.791 9.984E-01
  4057.220 9.981E-01
  4057.649 9.974E-01
  4058.078 9.968E-01
  4058.507 9.965E-01
  4058.936 9.963E-01
  4059.365 9.960E-01
  4059.794 9.959E-01
  4060.223 9.959E-01
  4060.652 9.961E-01
  4061.081 9.966E-01
  4061.510 9.972E-01
  4061.939 9.975E-01
  4062.368 9.978E-01
  4062.797 9.983E-01
  4063.226 9.986E-01
  4063.655 9.988E-01
  4064.084 9.990E-01
  4064.513 9.991E-01
  4064.942 9.991E-01
  4065.371 9.984E-01
  4065.800 9.978E-01
  4066.229 9.974E-01
  4066.658 9.972E-01
  4067.087 9.971E-01
  4067.516 9.969E-01
  4067.945 9.954E-01
  4068.374 9.936E-01
  4068.803 9.926E-01
  4069.232 9.921E-01
  4069.661 9.915E-01
  4070.090 9.905E-01
  4070.519 9.888E-01
  4070.948 9.880E-01
  4071.377 9.887E-01
  4071.806 9.903E-01
  4072.235 9.912E-01
  4072.664 9.914E-01
  4073.093 9.916E-01
  4073.522 9.919E-01
  4073.951 9.915E-01
  4074.380 9.904E-01
  4074.809 9.886E-01
  4075.238 9.872E-01
  4075.667 9.866E-01
  4076.096 9.870E-01
  4076.525 9.883E-01
  4076.954 9.899E-01
  4077.383 9.918E-01
  4077.812 9.940E-01
  4078.241 9.950E-01
  4078.670 9.951E-01
  4079.099 9.948E-01
  4079.528 9.944E-01
  4079.957 9.942E-01
  4080.386 9.942E-01
  4080.815 9.946E-01
  4081.244 9.949E-01
  4081.673 9.953E-01
  4082.102 9.957E-01
  4082.531 9.959E-01
  4082.960 9.959E-01
  4083.389 9.953E-01
  4083.818 9.947E-01
  4084.247 9.944E-01
  4084.676 9.942E-01
  4085.105 9.940E-01
  4085.534 9.937E-01
  4085.963 9.937E-01
  4086.392 9.939E-01
  4086.821 9.942E-01
  4087.250 9.939E-01
  4087.679 9.928E-01
  4088.108 9.920E-01
  4088.537 9.916E-01
  4088.966 9.915E-01
  4089.395 9.917E-01
  4089.824 9.917E-01
  4090.253 9.918E-01
  4090.682 9.920E-01
  4091.111 9.919E-01
  4091.540 9.913E-01
  4091.969 9.902E-01
  4092.398 9.890E-01
  4092.827 9.878E-01
  4093.256 9.866E-01
  4093.685 9.850E-01
  4094.114 9.829E-01
  4094.543 9.807E-01
  4094.972 9.781E-01
  4095.401 9.742E-01
  4095.830 9.692E-01
  4096.259 9.635E-01
  4096.688 9.567E-01
  4097.117 9.482E-01
  4097.546 9.374E-01
  4097.975 9.230E-01
  4098.404 9.033E-01
  4098.833 8.770E-01
  4099.262 8.416E-01
  4099.691 7.931E-01
  4100.120 7.349E-01
  4100.549 6.799E-01
  4100.978 6.375E-01
  4101.407 6.124E-01
  4101.836 6.070E-01
  4102.265 6.219E-01
  4102.694 6.555E-01
  4103.123 7.042E-01
  4103.552 7.618E-01
  4103.981 8.165E-01
  4104.410 8.589E-01
  4104.839 8.905E-01
  4105.268 9.142E-01
  4105.697 9.321E-01
  4106.126 9.458E-01
  4106.555 9.563E-01
  4106.984 9.644E-01
  4107.413 9.704E-01
  4107.842 9.750E-01
  4108.271 9.786E-01
  4108.700 9.815E-01
  4109.129 9.838E-01
  4109.558 9.855E-01
  4109.987 9.868E-01
  4110.416 9.879E-01
  4110.845 9.889E-01
  4111.274 9.898E-01
  4111.703 9.907E-01
  4112.132 9.916E-01
  4112.561 9.924E-01
  4112.990 9.932E-01
  4113.419 9.939E-01
  4113.848 9.944E-01
  4114.277 9.947E-01
  4114.706 9.949E-01
  4115.135 9.951E-01
  4115.564 9.953E-01
  4115.993 9.957E-01
  4116.422 9.960E-01
  4116.851 9.961E-01
  4117.280 9.954E-01
  4117.709 9.941E-01
  4118.138 9.928E-01
  4118.567 9.888E-01
  4118.996 9.766E-01
  4119.425 9.620E-01
  4119.854 9.512E-01
  4120.283 9.448E-01
  4120.712 9.424E-01
  4121.141 9.437E-01
  4121.570 9.484E-01
  4121.999 9.566E-01
  4122.428 9.692E-01
  4122.857 9.846E-01
  4123.286 9.934E-01
  4123.715 9.961E-01
  4124.144 9.973E-01
  4124.573 9.981E-01
  4125.002 9.987E-01
  4125.431 9.987E-01
  4125.860 9.970E-01
  4126.289 9.899E-01
  4126.718 9.829E-01
  4127.147 9.782E-01
  4127.576 9.753E-01
  4128.005 9.742E-01
  4128.434 9.742E-01
  4128.863 9.725E-01
  4129.292 9.674E-01
  4129.721 9.665E-01
  4130.150 9.697E-01
  4130.579 9.694E-01
  4131.008 9.682E-01
  4131.437 9.686E-01
  4131.866 9.714E-01
  4132.295 9.769E-01
  4132.724 9.852E-01
  4133.153 9.931E-01
  4133.582 9.954E-01
  4134.011 9.963E-01
  4134.440 9.974E-01
  4134.869 9.987E-01
  4135.298 9.992E-01
  4135.727 9.990E-01
  4136.156 9.981E-01
  4136.585 9.974E-01
  4137.014 9.969E-01
  4137.443 9.962E-01
  4137.872 9.956E-01
  4138.301 9.952E-01
  4138.730 9.949E-01
  4139.159 9.951E-01
  4139.588 9.956E-01
  4140.017 9.961E-01
  4140.446 9.955E-01
  4140.875 9.948E-01
  4141.304 9.935E-01
  4141.733 9.867E-01
  4142.162 9.727E-01
  4142.591 9.616E-01
  4143.020 9.540E-01
  4143.449 9.490E-01
  4143.878 9.478E-01
  4144.307 9.505E-01
  4144.736 9.559E-01
  4145.165 9.644E-01
  4145.594 9.771E-01
  4146.023 9.889E-01
  4146.452 9.926E-01
  4146.881 9.943E-01
  4147.310 9.960E-01
  4147.739 9.965E-01
  4148.168 9.960E-01
  4148.597 9.955E-01
  4149.026 9.954E-01
  4149.455 9.951E-01
  4149.884 9.948E-01
  4150.313 9.949E-01
  4150.742 9.949E-01
  4151.171 9.937E-01
  4151.600 9.921E-01
  4152.029 9.914E-01
  4152.458 9.908E-01
  4152.887 9.902E-01
  4153.316 9.901E-01
  4153.745 9.905E-01
  4154.174 9.917E-01
  4154.603 9.936E-01
  4155.032 9.961E-01
  4155.461 9.981E-01
  4155.890 9.984E-01
  4156.319 9.985E-01
  4156.748 9.987E-01
  4157.177 9.989E-01
  4157.606 9.991E-01
  4158.035 9.993E-01
  4158.464 9.995E-01
  4158.893 9.997E-01
  4159.322 9.997E-01
  4159.751 9.997E-01
  4160.180 9.996E-01
  4160.609 9.987E-01
  4161.038 9.959E-01
  4161.467 9.936E-01
  4161.896 9.922E-01
  4162.325 9.912E-01
  4162.754 9.903E-01
  4163.183 9.893E-01
  4163.612 9.890E-01
  4164.041 9.899E-01
  4164.470 9.918E-01
  4164.899 9.939E-01
  4165.328 9.943E-01
  4165.757 9.945E-01
  4166.186 9.951E-01
  4166.615 9.949E-01
  4167.044 9.921E-01
  4167.473 9.871E-01
  4167.902 9.833E-01
  4168.331 9.811E-01
  4168.760 9.805E-01
  4169.189 9.810E-01
  4169.618 9.825E-01
  4170.047 9.851E-01
  4170.476 9.894E-01
  4170.905 9.945E-01
  4171.334 9.979E-01
  4171.763 9.977E-01
  4172.192 9.966E-01
  4172.621 9.948E-01
  4173.050 9.935E-01
  4173.479 9.928E-01
  4173.908 9.926E-01
  4174.337 9.926E-01
  4174.766 9.930E-01
  4175.195 9.940E-01
  4175.624 9.955E-01
  4176.053 9.965E-01
  4176.482 9.973E-01
  4176.911 9.966E-01
  4177.340 9.955E-01
  4177.769 9.947E-01
  4178.198 9.944E-01
  4178.627 9.944E-01
  4179.056 9.945E-01
  4179.485 9.951E-01
  4179.914 9.960E-01
  4180.343 9.971E-01
  4180.772 9.983E-01
  4181.201 9.993E-01
  4181.630 9.996E-01
  4182.059 9.996E-01
  4182.488 9.995E-01
  4182.917 9.994E-01
  4183.346 9.991E-01
  4183.775 9.983E-01
  4184.204 9.976E-01
  4184.633 9.972E-01
  4185.062 9.969E-01
  4185.491 9.967E-01
  4185.920 9.966E-01
  4186.349 9.968E-01
  4186.778 9.971E-01
  4187.207 9.976E-01
  4187.636 9.976E-01
  4188.065 9.962E-01
  4188.494 9.949E-01
  4188.923 9.940E-01
  4189.352 9.935E-01
  4189.781 9.934E-01
  4190.210 9.936E-01
  4190.639 9.942E-01
  4191.068 9.953E-01
  4191.497 9.969E-01
  4191.926 9.985E-01
  4192.355 9.990E-01
  4192.784 9.992E-01
  4193.213 9.992E-01
  4193.642 9.991E-01
  4194.071 9.991E-01
  4194.500 9.991E-01
  4194.929 9.991E-01
  4195.358 9.993E-01
  4195.787 9.994E-01
  4196.216 9.995E-01
  4196.645 9.994E-01
  4197.074 9.993E-01
  4197.503 9.992E-01
  4197.932 9.991E-01
  4198.361 9.989E-01
  4198.790 9.984E-01
  4199.219 9.977E-01
  4199.648 9.973E-01
  4200.077 9.972E-01
  4200.506 9.971E-01
  4200.935 9.972E-01
  4201.364 9.974E-01
  4201.793 9.978E-01
  4202.222 9.983E-01
  4202.651 9.988E-01
  4203.080 9.993E-01
  4203.509 9.994E-01
  4203.938 9.993E-01
  4204.367 9.993E-01
  4204.796 9.993E-01
  4205.225 9.992E-01
  4205.654 9.992E-01
  4206.083 9.992E-01
  4206.512 9.992E-01
  4206.941 9.992E-01
  4207.370 9.993E-01
  4207.799 9.995E-01
  4208.228 9.995E-01
  4208.657 9.995E-01
  4209.086 9.995E-01
  4209.515 9.995E-01
  4209.944 9.995E-01
  4210.373 9.995E-01
  4210.802 9.995E-01
  4211.231 9.994E-01
  4211.660 9.994E-01
  4212.089 9.994E-01
  4212.518 9.995E-01
  4212.947 9.995E-01
  4213.376 9.995E-01
  4213.805 9.995E-01
  4214.234 9.995E-01
  4214.663 9.994E-01
  4215.092 9.993E-01
  4215.521 9.989E-01
  4215.950 9.985E-01
  4216.379 9.983E-01
  4216.808 9.982E-01
  4217.237 9.982E-01
  4217.666 9.983E-01
  4218.095 9.985E-01
  4218.524 9.988E-01
  4218.953 9.992E-01
  4219.382 9.996E-01
  4219.811 9.996E-01
  4220.240 9.989E-01
  4220.669 9.978E-01
  4221.098 9.969E-01
  4221.527 9.963E-01
  4221.956 9.960E-01
  4222.385 9.959E-01
  4222.814 9.960E-01
  4223.243 9.964E-01
  4223.672 9.972E-01
  4224.101 9.982E-01
  4224.530 9.992E-01
  4224.959 9.995E-01
  4225.388 9.995E-01
  4225.817 9.994E-01
  4226.246 9.992E-01
  4226.675 9.991E-01
  4227.104 9.990E-01
  4227.533 9.990E-01
  4227.962 9.990E-01
  4228.391 9.990E-01
  4228.820 9.989E-01
  4229.249 9.984E-01
  4229.678 9.980E-01
  4230.107 9.979E-01
  4230.536 9.977E-01
  4230.965 9.967E-01
  4231.394 9.936E-01
  4231.823 9.910E-01
  4232.252 9.895E-01
  4232.681 9.891E-01
  4233.110 9.894E-01
  4233.539 9.898E-01
  4233.968 9.907E-01
  4234.397 9.924E-01
  4234.826 9.949E-01
  4235.255 9.978E-01
  4235.684 9.985E-01
  4236.113 9.983E-01
  4236.542 9.980E-01
  4236.971 9.977E-01
  4237.400 9.976E-01
  4237.829 9.976E-01
  4238.258 9.978E-01
  4238.687 9.981E-01
  4239.116 9.985E-01
  4239.545 9.986E-01
  4239.974 9.983E-01
  4240.403 9.980E-01
  4240.832 9.978E-01
  4241.261 9.975E-01
  4241.690 9.973E-01
  4242.119 9.972E-01
  4242.548 9.974E-01
  4242.977 9.977E-01
  4243.406 9.981E-01
  4243.835 9.985E-01
  4244.264 9.988E-01
  4244.693 9.986E-01
  4245.122 9.981E-01
  4245.551 9.977E-01
  4245.980 9.975E-01
  4246.409 9.974E-01
  4246.838 9.973E-01
  4247.267 9.973E-01
  4247.696 9.975E-01
  4248.125 9.978E-01
  4248.554 9.982E-01
  4248.983 9.986E-01
  4249.412 9.986E-01
  4249.841 9.986E-01
  4250.270 9.987E-01
  4250.699 9.988E-01
  4251.128 9.988E-01
  4251.557 9.979E-01
  4251.986 9.962E-01
  4252.415 9.947E-01
  4252.844 9.936E-01
  4253.273 9.931E-01
  4253.702 9.929E-01
  4254.131 9.932E-01
  4254.560 9.938E-01
  4254.989 9.949E-01
  4255.418 9.962E-01
  4255.847 9.975E-01
  4256.276 9.978E-01
  4256.705 9.975E-01
  4257.134 9.968E-01
  4257.563 9.961E-01
  4257.992 9.957E-01
  4258.421 9.957E-01
  4258.850 9.959E-01
  4259.279 9.964E-01
  4259.708 9.970E-01
  4260.137 9.973E-01
  4260.566 9.978E-01
  4260.995 9.984E-01
  4261.424 9.989E-01
  4261.853 9.990E-01
  4262.282 9.989E-01
  4262.711 9.990E-01
  4263.140 9.991E-01
  4263.569 9.992E-01
  4263.998 9.993E-01
  4264.427 9.989E-01
  4264.856 9.954E-01
  4265.285 9.844E-01
  4265.714 9.722E-01
  4266.143 9.629E-01
  4266.572 9.570E-01
  4267.001 9.543E-01
  4267.430 9.545E-01
  4267.859 9.573E-01
  4268.288 9.634E-01
  4268.717 9.734E-01
  4269.146 9.862E-01
  4269.575 9.951E-01
  4270.004 9.979E-01
  4270.433 9.984E-01
  4270.862 9.986E-01
  4271.291 9.987E-01
  4271.720 9.987E-01
  4272.149 9.987E-01
  4272.578 9.985E-01
  4273.007 9.983E-01
  4273.436 9.980E-01
  4273.865 9.974E-01
  4274.294 9.968E-01
  4274.723 9.962E-01
  4275.152 9.956E-01
  4275.581 9.951E-01
  4276.010 9.944E-01
  4276.439 9.938E-01
  4276.868 9.934E-01
  4277.297 9.936E-01
  4277.726 9.943E-01
  4278.155 9.950E-01
  4278.584 9.958E-01
  4279.013 9.968E-01
  4279.442 9.976E-01
  4279.871 9.982E-01
  4280.300 9.986E-01
  4280.729 9.984E-01
  4281.158 9.975E-01
  4281.587 9.966E-01
  4282.016 9.959E-01
  4282.445 9.954E-01
  4282.874 9.948E-01
  4283.303 9.940E-01
  4283.732 9.935E-01
  4284.161 9.932E-01
  4284.590 9.934E-01
  4285.019 9.939E-01
  4285.448 9.944E-01
  4285.877 9.949E-01
  4286.306 9.956E-01
  4286.735 9.965E-01
  4287.164 9.976E-01
  4287.593 9.980E-01
  4288.022 9.982E-01
  4288.451 9.985E-01
  4288.880 9.985E-01
  4289.309 9.984E-01
  4289.738 9.983E-01
  4290.167 9.982E-01
  4290.596 9.984E-01
  4291.025 9.986E-01
  4291.454 9.987E-01
  4291.883 9.986E-01
  4292.312 9.980E-01
  4292.741 9.963E-01
  4293.170 9.948E-01
  4293.599 9.939E-01
  4294.028 9.933E-01
  4294.457 9.927E-01
  4294.886 9.922E-01
  4295.315 9.921E-01
  4295.744 9.927E-01
  4296.173 9.941E-01
  4296.602 9.960E-01
  4297.031 9.969E-01
  4297.460 9.973E-01
  4297.889 9.978E-01
  4298.318 9.983E-01
  4298.747 9.989E-01
  4299.176 9.993E-01
  4299.605 9.993E-01
  4300.034 9.993E-01
  4300.463 9.993E-01
  4300.892 9.991E-01
  4301.321 9.983E-01
  4301.750 9.972E-01
  4302.179 9.960E-01
  4302.608 9.949E-01
  4303.037 9.938E-01
  4303.466 9.932E-01
  4303.895 9.930E-01
  4304.324 9.932E-01
  4304.753 9.940E-01
  4305.182 9.951E-01
  4305.611 9.962E-01
  4306.040 9.971E-01
  4306.469 9.976E-01
  4306.898 9.980E-01
  4307.327 9.980E-01
  4307.756 9.978E-01
  4308.185 9.976E-01
  4308.614 9.971E-01
  4309.043 9.969E-01
  4309.472 9.968E-01
  4309.901 9.969E-01
  4310.330 9.970E-01
  4310.759 9.971E-01
  4311.188 9.972E-01
  4311.617 9.970E-01
  4312.046 9.970E-01
  4312.475 9.971E-01
  4312.904 9.970E-01
  4313.333 9.968E-01
  4313.762 9.965E-01
  4314.191 9.964E-01
  4314.620 9.964E-01
  4315.049 9.960E-01
  4315.478 9.950E-01
  4315.907 9.940E-01
  4316.336 9.932E-01
  4316.765 9.925E-01
  4317.194 9.920E-01
  4317.623 9.912E-01
  4318.052 9.903E-01
  4318.481 9.901E-01
  4318.910 9.907E-01
  4319.339 9.918E-01
  4319.768 9.925E-01
  4320.197 9.931E-01
  4320.626 9.940E-01
  4321.055 9.950E-01
  4321.484 9.962E-01
  4321.913 9.974E-01
  4322.342 9.976E-01
  4322.771 9.975E-01
  4323.200 9.974E-01
  4323.629 9.970E-01
  4324.058 9.961E-01
  4324.487 9.954E-01
  4324.916 9.948E-01
  4325.345 9.945E-01
  4325.774 9.942E-01
  4326.203 9.941E-01
  4326.632 9.939E-01
  4327.061 9.938E-01
  4327.490 9.936E-01
  4327.919 9.934E-01
  4328.348 9.929E-01
  4328.777 9.920E-01
  4329.206 9.909E-01
  4329.635 9.897E-01
  4330.064 9.886E-01
  4330.493 9.875E-01
  4330.922 9.861E-01
  4331.351 9.849E-01
  4331.780 9.836E-01
  4332.209 9.822E-01
  4332.638 9.808E-01
  4333.067 9.791E-01
  4333.496 9.772E-01
  4333.925 9.746E-01
  4334.354 9.711E-01
  4334.783 9.665E-01
  4335.212 9.601E-01
  4335.641 9.517E-01
  4336.070 9.410E-01
  4336.499 9.268E-01
  4336.928 9.084E-01
  4337.357 8.845E-01
  4337.786 8.531E-01
  4338.215 8.106E-01
  4338.644 7.577E-01
  4339.073 7.049E-01
  4339.502 6.614E-01
  4339.931 6.321E-01
  4340.360 6.194E-01
  4340.789 6.242E-01
  4341.218 6.460E-01
  4341.647 6.832E-01
  4342.076 7.326E-01
  4342.505 7.874E-01
  4342.934 8.357E-01
  4343.363 8.717E-01
  4343.792 8.978E-01
  4344.221 9.178E-01
  4344.650 9.331E-01
  4345.079 9.448E-01
  4345.508 9.534E-01
  4345.937 9.596E-01
  4346.366 9.637E-01
  4346.795 9.671E-01
  4347.224 9.698E-01
  4347.653 9.712E-01
  4348.082 9.726E-01
  4348.511 9.740E-01
  4348.940 9.758E-01
  4349.369 9.772E-01
  4349.798 9.779E-01
  4350.227 9.784E-01
  4350.656 9.779E-01
  4351.085 9.781E-01
  4351.514 9.791E-01
  4351.943 9.801E-01
  4352.372 9.810E-01
  4352.801 9.826E-01
  4353.230 9.852E-01
  4353.659 9.885E-01
  4354.088 9.917E-01
  4354.517 9.937E-01
  4354.946 9.953E-01
  4355.375 9.959E-01
  4355.804 9.963E-01
  4356.233 9.965E-01
  4356.662 9.968E-01
  4357.091 9.969E-01
  4357.520 9.969E-01
  4357.949 9.970E-01
  4358.378 9.971E-01
  4358.807 9.973E-01
  4359.236 9.973E-01
  4359.665 9.971E-01
  4360.094 9.967E-01
  4360.523 9.964E-01
  4360.952 9.962E-01
  4361.381 9.962E-01
  4361.810 9.963E-01
  4362.239 9.965E-01
  4362.668 9.967E-01
  4363.097 9.969E-01
  4363.526 9.970E-01
  4363.955 9.968E-01
  4364.384 9.964E-01
  4364.813 9.955E-01
  4365.242 9.941E-01
  4365.671 9.930E-01
  4366.100 9.923E-01
  4366.529 9.920E-01
  4366.958 9.922E-01
  4367.387 9.924E-01
  4367.816 9.930E-01
  4368.245 9.935E-01
  4368.674 9.945E-01
  4369.103 9.954E-01
  4369.532 9.949E-01
  4369.961 9.939E-01
  4370.390 9.923E-01
  4370.819 9.904E-01
  4371.248 9.891E-01
  4371.677 9.885E-01
  4372.106 9.884E-01
  4372.535 9.886E-01
  4372.964 9.897E-01
  4373.393 9.915E-01
  4373.822 9.934E-01
  4374.251 9.951E-01
  4374.680 9.966E-01
  4375.109 9.972E-01
  4375.538 9.971E-01
  4375.967 9.971E-01
  4376.396 9.971E-01
  4376.825 9.971E-01
  4377.254 9.970E-01
  4377.683 9.967E-01
  4378.112 9.966E-01
  4378.541 9.967E-01
  4378.970 9.969E-01
  4379.399 9.971E-01
  4379.828 9.973E-01
  4380.257 9.973E-01
  4380.686 9.965E-01
  4381.115 9.958E-01
  4381.544 9.955E-01
  4381.973 9.954E-01
  4382.402 9.950E-01
  4382.831 9.942E-01
  4383.260 9.933E-01
  4383.689 9.924E-01
  4384.118 9.921E-01
  4384.547 9.922E-01
  4384.976 9.918E-01
  4385.405 9.883E-01
  4385.834 9.769E-01
  4386.263 9.590E-01
  4386.692 9.441E-01
  4387.121 9.342E-01
  4387.550 9.288E-01
  4387.979 9.272E-01
  4388.408 9.294E-01
  4388.837 9.355E-01
  4389.266 9.465E-01
  4389.695 9.627E-01
  4390.124 9.807E-01
  4390.553 9.905E-01
  4390.982 9.936E-01
  4391.411 9.948E-01
  4391.840 9.957E-01
  4392.269 9.968E-01
  4392.698 9.979E-01
  4393.127 9.985E-01
  4393.556 9.981E-01
  4393.985 9.959E-01
  4394.414 9.939E-01
  4394.843 9.926E-01
  4395.272 9.918E-01
  4395.701 9.915E-01
  4396.130 9.917E-01
  4396.559 9.924E-01
  4396.988 9.936E-01
  4397.417 9.953E-01
  4397.846 9.975E-01
  4398.275 9.991E-01
  4398.704 9.992E-01
  4399.133 9.988E-01
  4399.562 9.984E-01
  4399.991 9.982E-01
  4400.420 9.980E-01
  4400.849 9.979E-01
  4401.278 9.978E-01
  4401.707 9.979E-01
  4402.136 9.980E-01
  4402.565 9.981E-01
  4402.994 9.983E-01
  4403.423 9.984E-01
  4403.852 9.983E-01
  4404.281 9.981E-01
  4404.710 9.980E-01
  4405.139 9.979E-01
  4405.568 9.979E-01
  4405.997 9.979E-01
  4406.426 9.981E-01
  4406.855 9.981E-01
  4407.284 9.981E-01
  4407.713 9.980E-01
  4408.142 9.978E-01
  4408.571 9.976E-01
  4409.000 9.974E-01
  4409.429 9.970E-01
  4409.858 9.966E-01
  4410.287 9.964E-01
  4410.716 9.964E-01
  4411.145 9.967E-01
  4411.574 9.970E-01
  4412.003 9.975E-01
  4412.432 9.976E-01
  4412.861 9.967E-01
  4413.290 9.956E-01
  4413.719 9.948E-01
  4414.148 9.942E-01
  4414.577 9.933E-01
  4415.006 9.914E-01
  4415.435 9.899E-01
  4415.864 9.892E-01
  4416.293 9.894E-01
  4416.722 9.905E-01
  4417.151 9.917E-01
  4417.580 9.902E-01
  4418.009 9.883E-01
  4418.438 9.875E-01
  4418.867 9.880E-01
  4419.296 9.890E-01
  4419.725 9.894E-01
  4420.154 9.899E-01
  4420.583 9.911E-01
  4421.012 9.930E-01
  4421.441 9.958E-01
  4421.870 9.989E-01
  4422.299 9.997E-01
  4422.728 9.998E-01
  4423.157 9.998E-01
  4423.586 9.997E-01
  4424.015 9.989E-01
  4424.444 9.980E-01
  4424.873 9.974E-01
  4425.302 9.970E-01
  4425.731 9.966E-01
  4426.160 9.963E-01
  4426.589 9.963E-01
  4427.018 9.964E-01
  4427.447 9.969E-01
  4427.876 9.976E-01
  4428.305 9.981E-01
  4428.734 9.975E-01
  4429.163 9.953E-01
  4429.592 9.935E-01
  4430.021 9.923E-01
  4430.450 9.915E-01
  4430.879 9.908E-01
  4431.308 9.908E-01
  4431.737 9.912E-01
  4432.166 9.919E-01
  4432.595 9.933E-01
  4433.024 9.951E-01
  4433.453 9.967E-01
  4433.882 9.973E-01
  4434.311 9.975E-01
  4434.740 9.976E-01
  4435.169 9.964E-01
  4435.598 9.911E-01
  4436.027 9.856E-01
  4436.456 9.816E-01
  4436.885 9.791E-01
  4437.314 9.778E-01
  4437.743 9.779E-01
  4438.172 9.792E-01
  4438.601 9.820E-01
  4439.030 9.861E-01
  4439.459 9.918E-01
  4439.888 9.977E-01
  4440.317 9.993E-01
  4440.746 9.993E-01
  4441.175 9.990E-01
  4441.604 9.989E-01
  4442.033 9.987E-01
  4442.462 9.986E-01
  4442.891 9.985E-01
  4443.320 9.985E-01
  4443.749 9.986E-01
  4444.178 9.987E-01
  4444.607 9.987E-01
  4445.036 9.983E-01
  4445.465 9.980E-01
  4445.894 9.976E-01
  4446.323 9.971E-01
  4446.752 9.966E-01
  4447.181 9.964E-01
  4447.610 9.963E-01
  4448.039 9.965E-01
  4448.468 9.969E-01
  4448.897 9.975E-01
  4449.326 9.981E-01
  4449.755 9.983E-01
  4450.184 9.984E-01
  4450.613 9.981E-01
  4451.042 9.977E-01
  4451.471 9.975E-01
  4451.900 9.974E-01
  4452.329 9.973E-01
  4452.758 9.975E-01
  4453.187 9.976E-01
  4453.616 9.980E-01
  4454.045 9.983E-01
  4454.474 9.987E-01
  4454.903 9.988E-01
  4455.332 9.988E-01
  4455.761 9.987E-01
  4456.190 9.987E-01
  4456.619 9.988E-01
  4457.048 9.989E-01
  4457.477 9.991E-01
  4457.906 9.993E-01
  4458.335 9.994E-01
  4458.764 9.996E-01
  4459.193 9.995E-01
  4459.622 9.994E-01
  4460.051 9.993E-01
  4460.480 9.992E-01
  4460.909 9.991E-01
  4461.338 9.988E-01
  4461.767 9.982E-01
  4462.196 9.978E-01
  4462.625 9.975E-01
  4463.054 9.973E-01
  4463.483 9.971E-01
  4463.912 9.971E-01
  4464.341 9.970E-01
  4464.770 9.970E-01
  4465.199 9.971E-01
  4465.628 9.970E-01
  4466.057 9.967E-01
  4466.486 9.959E-01
  4466.915 9.948E-01
  4467.344 9.931E-01
  4467.773 9.900E-01
  4468.202 9.846E-01
  4468.631 9.774E-01
  4469.060 9.647E-01
  4469.489 9.401E-01
  4469.918 9.105E-01
  4470.347 8.866E-01
  4470.776 8.711E-01
  4471.205 8.638E-01
  4471.634 8.648E-01
  4472.063 8.736E-01
  4472.492 8.894E-01
  4472.921 9.111E-01
  4473.350 9.387E-01
  4473.779 9.672E-01
  4474.208 9.841E-01
  4474.637 9.908E-01
  4475.066 9.938E-01
  4475.495 9.954E-01
  4475.924 9.965E-01
  4476.353 9.972E-01
  4476.782 9.977E-01
  4477.211 9.981E-01
  4477.640 9.979E-01
  4478.069 9.965E-01
  4478.498 9.947E-01
  4478.927 9.892E-01
  4479.356 9.755E-01
  4479.785 9.633E-01
  4480.214 9.551E-01
  4480.643 9.505E-01
  4481.072 9.489E-01
  4481.501 9.502E-01
  4481.930 9.546E-01
  4482.359 9.618E-01
  4482.788 9.714E-01
  4483.217 9.842E-01
  4483.646 9.958E-01
  4484.075 9.987E-01
  4484.504 9.988E-01
  4484.933 9.987E-01
  4485.362 9.987E-01
  4485.791 9.987E-01
  4486.220 9.986E-01
  4486.649 9.984E-01
  4487.078 9.981E-01
  4487.507 9.977E-01
  4487.936 9.975E-01
  4488.365 9.975E-01
  4488.794 9.977E-01
  4489.223 9.976E-01
  4489.652 9.972E-01
  4490.081 9.971E-01
  4490.510 9.971E-01
  4490.939 9.973E-01
  4491.368 9.976E-01
  4491.797 9.978E-01
  4492.226 9.979E-01
  4492.655 9.982E-01
  4493.084 9.985E-01
  4493.513 9.990E-01
  4493.942 9.994E-01
  4494.371 9.995E-01
  4494.800 9.995E-01
  4495.229 9.996E-01
  4495.658 9.996E-01
  4496.087 9.996E-01
  4496.516 9.995E-01
  4496.945 9.994E-01
  4497.374 9.993E-01
  4497.803 9.991E-01
  4498.232 9.991E-01
  4498.661 9.990E-01
  4499.090 9.989E-01
  4499.519 9.988E-01
  4499.948 9.989E-01
  4500.377 9.990E-01
  4500.806 9.991E-01
  4501.235 9.992E-01
  4501.664 9.994E-01
  4502.093 9.995E-01
  4502.522 9.996E-01
  4502.951 9.997E-01
  4503.380 9.998E-01
  4503.809 9.998E-01
  4504.238 9.998E-01
  4504.667 9.998E-01
  4505.096 9.998E-01
  4505.525 9.997E-01
  4505.954 9.994E-01
  4506.383 9.984E-01
  4506.812 9.975E-01
  4507.241 9.969E-01
  4507.670 9.965E-01
  4508.099 9.963E-01
  4508.528 9.963E-01
  4508.957 9.966E-01
  4509.386 9.970E-01
  4509.815 9.976E-01
  4510.244 9.981E-01
  4510.673 9.974E-01
  4511.102 9.963E-01
  4511.531 9.955E-01
  4511.960 9.949E-01
  4512.389 9.945E-01
  4512.818 9.943E-01
  4513.247 9.938E-01
  4513.676 9.935E-01
  4514.105 9.938E-01
  4514.534 9.947E-01
  4514.963 9.959E-01
  4515.392 9.962E-01
  4515.821 9.964E-01
  4516.250 9.969E-01
  4516.679 9.976E-01
  4517.108 9.984E-01
  4517.537 9.993E-01
  4517.966 9.996E-01
  4518.395 9.991E-01
  4518.824 9.986E-01
  4519.253 9.983E-01
  4519.682 9.981E-01
  4520.111 9.977E-01
  4520.540 9.964E-01
  4520.969 9.948E-01
  4521.398 9.938E-01
  4521.827 9.933E-01
  4522.256 9.932E-01
  4522.685 9.930E-01
  4523.114 9.917E-01
  4523.543 9.909E-01
  4523.972 9.909E-01
  4524.401 9.918E-01
  4524.830 9.934E-01
  4525.259 9.944E-01
  4525.688 9.950E-01
  4526.117 9.956E-01
  4526.546 9.964E-01
  4526.975 9.965E-01
  4527.404 9.953E-01
  4527.833 9.936E-01
  4528.262 9.922E-01
  4528.691 9.912E-01
  4529.120 9.908E-01
  4529.549 9.909E-01
  4529.978 9.916E-01
  4530.407 9.928E-01
  4530.836 9.946E-01
  4531.265 9.971E-01
  4531.694 9.989E-01
  4532.123 9.992E-01
  4532.552 9.990E-01
  4532.981 9.990E-01
  4533.410 9.988E-01
  4533.839 9.988E-01
  4534.268 9.987E-01
  4534.697 9.988E-01
  4535.126 9.989E-01
  4535.555 9.991E-01
  4535.984 9.994E-01
  4536.413 9.998E-01
  4536.842 1.000E+00
  4537.271 1.000E+00
  4537.700 1.000E+00
  4538.129 1.000E+00
  4538.558 1.000E+00
  4538.987 1.000E+00
  4539.416 9.999E-01
  4539.845 9.997E-01
  4540.274 9.996E-01
  4540.703 9.995E-01
  4541.132 9.995E-01
  4541.561 9.995E-01
  4541.990 9.996E-01
  4542.419 9.997E-01
  4542.848 9.997E-01
  4543.277 9.997E-01
  4543.706 9.997E-01
  4544.135 9.997E-01
  4544.564 9.997E-01
  4544.993 9.997E-01
  4545.422 9.997E-01
  4545.851 9.998E-01
  4546.280 1.000E+00
  4546.709 1.000E+00
  4547.138 9.995E-01
  4547.567 9.967E-01
  4547.996 9.940E-01
  4548.425 9.923E-01
  4548.854 9.912E-01
  4549.283 9.907E-01
  4549.712 9.907E-01
  4550.141 9.905E-01
  4550.570 9.881E-01
  4550.999 9.864E-01
  4551.428 9.866E-01
  4551.857 9.877E-01
  4552.286 9.876E-01
  4552.715 9.875E-01
  4553.144 9.881E-01
  4553.573 9.892E-01
  4554.002 9.903E-01
  4554.431 9.927E-01
  4554.860 9.961E-01
  4555.289 9.972E-01
  4555.718 9.972E-01
  4556.147 9.972E-01
  4556.576 9.972E-01
  4557.005 9.972E-01
  4557.434 9.977E-01
  4557.863 9.986E-01
  4558.292 9.996E-01
  4558.721 9.999E-01
  4559.150 1.000E+00
  4559.579 1.000E+00
  4560.008 1.001E+00
  4560.437 1.001E+00
  4560.866 1.002E+00
  4561.295 1.002E+00
  4561.724 1.002E+00
  4562.153 1.002E+00
  4562.582 1.002E+00
  4563.011 1.002E+00
  4563.440 1.002E+00
  4563.869 1.002E+00
  4564.298 1.002E+00
  4564.727 1.002E+00
  4565.156 1.002E+00
  4565.585 1.001E+00
  4566.014 9.983E-01
  4566.443 9.961E-01
  4566.872 9.946E-01
  4567.301 9.937E-01
  4567.730 9.932E-01
  4568.159 9.932E-01
  4568.588 9.937E-01
  4569.017 9.947E-01
  4569.446 9.965E-01
  4569.875 9.989E-01
  4570.304 1.001E+00
  4570.733 1.002E+00
  4571.162 1.002E+00
  4571.591 1.002E+00
  4572.020 1.002E+00
  4572.449 1.002E+00
  4572.878 1.000E+00
  4573.307 9.987E-01
  4573.736 9.978E-01
  4574.165 9.972E-01
  4574.594 9.968E-01
  4575.023 9.968E-01
  4575.452 9.971E-01
  4575.881 9.978E-01
  4576.310 9.989E-01
  4576.739 1.001E+00
  4577.168 1.002E+00
  4577.597 1.002E+00
  4578.026 1.002E+00
  4578.455 1.002E+00
  4578.884 1.002E+00
  4579.313 1.002E+00
  4579.742 1.003E+00
  4580.171 1.003E+00
  4580.600 1.003E+00
  4581.029 1.003E+00
  4581.458 1.002E+00
  4581.887 9.997E-01
  4582.316 9.974E-01
  4582.745 9.959E-01
  4583.174 9.950E-01
  4583.603 9.946E-01
  4584.032 9.948E-01
  4584.461 9.955E-01
  4584.890 9.967E-01
  4585.319 9.985E-01
  4585.748 1.001E+00
  4586.177 1.003E+00
  4586.606 1.004E+00
  4587.035 1.003E+00
  4587.464 1.003E+00
  4587.893 1.003E+00
  4588.322 1.002E+00
  4588.751 1.002E+00
  4589.180 1.001E+00
  4589.609 1.000E+00
  4590.038 9.998E-01
  4590.467 1.000E+00
  4590.896 1.000E+00
  4591.325 1.001E+00
  4591.754 1.001E+00
  4592.183 1.002E+00
  4592.612 1.003E+00
  4593.041 1.004E+00
  4593.470 1.005E+00
  4593.899 1.004E+00
  4594.328 1.004E+00
  4594.757 1.003E+00
  4595.186 1.002E+00
  4595.615 1.002E+00
  4596.044 1.002E+00
  4596.473 1.002E+00
  4596.902 1.002E+00
  4597.331 1.003E+00
  4597.760 1.003E+00
  4598.189 1.004E+00
  4598.618 1.005E+00
  4599.047 1.006E+00
  4599.476 1.006E+00
  4599.905 1.006E+00
