  3980.000 9.852E-01
  3980.429 9.866E-01
  3980.858 9.864E-01
  3981.287 9.854E-01
  3981.716 9.848E-01
  3982.145 9.844E-01
  3982.574 9.844E-01
  3983.003 9.849E-01
  3983.432 9.858E-01
  3983.861 9.873E-01
  3984.290 9.893E-01
  3984.719 9.918E-01
  3985.148 9.932E-01
  3985.577 9.940E-01
  3986.006 9.947E-01
  3986.435 9.951E-01
  3986.864 9.954E-01
  3987.293 9.957E-01
  3987.722 9.960E-01
  3988.151 9.962E-01
  3988.580 9.964E-01
  3989.009 9.965E-01
  3989.438 9.967E-01
  3989.867 9.968E-01
  3990.296 9.970E-01
  3990.725 9.971E-01
  3991.154 9.972E-01
  3991.583 9.974E-01
  3992.012 9.975E-01
  3992.441 9.976E-01
  3992.870 9.975E-01
  3993.299 9.970E-01
  3993.728 9.965E-01
  3994.157 9.962E-01
  3994.586 9.961E-01
  3995.015 9.960E-01
  3995.444 9.962E-01
  3995.873 9.964E-01
  3996.302 9.967E-01
  3996.731 9.964E-01
  3997.160 9.954E-01
  3997.589 9.942E-01
  3998.018 9.934E-01
  3998.447 9.930E-01
  3998.876 9.929E-01
  3999.305 9.932E-01
  3999.734 9.940E-01
  4000.163 9.952E-01
  4000.592 9.968E-01
  4001.021 9.976E-01
  4001.450 9.972E-01
  4001.879 9.953E-01
  4002.308 9.933E-01
  4002.737 9.918E-01
  4003.166 9.904E-01
  4003.595 9.888E-01
  4004.024 9.880E-01
  4004.453 9.880E-01
  4004.882 9.887E-01
  4005.311 9.901E-01
  4005.740 9.914E-01
  4006.169 9.911E-01
  4006.598 9.896E-01
  4007.027 9.858E-01
  4007.456 9.775E-01
  4007.885 9.671E-01
  4008.314 9.584E-01
  4008.743 9.527E-01
  4009.172 9.503E-01
  4009.601 9.514E-01
  4010.030 9.557E-01
  4010.459 9.633E-01
  4010.888 9.733E-01
  4011.317 9.833E-01
  4011.746 9.896E-01
  4012.175 9.927E-01
  4012.604 9.943E-01
  4013.033 9.952E-01
  4013.462 9.957E-01
  4013.891 9.959E-01
  4014.320 9.959E-01
  4014.749 9.959E-01
  4015.178 9.959E-01
  4015.607 9.958E-01
  4016.036 9.957E-01
  4016.465 9.957E-01
  4016.894 9.956E-01
  4017.323 9.955E-01
  4017.752 9.953E-01
  4018.181 9.949E-01
  4018.610 9.943E-01
  4019.039 9.936E-01
  4019.468 9.927E-01
  4019.897 9.916E-01
  4020.326 9.902E-01
  4020.755 9.884E-01
  4021.184 9.862E-01
  4021.613 9.832E-01
  4022.042 9.788E-01
  4022.471 9.727E-01
  4022.900 9.650E-01
  4023.329 9.545E-01
  4023.758 9.383E-01
  4024.187 9.107E-01
  4024.616 8.721E-01
  4025.045 8.363E-01
  4025.474 8.119E-01
  4025.903 8.009E-01
  4026.332 8.025E-01
  4026.761 8.162E-01
  4027.190 8.417E-01
  4027.619 8.774E-01
  4028.048 9.180E-01
  4028.477 9.507E-01
  4028.906 9.685E-01
  4029.335 9.773E-01
  4029.764 9.823E-01
  4030.193 9.856E-01
  4030.622 9.881E-01
  4031.051 9.899E-01
  4031.480 9.910E-01
  4031.909 9.913E-01
  4032.338 9.916E-01
  4032.767 9.920E-01
  4033.196 9.924E-01
  4033.625 9.929E-01
  4034.054 9.934E-01
  4034.483 9.941E-01
  4034.912 9.950E-01
  4035.341 9.961E-01
  4035.770 9.969E-01
  4036.199 9.972E-01
  4036.628 9.973E-01
  4037.057 9.974E-01
  4037.486 9.976E-01
  4037.915 9.976E-01
  4038.344 9.977E-01
  4038.773 9.979E-01
  4039.202 9.980E-01
  4039.631 9.981E-01
  4040.060 9.982E-01
  4040.489 9.982E-01
  4040.918 9.982E-01
  4041.347 9.982E-01
  4041.776 9.981E-01
  4042.205 9.981E-01
  4042.634 9.981E-01
  4043.063 9.977E-01
  4043.492 9.973E-01
  4043.921 9.969E-01
  4044.350 9.967E-01
  4044.779 9.967E-01
  4045.208 9.968E-01
  4045.637 9.972E-01
  4046.066 9.976E-01
  4046.495 9.981E-01
  4046.924 9.987E-01
  4047.353 9.990E-01
  4047.782 9.990E-01
  4048.211 9.990E-01
  4048.640 9.990E-01
  4049.069 9.991E-01
  4049.498 9.991E-01
  4049.927 9.992E-01
  4050.356 9.993E-01
  4050.785 9.993E-01
  4051.214 9.993E-01
  4051.643 9.992E-01
  4052.072 9.991E-01
  4052.501 9.987E-01
  4052.930 9.983E-01
  4053.359 9.978E-01
  4053.788 9.970E-01
  4054.217 9.943E-01
  4054.646 9.910E-01
  4055.075 9.887E-01
  4055.504 9.874E-01
  4055.933 9.869E-01
  4056.362 9.872E-01
  4056.791 9.882E-01
  4057.220 9.900E-01
  4057.649 9.928E-01
  4058.078 9.961E-01
  4058.507 9.973E-01
  4058.936 9.966E-01
  4059.365 9.954E-01
  4059.794 9.946E-01
  4060.223 9.940E-01
  4060.652 9.936E-01
  4061.081 9.935E-01
  4061.510 9.938E-01
  4061.939 9.945E-01
  4062.368 9.957E-01
  4062.797 9.970E-01
  4063.226 9.978E-01
  4063.655 9.981E-01
  4064.084 9.984E-01
  4064.513 9.986E-01
  4064.942 9.989E-01
  4065.371 9.987E-01
  4065.800 9.965E-01
  4066.229 9.896E-01
  4066.658 9.814E-01
  4067.087 9.702E-01
  4067.516 9.580E-01
  4067.945 9.444E-01
  4068.374 9.289E-01
  4068.803 9.162E-01
  4069.232 9.114E-01
  4069.661 9.146E-01
  4070.090 9.217E-01
  4070.519 9.265E-01
  4070.948 9.352E-01
  4071.377 9.456E-01
  4071.806 9.579E-01
  4072.235 9.689E-01
  4072.664 9.746E-01
  4073.093 9.773E-01
  4073.522 9.797E-01
  4073.951 9.779E-01
  4074.380 9.714E-01
  4074.809 9.640E-01
  4075.238 9.589E-01
  4075.667 9.569E-01
  4076.096 9.579E-01
  4076.525 9.612E-01
  4076.954 9.664E-01
  4077.383 9.745E-01
  4077.812 9.856E-01
  4078.241 9.919E-01
  4078.670 9.927E-01
  4079.099 9.919E-01
  4079.528 9.909E-01
  4079.957 9.905E-01
  4080.386 9.909E-01
  4080.815 9.918E-01
  4081.244 9.923E-01
  4081.673 9.925E-01
  4082.102 9.927E-01
  4082.531 9.930E-01
  4082.960 9.931E-01
  4083.389 9.916E-01
  4083.818 9.898E-01
  4084.247 9.886E-01
  4084.676 9.878E-01
  4085.105 9.873E-01
  4085.534 9.868E-01
  4085.963 9.869E-01
  4086.392 9.854E-01
  4086.821 9.730E-01
  4087.250 9.441E-01
  4087.679 9.172E-01
  4088.108 8.993E-01
  4088.537 8.897E-01
  4088.966 8.875E-01
  4089.395 8.924E-01
  4089.824 9.041E-01
  4090.253 9.243E-01
  4090.682 9.526E-01
  4091.111 9.758E-01
  4091.540 9.807E-01
  4091.969 9.788E-01
  4092.398 9.762E-01
  4092.827 9.733E-01
  4093.256 9.701E-01
  4093.685 9.667E-01
  4094.114 9.630E-01
  4094.543 9.591E-01
  4094.972 9.529E-01
  4095.401 9.381E-01
  4095.830 9.159E-01
  4096.259 8.960E-01
  4096.688 8.794E-01
  4097.117 8.648E-01
  4097.546 8.513E-01
  4097.975 8.384E-01
  4098.404 8.254E-01
  4098.833 8.119E-01
  4099.262 7.958E-01
  4099.691 7.685E-01
  4100.120 7.297E-01
  4100.549 6.913E-01
  4100.978 6.607E-01
  4101.407 6.402E-01
  4101.836 6.316E-01
  4102.265 6.386E-01
  4102.694 6.604E-01
  4103.123 6.934E-01
  4103.552 7.333E-01
  4103.981 7.742E-01
  4104.410 8.115E-01
  4104.839 8.441E-01
  4105.268 8.725E-01
  4105.697 8.957E-01
  4106.126 9.128E-01
  4106.555 9.267E-01
  4106.984 9.384E-01
  4107.413 9.474E-01
  4107.842 9.545E-01
  4108.271 9.602E-01
  4108.700 9.647E-01
  4109.129 9.679E-01
  4109.558 9.705E-01
  4109.987 9.728E-01
  4110.416 9.745E-01
  4110.845 9.762E-01
  4111.274 9.780E-01
  4111.703 9.799E-01
  4112.132 9.818E-01
  4112.561 9.838E-01
  4112.990 9.857E-01
  4113.419 9.867E-01
  4113.848 9.829E-01
  4114.277 9.640E-01
  4114.706 9.412E-01
  4115.135 9.251E-01
  4115.564 9.158E-01
  4115.993 9.124E-01
  4116.422 9.144E-01
  4116.851 9.212E-01
  4117.280 9.314E-01
  4117.709 9.469E-01
  4118.138 9.669E-01
  4118.567 9.721E-01
  4118.996 9.604E-01
  4119.425 9.452E-01
  4119.854 9.336E-01
  4120.283 9.268E-01
  4120.712 9.260E-01
  4121.141 9.311E-01
  4121.570 9.389E-01
  4121.999 9.488E-01
  4122.428 9.631E-01
  4122.857 9.797E-01
  4123.286 9.902E-01
  4123.715 9.949E-01
  4124.144 9.971E-01
  4124.573 9.976E-01
  4125.002 9.978E-01
  4125.431 9.978E-01
  4125.860 9.978E-01
  4126.289 9.974E-01
  4126.718 9.972E-01
  4127.147 9.970E-01
  4127.576 9.968E-01
  4128.005 9.966E-01
  4128.434 9.966E-01
  4128.863 9.968E-01
  4129.292 9.970E-01
  4129.721 9.974E-01
  4130.150 9.978E-01
  4130.579 9.976E-01
  4131.008 9.961E-01
  4131.437 9.945E-01
  4131.866 9.934E-01
  4132.295 9.928E-01
  4132.724 9.926E-01
  4133.153 9.929E-01
  4133.582 9.935E-01
  4134.011 9.946E-01
  4134.440 9.963E-01
  4134.869 9.983E-01
  4135.298 9.990E-01
  4135.727 9.989E-01
  4136.156 9.987E-01
  4136.585 9.986E-01
  4137.014 9.984E-01
  4137.443 9.980E-01
  4137.872 9.977E-01
  4138.301 9.974E-01
  4138.730 9.971E-01
  4139.159 9.969E-01
  4139.588 9.967E-01
  4140.017 9.965E-01
  4140.446 9.960E-01
  4140.875 9.948E-01
  4141.304 9.912E-01
  4141.733 9.804E-01
  4142.162 9.630E-01
  4142.591 9.474E-01
  4143.020 9.366E-01
  4143.449 9.307E-01
  4143.878 9.296E-01
  4144.307 9.333E-01
  4144.736 9.419E-01
  4145.165 9.555E-01
  4145.594 9.729E-01
  4146.023 9.877E-01
  4146.452 9.942E-01
  4146.881 9.963E-01
  4147.310 9.973E-01
  4147.739 9.977E-01
  4148.168 9.975E-01
  4148.597 9.971E-01
  4149.026 9.969E-01
  4149.455 9.968E-01
  4149.884 9.967E-01
  4150.313 9.964E-01
  4150.742 9.950E-01
  4151.171 9.930E-01
  4151.600 9.901E-01
  4152.029 9.880E-01
  4152.458 9.866E-01
  4152.887 9.860E-01
  4153.316 9.862E-01
  4153.745 9.873E-01
  4154.174 9.892E-01
  4154.603 9.904E-01
  4155.032 9.904E-01
  4155.461 9.908E-01
  4155.890 9.903E-01
  4156.319 9.898E-01
  4156.748 9.899E-01
  4157.177 9.906E-01
  4157.606 9.920E-01
  4158.035 9.942E-01
  4158.464 9.971E-01
  4158.893 9.991E-01
  4159.322 9.996E-01
  4159.751 9.996E-01
  4160.180 9.995E-01
  4160.609 9.988E-01
  4161.038 9.962E-01
  4161.467 9.931E-01
  4161.896 9.907E-01
  4162.325 9.893E-01
  4162.754 9.884E-01
  4163.183 9.882E-01
  4163.612 9.888E-01
  4164.041 9.903E-01
  4164.470 9.928E-01
  4164.899 9.961E-01
  4165.328 9.980E-01
  4165.757 9.984E-01
  4166.186 9.986E-01
  4166.615 9.984E-01
  4167.044 9.966E-01
  4167.473 9.932E-01
  4167.902 9.904E-01
  4168.331 9.886E-01
  4168.760 9.877E-01
  4169.189 9.876E-01
  4169.618 9.882E-01
  4170.047 9.895E-01
  4170.476 9.916E-01
  4170.905 9.947E-01
  4171.334 9.972E-01
  4171.763 9.980E-01
  4172.192 9.981E-01
  4172.621 9.980E-01
  4173.050 9.981E-01
  4173.479 9.983E-01
  4173.908 9.986E-01
  4174.337 9.987E-01
  4174.766 9.988E-01
  4175.195 9.988E-01
  4175.624 9.989E-01
  4176.053 9.991E-01
  4176.482 9.992E-01
  4176.911 9.993E-01
  4177.340 9.993E-01
  4177.769 9.993E-01
  4178.198 9.994E-01
  4178.627 9.994E-01
  4179.056 9.994E-01
  4179.485 9.995E-01
  4179.914 9.995E-01
  4180.343 9.995E-01
  4180.772 9.995E-01
  4181.201 9.995E-01
  4181.630 9.994E-01
  4182.059 9.992E-01
  4182.488 9.987E-01
  4182.917 9.982E-01
  4183.346 9.971E-01
  4183.775 9.948E-01
  4184.204 9.928E-01
  4184.633 9.899E-01
  4185.062 9.833E-01
  4185.491 9.765E-01
  4185.920 9.723E-01
  4186.349 9.705E-01
  4186.778 9.706E-01
  4187.207 9.726E-01
  4187.636 9.750E-01
  4188.065 9.750E-01
  4188.494 9.770E-01
  4188.923 9.815E-01
  4189.352 9.840E-01
  4189.781 9.841E-01
  4190.210 9.844E-01
  4190.639 9.855E-01
  4191.068 9.876E-01
  4191.497 9.910E-01
  4191.926 9.948E-01
  4192.355 9.959E-01
  4192.784 9.955E-01
  4193.213 9.948E-01
  4193.642 9.935E-01
  4194.071 9.914E-01
  4194.500 9.891E-01
  4194.929 9.868E-01
  4195.358 9.841E-01
  4195.787 9.811E-01
  4196.216 9.776E-01
  4196.645 9.734E-01
  4197.074 9.684E-01
  4197.503 9.625E-01
  4197.932 9.553E-01
  4198.361 9.467E-01
  4198.790 9.390E-01
  4199.219 9.336E-01
  4199.648 9.310E-01
  4200.077 9.314E-01
  4200.506 9.348E-01
  4200.935 9.409E-01
  4201.364 9.490E-01
  4201.793 9.580E-01
  4202.222 9.667E-01
  4202.651 9.736E-01
  4203.080 9.790E-01
  4203.509 9.832E-01
  4203.938 9.866E-01
  4204.367 9.893E-01
  4204.796 9.913E-01
  4205.225 9.929E-01
  4205.654 9.941E-01
  4206.083 9.951E-01
  4206.512 9.958E-01
  4206.941 9.964E-01
  4207.370 9.969E-01
  4207.799 9.972E-01
  4208.228 9.975E-01
  4208.657 9.978E-01
  4209.086 9.980E-01
  4209.515 9.982E-01
  4209.944 9.977E-01
  4210.373 9.947E-01
  4210.802 9.891E-01
  4211.231 9.845E-01
  4211.660 9.817E-01
  4212.089 9.802E-01
  4212.518 9.801E-01
  4212.947 9.811E-01
  4213.376 9.834E-01
  4213.805 9.870E-01
  4214.234 9.921E-01
  4214.663 9.971E-01
  4215.092 9.984E-01
  4215.521 9.986E-01
  4215.950 9.988E-01
  4216.379 9.989E-01
  4216.808 9.991E-01
  4217.237 9.993E-01
  4217.666 9.996E-01
  4218.095 1.000E+00
  4218.524 1.000E+00
  4218.953 1.001E+00
  4219.382 1.001E+00
  4219.811 1.001E+00
  4220.240 1.001E+00
  4220.669 1.001E+00
  4221.098 1.000E+00
  4221.527 9.999E-01
  4221.956 9.994E-01
  4222.385 9.992E-01
  4222.814 9.992E-01
  4223.243 9.992E-01
  4223.672 9.993E-01
  4224.101 9.995E-01
  4224.530 9.997E-01
  4224.959 9.997E-01
  4225.388 9.997E-01
  4225.817 9.996E-01
  4226.246 9.995E-01
  4226.675 9.994E-01
  4227.104 9.993E-01
  4227.533 9.993E-01
  4227.962 9.993E-01
  4228.391 9.994E-01
  4228.820 9.994E-01
  4229.249 9.996E-01
  4229.678 9.999E-01
  4230.107 1.000E+00
  4230.536 1.000E+00
  4230.965 1.001E+00
  4231.394 1.001E+00
  4231.823 1.001E+00
  4232.252 1.001E+00
  4232.681 1.001E+00
  4233.110 1.001E+00
  4233.539 1.000E+00
  4233.968 1.000E+00
  4234.397 1.000E+00
  4234.826 1.000E+00
  4235.255 9.998E-01
  4235.684 9.996E-01
  4236.113 9.995E-01
  4236.542 9.994E-01
  4236.971 9.994E-01
  4237.400 9.993E-01
  4237.829 9.992E-01
  4238.258 9.992E-01
  4238.687 9.992E-01
  4239.116 9.992E-01
  4239.545 9.992E-01
  4239.974 9.992E-01
  4240.403 9.992E-01
  4240.832 9.992E-01
  4241.261 9.993E-01
  4241.690 9.993E-01
  4242.119 9.993E-01
  4242.548 9.993E-01
  4242.977 9.994E-01
  4243.406 9.994E-01
  4243.835 9.995E-01
  4244.264 9.994E-01
  4244.693 9.993E-01
  4245.122 9.991E-01
  4245.551 9.987E-01
  4245.980 9.983E-01
  4246.409 9.980E-01
  4246.838 9.979E-01
  4247.267 9.979E-01
  4247.696 9.978E-01
  4248.125 9.976E-01
  4248.554 9.977E-01
  4248.983 9.981E-01
  4249.412 9.985E-01
  4249.841 9.988E-01
  4250.270 9.990E-01
  4250.699 9.992E-01
  4251.128 9.992E-01
  4251.557 9.986E-01
  4251.986 9.998E-01
  4252.415 1.003E+00
  4252.844 1.006E+00
  4253.273 1.008E+00
  4253.702 1.009E+00
  4254.131 1.009E+00
  4254.560 1.009E+00
  4254.989 1.008E+00
  4255.418 1.007E+00
  4255.847 1.004E+00
  4256.276 9.996E-01
  4256.705 9.981E-01
  4257.134 9.980E-01
  4257.563 9.981E-01
  4257.992 9.983E-01
  4258.421 9.986E-01
  4258.850 9.988E-01
  4259.279 9.991E-01
  4259.708 9.994E-01
  4260.137 9.996E-01
  4260.566 9.996E-01
  4260.995 9.995E-01
  4261.424 9.995E-01
  4261.853 9.995E-01
  4262.282 9.995E-01
  4262.711 9.995E-01
  4263.140 9.995E-01
  4263.569 9.996E-01
  4263.998 9.996E-01
  4264.427 9.995E-01
  4264.856 9.984E-01
  4265.285 9.945E-01
  4265.714 9.905E-01
  4266.143 9.877E-01
  4266.572 9.860E-01
  4267.001 9.853E-01
  4267.430 9.855E-01
  4267.859 9.867E-01
  4268.288 9.889E-01
  4268.717 9.923E-01
  4269.146 9.966E-01
  4269.575 9.992E-01
  4270.004 9.997E-01
  4270.433 9.997E-01
  4270.862 9.997E-01
  4271.291 9.996E-01
  4271.720 9.995E-01
  4272.149 9.994E-01
  4272.578 9.993E-01
  4273.007 9.991E-01
  4273.436 9.984E-01
  4273.865 9.971E-01
  4274.294 9.958E-01
  4274.723 9.942E-01
  4275.152 9.926E-01
  4275.581 9.912E-01
  4276.010 9.903E-01
  4276.439 9.901E-01
  4276.868 9.904E-01
  4277.297 9.915E-01
  4277.726 9.932E-01
  4278.155 9.945E-01
  4278.584 9.959E-01
  4279.013 9.974E-01
  4279.442 9.981E-01
  4279.871 9.985E-01
  4280.300 9.987E-01
  4280.729 9.987E-01
  4281.158 9.982E-01
  4281.587 9.975E-01
  4282.016 9.968E-01
  4282.445 9.963E-01
  4282.874 9.953E-01
  4283.303 9.938E-01
  4283.732 9.927E-01
  4284.161 9.921E-01
  4284.590 9.921E-01
  4285.019 9.927E-01
  4285.448 9.936E-01
  4285.877 9.944E-01
  4286.306 9.954E-01
  4286.735 9.966E-01
  4287.164 9.979E-01
  4287.593 9.982E-01
  4288.022 9.980E-01
  4288.451 9.975E-01
  4288.880 9.966E-01
  4289.309 9.958E-01
  4289.738 9.954E-01
  4290.167 9.953E-01
  4290.596 9.956E-01
  4291.025 9.961E-01
  4291.454 9.965E-01
  4291.883 9.971E-01
  4292.312 9.980E-01
  4292.741 9.986E-01
  4293.170 9.984E-01
  4293.599 9.980E-01
  4294.028 9.977E-01
  4294.457 9.976E-01
  4294.886 9.974E-01
  4295.315 9.975E-01
  4295.744 9.977E-01
  4296.173 9.984E-01
  4296.602 9.992E-01
  4297.031 1.000E+00
  4297.460 1.000E+00
  4297.889 1.001E+00
  4298.318 1.001E+00
  4298.747 1.001E+00
  4299.176 1.000E+00
  4299.605 1.000E+00
  4300.034 9.997E-01
  4300.463 9.994E-01
  4300.892 9.997E-01
  4301.321 1.000E+00
  4301.750 9.999E-01
  4302.179 9.988E-01
  4302.608 9.978E-01
  4303.037 9.969E-01
  4303.466 9.963E-01
  4303.895 9.958E-01
  4304.324 9.956E-01
  4304.753 9.955E-01
  4305.182 9.957E-01
  4305.611 9.966E-01
  4306.040 9.979E-01
  4306.469 9.983E-01
  4306.898 9.983E-01
  4307.327 9.981E-01
  4307.756 9.978E-01
  4308.185 9.975E-01
  4308.614 9.972E-01
  4309.043 9.971E-01
  4309.472 9.972E-01
  4309.901 9.972E-01
  4310.330 9.972E-01
  4310.759 9.972E-01
  4311.188 9.973E-01
  4311.617 9.967E-01
  4312.046 9.958E-01
  4312.475 9.947E-01
  4312.904 9.938E-01
  4313.333 9.931E-01
  4313.762 9.926E-01
  4314.191 9.925E-01
  4314.620 9.925E-01
  4315.049 9.921E-01
  4315.478 9.910E-01
  4315.907 9.904E-01
  4316.336 9.902E-01
  4316.765 9.898E-01
  4317.194 9.894E-01
  4317.623 9.882E-01
  4318.052 9.868E-01
  4318.481 9.863E-01
  4318.910 9.870E-01
  4319.339 9.883E-01
  4319.768 9.887E-01
  4320.197 9.889E-01
  4320.626 9.895E-01
  4321.055 9.909E-01
  4321.484 9.928E-01
  4321.913 9.947E-01
  4322.342 9.953E-01
  4322.771 9.952E-01
  4323.200 9.949E-01
  4323.629 9.938E-01
  4324.058 9.921E-01
  4324.487 9.907E-01
  4324.916 9.895E-01
  4325.345 9.883E-01
  4325.774 9.869E-01
  4326.203 9.848E-01
  4326.632 9.829E-01
  4327.061 9.817E-01
  4327.490 9.815E-01
  4327.919 9.815E-01
  4328.348 9.811E-01
  4328.777 9.808E-01
  4329.206 9.808E-01
  4329.635 9.812E-01
  4330.064 9.813E-01
  4330.493 9.805E-01
  4330.922 9.780E-01
  4331.351 9.749E-01
  4331.780 9.717E-01
  4332.209 9.684E-01
  4332.638 9.649E-01
  4333.067 9.612E-01
  4333.496 9.571E-01
  4333.925 9.524E-01
  4334.354 9.468E-01
  4334.783 9.398E-01
  4335.212 9.307E-01
  4335.641 9.194E-01
  4336.070 9.059E-01
  4336.499 8.900E-01
  4336.928 8.708E-01
  4337.357 8.475E-01
  4337.786 8.186E-01
  4338.215 7.836E-01
  4338.644 7.448E-01
  4339.073 7.066E-01
  4339.502 6.744E-01
  4339.931 6.526E-01
  4340.360 6.436E-01
  4340.789 6.481E-01
  4341.218 6.663E-01
  4341.647 6.962E-01
  4342.076 7.342E-01
  4342.505 7.752E-01
  4342.934 8.135E-01
  4343.363 8.453E-01
  4343.792 8.692E-01
  4344.221 8.877E-01
  4344.650 9.028E-01
  4345.079 9.147E-01
  4345.508 9.235E-01
  4345.937 9.310E-01
  4346.366 9.381E-01
  4346.795 9.447E-01
  4347.224 9.497E-01
  4347.653 9.520E-01
  4348.082 9.538E-01
  4348.511 9.558E-01
  4348.940 9.578E-01
  4349.369 9.587E-01
  4349.798 9.596E-01
  4350.227 9.608E-01
  4350.656 9.633E-01
  4351.085 9.674E-01
  4351.514 9.728E-01
  4351.943 9.767E-01
  4352.372 9.794E-01
  4352.801 9.824E-01
  4353.230 9.862E-01
  4353.659 9.894E-01
  4354.088 9.907E-01
  4354.517 9.912E-01
  4354.946 9.914E-01
  4355.375 9.916E-01
  4355.804 9.920E-01
  4356.233 9.923E-01
  4356.662 9.925E-01
  4357.091 9.928E-01
  4357.520 9.932E-01
  4357.949 9.937E-01
  4358.378 9.944E-01
  4358.807 9.952E-01
  4359.236 9.957E-01
  4359.665 9.954E-01
  4360.094 9.952E-01
  4360.523 9.951E-01
  4360.952 9.951E-01
  4361.381 9.951E-01
  4361.810 9.953E-01
  4362.239 9.955E-01
  4362.668 9.957E-01
  4363.097 9.960E-01
  4363.526 9.964E-01
  4363.955 9.969E-01
  4364.384 9.967E-01
  4364.813 9.954E-01
  4365.242 9.933E-01
  4365.671 9.916E-01
  4366.100 9.907E-01
  4366.529 9.902E-01
  4366.958 9.900E-01
  4367.387 9.896E-01
  4367.816 9.898E-01
  4368.245 9.909E-01
  4368.674 9.928E-01
  4369.103 9.950E-01
  4369.532 9.959E-01
  4369.961 9.960E-01
  4370.390 9.957E-01
  4370.819 9.953E-01
  4371.248 9.951E-01
  4371.677 9.951E-01
  4372.106 9.947E-01
  4372.535 9.945E-01
  4372.964 9.946E-01
  4373.393 9.950E-01
  4373.822 9.954E-01
  4374.251 9.960E-01
  4374.680 9.966E-01
  4375.109 9.969E-01
  4375.538 9.970E-01
  4375.967 9.974E-01
  4376.396 9.990E-01
  4376.825 1.001E+00
  4377.254 1.002E+00
  4377.683 1.002E+00
  4378.112 1.002E+00
  4378.541 1.002E+00
  4378.970 1.002E+00
  4379.399 1.001E+00
  4379.828 1.000E+00
  4380.257 9.991E-01
  4380.686 9.978E-01
  4381.115 9.975E-01
  4381.544 9.979E-01
  4381.973 9.974E-01
  4382.402 9.973E-01
  4382.831 9.971E-01
  4383.260 9.970E-01
  4383.689 9.966E-01
  4384.118 9.961E-01
  4384.547 9.952E-01
  4384.976 9.929E-01
  4385.405 9.863E-01
  4385.834 9.708E-01
  4386.263 9.484E-01
  4386.692 9.282E-01
  4387.121 9.139E-01
  4387.550 9.057E-01
  4387.979 9.037E-01
  4388.408 9.076E-01
  4388.837 9.177E-01
  4389.266 9.337E-01
  4389.695 9.554E-01
  4390.124 9.790E-01
  4390.553 9.944E-01
  4390.982 1.001E+00
  4391.411 1.004E+00
  4391.840 1.005E+00
  4392.269 1.005E+00
  4392.698 1.004E+00
  4393.127 1.003E+00
  4393.556 1.002E+00
  4393.985 9.986E-01
  4394.414 9.959E-01
  4394.843 9.947E-01
  4395.272 9.942E-01
  4395.701 9.942E-01
  4396.130 9.947E-01
  4396.559 9.955E-01
  4396.988 9.963E-01
  4397.417 9.973E-01
  4397.846 9.986E-01
  4398.275 9.996E-01
  4398.704 9.995E-01
  4399.133 9.991E-01
  4399.562 9.987E-01
  4399.991 9.984E-01
  4400.420 9.982E-01
  4400.849 9.982E-01
  4401.278 9.983E-01
  4401.707 9.980E-01
  4402.136 9.976E-01
  4402.565 9.975E-01
  4402.994 9.973E-01
  4403.423 9.971E-01
  4403.852 9.967E-01
  4404.281 9.963E-01
  4404.710 9.962E-01
  4405.139 9.964E-01
  4405.568 9.969E-01
  4405.997 9.977E-01
  4406.426 9.980E-01
  4406.855 9.984E-01
  4407.284 9.997E-01
  4407.713 1.001E+00
  4408.142 1.003E+00
  4408.571 1.003E+00
  4409.000 1.004E+00
  4409.429 1.003E+00
  4409.858 1.003E+00
  4410.287 1.002E+00
  4410.716 1.001E+00
  4411.145 1.001E+00
  4411.574 1.000E+00
  4412.003 1.000E+00
  4412.432 9.999E-01
  4412.861 9.966E-01
  4413.290 9.919E-01
  4413.719 9.882E-01
  4414.148 9.855E-01
  4414.577 9.829E-01
  4415.006 9.792E-01
  4415.435 9.762E-01
  4415.864 9.755E-01
  4416.293 9.771E-01
  4416.722 9.808E-01
  4417.151 9.856E-01
  4417.580 9.879E-01
  4418.009 9.892E-01
  4418.438 9.912E-01
  4418.867 9.943E-01
  4419.296 9.976E-01
  4419.725 9.987E-01
  4420.154 9.991E-01
  4420.583 9.994E-01
  4421.012 9.997E-01
  4421.441 9.999E-01
  4421.870 1.000E+00
  4422.299 1.000E+00
  4422.728 1.000E+00
  4423.157 1.000E+00
  4423.586 9.999E-01
  4424.015 9.999E-01
  4424.444 9.998E-01
  4424.873 9.998E-01
  4425.302 9.998E-01
  4425.731 9.998E-01
  4426.160 9.998E-01
  4426.589 1.000E+00
  4427.018 1.001E+00
  4427.447 1.002E+00
  4427.876 1.002E+00
  4428.305 1.002E+00
  4428.734 1.003E+00
  4429.163 1.003E+00
  4429.592 1.003E+00
  4430.021 1.002E+00
  4430.450 1.001E+00
  4430.879 1.000E+00
  4431.308 9.994E-01
  4431.737 9.990E-01
  4432.166 9.988E-01
  4432.595 9.987E-01
  4433.024 9.986E-01
  4433.453 9.986E-01
  4433.882 9.987E-01
  4434.311 9.989E-01
  4434.740 9.985E-01
  4435.169 9.971E-01
  4435.598 9.933E-01
  4436.027 9.892E-01
  4436.456 9.862E-01
  4436.885 9.843E-01
  4437.314 9.837E-01
  4437.743 9.841E-01
  4438.172 9.854E-01
  4438.601 9.876E-01
  4439.030 9.907E-01
  4439.459 9.944E-01
  4439.888 9.978E-01
  4440.317 9.988E-01
  4440.746 9.987E-01
  4441.175 9.981E-01
  4441.604 9.976E-01
  4442.033 9.974E-01
  4442.462 9.975E-01
  4442.891 9.977E-01
  4443.320 9.980E-01
  4443.749 9.984E-01
  4444.178 9.987E-01
  4444.607 9.988E-01
  4445.036 9.987E-01
  4445.465 9.984E-01
  4445.894 9.978E-01
  4446.323 9.966E-01
  4446.752 9.958E-01
  4447.181 9.953E-01
  4447.610 9.952E-01
  4448.039 9.954E-01
  4448.468 9.958E-01
  4448.897 9.966E-01
  4449.326 9.973E-01
  4449.755 9.977E-01
  4450.184 9.979E-01
  4450.613 9.972E-01
  4451.042 9.959E-01
  4451.471 9.950E-01
  4451.900 9.945E-01
  4452.329 9.944E-01
  4452.758 9.945E-01
  4453.187 9.951E-01
  4453.616 9.960E-01
  4454.045 9.970E-01
  4454.474 9.982E-01
  4454.903 9.994E-01
  4455.332 1.000E+00
  4455.761 1.000E+00
  4456.190 1.001E+00
  4456.619 1.001E+00
  4457.048 1.001E+00
  4457.477 1.001E+00
  4457.906 1.001E+00
  4458.335 1.000E+00
  4458.764 1.000E+00
  4459.193 9.997E-01
  4459.622 9.992E-01
  4460.051 9.988E-01
  4460.480 9.985E-01
  4460.909 9.983E-01
  4461.338 9.982E-01
  4461.767 9.981E-01
  4462.196 9.981E-01
  4462.625 9.981E-01
  4463.054 9.984E-01
  4463.483 9.996E-01
  4463.912 1.001E+00
  4464.341 1.001E+00
  4464.770 1.001E+00
  4465.199 1.000E+00
  4465.628 9.994E-01
  4466.057 9.989E-01
  4466.486 9.977E-01
  4466.915 9.954E-01
  4467.344 9.918E-01
  4467.773 9.860E-01
  4468.202 9.782E-01
  4468.631 9.683E-01
  4469.060 9.516E-01
  4469.489 9.205E-01
  4469.918 8.827E-01
  4470.347 8.513E-01
  4470.776 8.312E-01
  4471.205 8.221E-01
  4471.634 8.236E-01
  4472.063 8.354E-01
  4472.492 8.556E-01
  4472.921 8.832E-01
  4473.350 9.185E-01
  4473.779 9.548E-01
  4474.208 9.780E-01
  4474.637 9.880E-01
  4475.066 9.923E-01
  4475.495 9.946E-01
  4475.924 9.960E-01
  4476.353 9.969E-01
  4476.782 9.976E-01
  4477.211 9.980E-01
  4477.640 9.978E-01
  4478.069 9.968E-01
  4478.498 9.956E-01
  4478.927 9.934E-01
  4479.356 9.893E-01
  4479.785 9.857E-01
  4480.214 9.835E-01
  4480.643 9.824E-01
  4481.072 9.823E-01
  4481.501 9.834E-01
  4481.930 9.857E-01
  4482.359 9.886E-01
  4482.788 9.917E-01
  4483.217 9.955E-01
  4483.646 9.987E-01
  4484.075 9.996E-01
  4484.504 9.997E-01
  4484.933 9.997E-01
  4485.362 9.999E-01
  4485.791 1.001E+00
  4486.220 1.002E+00
  4486.649 1.004E+00
  4487.078 1.004E+00
  4487.507 1.005E+00
  4487.936 1.005E+00
  4488.365 1.005E+00
  4488.794 1.004E+00
  4489.223 1.003E+00
  4489.652 1.002E+00
  4490.081 1.001E+00
  4490.510 9.996E-01
  4490.939 9.994E-01
  4491.368 9.996E-01
  4491.797 9.997E-01
  4492.226 9.997E-01
  4492.655 9.996E-01
  4493.084 9.996E-01
  4493.513 9.996E-01
  4493.942 9.997E-01
  4494.371 9.998E-01
  4494.800 9.999E-01
  4495.229 1.000E+00
  4495.658 1.000E+00
  4496.087 1.000E+00
  4496.516 1.000E+00
  4496.945 1.000E+00
  4497.374 1.001E+00
  4497.803 1.001E+00
  4498.232 1.001E+00
  4498.661 1.000E+00
  4499.090 1.000E+00
  4499.519 1.000E+00
  4499.948 1.000E+00
  4500.377 9.998E-01
  4500.806 9.996E-01
  4501.235 9.994E-01
  4501.664 9.993E-01
  4502.093 9.994E-01
  4502.522 9.996E-01
  4502.951 9.997E-01
  4503.380 9.998E-01
  4503.809 9.996E-01
  4504.238 9.993E-01
  4504.667 9.990E-01
  4505.096 9.989E-01
  4505.525 9.988E-01
  4505.954 9.988E-01
  4506.383 9.989E-01
  4506.812 9.991E-01
  4507.241 9.993E-01
  4507.670 9.996E-01
  4508.099 9.999E-01
  4508.528 9.991E-01
  4508.957 9.955E-01
  4509.386 9.913E-01
  4509.815 9.879E-01
  4510.244 9.855E-01
  4510.673 9.837E-01
  4511.102 9.829E-01
  4511.531 9.832E-01
  4511.960 9.844E-01
  4512.389 9.856E-01
  4512.818 9.851E-01
  4513.247 9.843E-01
  4513.676 9.821E-01
  4514.105 9.797E-01
  4514.534 9.780E-01
  4514.963 9.769E-01
  4515.392 9.767E-01
  4515.821 9.776E-01
  4516.250 9.792E-01
  4516.679 9.828E-01
  4517.108 9.876E-01
  4517.537 9.902E-01
  4517.966 9.916E-01
  4518.395 9.928E-01
  4518.824 9.942E-01
  4519.253 9.957E-01
  4519.682 9.969E-01
  4520.111 9.982E-01
  4520.540 9.996E-01
  4520.969 9.999E-01
  4521.398 9.991E-01
  4521.827 9.974E-01
  4522.256 9.960E-01
  4522.685 9.951E-01
  4523.114 9.945E-01
  4523.543 9.942E-01
  4523.972 9.942E-01
  4524.401 9.945E-01
  4524.830 9.952E-01
  4525.259 9.964E-01
  4525.688 9.980E-01
  4526.117 9.990E-01
  4526.546 9.989E-01
  4526.975 9.981E-01
  4527.404 9.968E-01
  4527.833 9.957E-01
  4528.262 9.949E-01
  4528.691 9.942E-01
  4529.120 9.936E-01
  4529.549 9.934E-01
  4529.978 9.936E-01
  4530.407 9.941E-01
  4530.836 9.949E-01
  4531.265 9.960E-01
  4531.694 9.968E-01
  4532.123 9.968E-01
  4532.552 9.958E-01
  4532.981 9.945E-01
  4533.410 9.934E-01
  4533.839 9.925E-01
  4534.268 9.917E-01
  4534.697 9.910E-01
  4535.126 9.906E-01
  4535.555 9.903E-01
  4535.984 9.900E-01
  4536.413 9.898E-01
  4536.842 9.894E-01
  4537.271 9.875E-01
  4537.700 9.841E-01
  4538.129 9.794E-01
  4538.558 9.730E-01
  4538.987 9.645E-01
  4539.416 9.537E-01
  4539.845 9.418E-01
  4540.274 9.307E-01
  4540.703 9.220E-01
  4541.132 9.166E-01
  4541.561 9.151E-01
  4541.990 9.174E-01
  4542.419 9.234E-01
  4542.848 9.321E-01
  4543.277 9.430E-01
  4543.706 9.545E-01
  4544.135 9.646E-01
  4544.564 9.724E-01
  4544.993 9.781E-01
  4545.422 9.823E-01
  4545.851 9.854E-01
  4546.280 9.879E-01
  4546.709 9.900E-01
  4547.138 9.919E-01
  4547.567 9.933E-01
  4547.996 9.945E-01
  4548.425 9.955E-01
  4548.854 9.963E-01
  4549.283 9.970E-01
  4549.712 9.974E-01
  4550.141 9.967E-01
  4550.570 9.923E-01
  4550.999 9.871E-01
  4551.428 9.833E-01
  4551.857 9.809E-01
  4552.286 9.796E-01
  4552.715 9.794E-01
  4553.144 9.802E-01
  4553.573 9.821E-01
  4554.002 9.853E-01
  4554.431 9.900E-01
  4554.860 9.958E-01
  4555.289 9.986E-01
  4555.718 9.992E-01
  4556.147 9.995E-01
  4556.576 9.998E-01
  4557.005 1.000E+00
  4557.434 1.000E+00
  4557.863 1.000E+00
  4558.292 1.001E+00
  4558.721 1.001E+00
  4559.150 1.000E+00
  4559.579 1.000E+00
  4560.008 1.000E+00
  4560.437 1.000E+00
  4560.866 1.000E+00
  4561.295 1.000E+00
  4561.724 9.999E-01
  4562.153 9.998E-01
  4562.582 9.998E-01
  4563.011 9.997E-01
  4563.440 9.997E-01
  4563.869 9.997E-01
  4564.298 9.996E-01
  4564.727 9.996E-01
  4565.156 9.994E-01
  4565.585 9.977E-01
  4566.014 9.939E-01
  4566.443 9.907E-01
  4566.872 9.883E-01
  4567.301 9.861E-01
  4567.730 9.845E-01
  4568.159 9.840E-01
  4568.588 9.845E-01
  4569.017 9.860E-01
  4569.446 9.886E-01
  4569.875 9.923E-01
  4570.304 9.959E-01
  4570.733 9.973E-01
  4571.162 9.982E-01
  4571.591 9.992E-01
  4572.020 9.996E-01
  4572.449 9.992E-01
  4572.878 9.979E-01
  4573.307 9.968E-01
  4573.736 9.960E-01
  4574.165 9.956E-01
  4574.594 9.954E-01
  4575.023 9.954E-01
  4575.452 9.956E-01
  4575.881 9.962E-01
  4576.310 9.970E-01
  4576.739 9.982E-01
  4577.168 9.994E-01
  4577.597 9.997E-01
  4578.026 9.997E-01
  4578.455 9.996E-01
  4578.884 9.996E-01
  4579.313 9.996E-01
  4579.742 9.996E-01
  4580.171 9.997E-01
  4580.600 9.998E-01
  4581.029 9.999E-01
  4581.458 1.000E+00
  4581.887 1.000E+00
  4582.316 1.000E+00
  4582.745 1.000E+00
  4583.174 1.000E+00
  4583.603 1.000E+00
  4584.032 1.000E+00
  4584.461 1.000E+00
  4584.890 9.999E-01
  4585.319 9.998E-01
  4585.748 9.995E-01
  4586.177 9.992E-01
  4586.606 9.990E-01
  4587.035 9.989E-01
  4587.464 9.988E-01
  4587.893 9.988E-01
  4588.322 9.985E-01
  4588.751 9.966E-01
  4589.180 9.930E-01
  4589.609 9.902E-01
  4590.038 9.882E-01
  4590.467 9.869E-01
  4590.896 9.862E-01
  4591.325 9.864E-01
  4591.754 9.873E-01
  4592.183 9.891E-01
  4592.612 9.918E-01
  4593.041 9.954E-01
  4593.470 9.984E-01
  4593.899 9.979E-01
  4594.328 9.951E-01
  4594.757 9.926E-01
  4595.186 9.909E-01
  4595.615 9.896E-01
  4596.044 9.888E-01
  4596.473 9.886E-01
  4596.902 9.891E-01
  4597.331 9.903E-01
  4597.760 9.923E-01
  4598.189 9.952E-01
  4598.618 9.979E-01
  4599.047 9.988E-01
  4599.476 9.992E-01
  4599.905 9.995E-01
