  3980.000 9.924E-01
  3980.572 9.927E-01
  3981.144 9.927E-01
  3981.716 9.928E-01
  3982.288 9.931E-01
  3982.860 9.935E-01
  3983.432 9.939E-01
  3984.004 9.945E-01
  3984.576 9.953E-01
  3985.148 9.962E-01
  3985.720 9.970E-01
  3986.292 9.974E-01
  3986.864 9.977E-01
  3987.436 9.978E-01
  3988.008 9.979E-01
  3988.580 9.981E-01
  3989.152 9.982E-01
  3989.724 9.983E-01
  3990.296 9.984E-01
  3990.868 9.985E-01
  3991.440 9.986E-01
  3992.012 9.987E-01
  3992.584 9.988E-01
  3993.156 9.989E-01
  3993.728 9.990E-01
  3994.300 9.991E-01
  3994.872 9.991E-01
  3995.444 9.991E-01
  3996.016 9.986E-01
  3996.588 9.975E-01
  3997.160 9.965E-01
  3997.732 9.959E-01
  3998.304 9.955E-01
  3998.876 9.955E-01
  3999.448 9.957E-01
  4000.020 9.962E-01
  4000.592 9.969E-01
  4001.164 9.969E-01
  4001.736 9.961E-01
  4002.308 9.950E-01
  4002.880 9.933E-01
  4003.452 9.921E-01
  4004.024 9.915E-01
  4004.596 9.914E-01
  4005.168 9.919E-01
  4005.740 9.928E-01
  4006.312 9.931E-01
  4006.884 9.898E-01
  4007.456 9.857E-01
  4008.028 9.827E-01
  4008.600 9.804E-01
  4009.172 9.795E-01
  4009.744 9.800E-01
  4010.316 9.819E-01
  4010.888 9.853E-01
  4011.460 9.902E-01
  4012.032 9.951E-01
  4012.604 9.974E-01
  4013.176 9.980E-01
  4013.748 9.981E-01
  4014.320 9.981E-01
  4014.892 9.981E-01
  4015.464 9.980E-01
  4016.036 9.979E-01
  4016.608 9.977E-01
  4017.180 9.975E-01
  4017.752 9.972E-01
  4018.324 9.968E-01
  4018.896 9.962E-01
  4019.468 9.953E-01
  4020.040 9.940E-01
  4020.612 9.922E-01
  4021.184 9.894E-01
  4021.756 9.849E-01
  4022.328 9.782E-01
  4022.900 9.675E-01
  4023.472 9.469E-01
  4024.044 9.129E-01
  4024.616 8.828E-01
  4025.188 8.632E-01
  4025.760 8.542E-01
  4026.332 8.556E-01
  4026.904 8.667E-01
  4027.476 8.867E-01
  4028.048 9.148E-01
  4028.620 9.483E-01
  4029.192 9.751E-01
  4029.764 9.858E-01
  4030.336 9.901E-01
  4030.908 9.922E-01
  4031.480 9.929E-01
  4032.052 9.934E-01
  4032.624 9.939E-01
  4033.196 9.943E-01
  4033.768 9.948E-01
  4034.340 9.954E-01
  4034.912 9.961E-01
  4035.484 9.968E-01
  4036.056 9.977E-01
  4036.628 9.983E-01
  4037.200 9.985E-01
  4037.772 9.986E-01
  4038.344 9.987E-01
  4038.916 9.988E-01
  4039.488 9.988E-01
  4040.060 9.989E-01
  4040.632 9.990E-01
  4041.204 9.991E-01
  4041.776 9.990E-01
  4042.348 9.986E-01
  4042.920 9.980E-01
  4043.492 9.976E-01
  4044.064 9.974E-01
  4044.636 9.973E-01
  4045.208 9.973E-01
  4045.780 9.976E-01
  4046.352 9.980E-01
  4046.924 9.985E-01
  4047.496 9.992E-01
  4048.068 9.996E-01
  4048.640 9.997E-01
  4049.212 9.997E-01
  4049.784 9.997E-01
  4050.356 9.996E-01
  4050.928 9.996E-01
  4051.500 9.996E-01
  4052.072 9.998E-01
  4052.644 1.000E+00
  4053.216 9.999E-01
  4053.788 9.982E-01
  4054.360 9.966E-01
  4054.932 9.955E-01
  4055.504 9.945E-01
  4056.076 9.938E-01
  4056.648 9.936E-01
  4057.220 9.938E-01
  4057.792 9.949E-01
  4058.364 9.974E-01
  4058.936 1.000E+00
  4059.508 1.001E+00
  4060.080 1.002E+00
  4060.652 1.002E+00
  4061.224 1.002E+00
  4061.796 1.002E+00
  4062.368 1.001E+00
  4062.940 1.001E+00
  4063.512 9.996E-01
  4064.084 9.993E-01
  4064.656 9.991E-01
  4065.228 9.970E-01
  4065.800 9.898E-01
  4066.372 9.801E-01
  4066.944 9.684E-01
  4067.516 9.554E-01
  4068.088 9.405E-01
  4068.660 9.314E-01
  4069.232 9.280E-01
  4069.804 9.278E-01
  4070.376 9.335E-01
  4070.948 9.439E-01
  4071.520 9.555E-01
  4072.092 9.665E-01
  4072.664 9.771E-01
  4073.236 9.822E-01
  4073.808 9.784E-01
  4074.380 9.765E-01
  4074.952 9.774E-01
  4075.524 9.772E-01
  4076.096 9.774E-01
  4076.668 9.787E-01
  4077.240 9.812E-01
  4077.812 9.854E-01
  4078.384 9.910E-01
  4078.956 9.943E-01
  4079.528 9.941E-01
  4080.100 9.937E-01
  4080.672 9.937E-01
  4081.244 9.941E-01
  4081.816 9.947E-01
  4082.388 9.947E-01
  4082.960 9.943E-01
  4083.532 9.945E-01
  4084.104 9.948E-01
  4084.676 9.946E-01
  4085.248 9.944E-01
  4085.820 9.915E-01
  4086.392 9.738E-01
  4086.964 9.514E-01
  4087.536 9.359E-01
  4088.108 9.265E-01
  4088.680 9.218E-01
  4089.252 9.221E-01
  4089.824 9.274E-01
  4090.396 9.377E-01
  4090.968 9.547E-01
  4091.540 9.774E-01
  4092.112 9.860E-01
  4092.684 9.849E-01
  4093.256 9.824E-01
  4093.828 9.795E-01
  4094.400 9.734E-01
  4094.972 9.556E-01
  4095.544 9.362E-01
  4096.116 9.190E-01
  4096.688 9.029E-01
  4097.260 8.861E-01
  4097.832 8.669E-01
  4098.404 8.429E-01
  4098.976 8.121E-01
  4099.548 7.783E-01
  4100.120 7.484E-01
  4100.692 7.157E-01
  4101.264 6.891E-01
  4101.836 6.804E-01
  4102.408 6.902E-01
  4102.980 7.169E-01
  4103.552 7.578E-01
  4104.124 8.070E-01
  4104.696 8.548E-01
  4105.268 8.940E-01
  4105.840 9.245E-01
  4106.412 9.467E-01
  4106.984 9.599E-01
  4107.556 9.689E-01
  4108.128 9.751E-01
  4108.700 9.794E-01
  4109.272 9.825E-01
  4109.844 9.847E-01
  4110.416 9.865E-01
  4110.988 9.881E-01
  4111.560 9.894E-01
  4112.132 9.906E-01
  4112.704 9.914E-01
  4113.276 9.875E-01
  4113.848 9.692E-01
  4114.420 9.538E-01
  4114.992 9.439E-01
  4115.564 9.384E-01
  4116.136 9.368E-01
  4116.708 9.378E-01
  4117.280 9.422E-01
  4117.852 9.499E-01
  4118.424 9.563E-01
  4118.996 9.640E-01
  4119.568 9.597E-01
  4120.140 9.551E-01
  4120.712 9.538E-01
  4121.284 9.558E-01
  4121.856 9.613E-01
  4122.428 9.686E-01
  4123.000 9.784E-01
  4123.572 9.905E-01
  4124.144 9.964E-01
  4124.716 9.985E-01
  4125.288 9.988E-01
  4125.860 9.986E-01
  4126.432 9.984E-01
  4127.004 9.983E-01
  4127.576 9.982E-01
  4128.148 9.982E-01
  4128.720 9.982E-01
  4129.292 9.983E-01
  4129.864 9.984E-01
  4130.436 9.980E-01
  4131.008 9.976E-01
  4131.580 9.974E-01
  4132.152 9.974E-01
  4132.724 9.974E-01
  4133.296 9.975E-01
  4133.868 9.979E-01
  4134.440 9.984E-01
  4135.012 9.990E-01
  4135.584 9.997E-01
  4136.156 9.997E-01
  4136.728 9.994E-01
  4137.300 9.992E-01
  4137.872 9.989E-01
  4138.444 9.987E-01
  4139.016 9.985E-01
  4139.588 9.984E-01
  4140.160 9.982E-01
  4140.732 9.965E-01
  4141.304 9.900E-01
  4141.876 9.824E-01
  4142.448 9.768E-01
  4143.020 9.734E-01
  4143.592 9.719E-01
  4144.164 9.723E-01
  4144.736 9.745E-01
  4145.308 9.788E-01
  4145.880 9.854E-01
  4146.452 9.936E-01
  4147.024 9.980E-01
  4147.596 9.987E-01
  4148.168 9.987E-01
  4148.740 9.987E-01
  4149.312 9.987E-01
  4149.884 9.982E-01
  4150.456 9.972E-01
  4151.028 9.956E-01
  4151.600 9.946E-01
  4152.172 9.940E-01
  4152.744 9.940E-01
  4153.316 9.939E-01
  4153.888 9.935E-01
  4154.460 9.930E-01
  4155.032 9.932E-01
  4155.604 9.941E-01
  4156.176 9.949E-01
  4156.748 9.951E-01
  4157.320 9.954E-01
  4157.892 9.961E-01
  4158.464 9.970E-01
  4159.036 9.984E-01
  4159.608 9.995E-01
  4160.180 9.989E-01
  4160.752 9.971E-01
  4161.324 9.958E-01
  4161.896 9.948E-01
  4162.468 9.942E-01
  4163.040 9.939E-01
  4163.612 9.941E-01
  4164.184 9.947E-01
  4164.756 9.957E-01
  4165.328 9.973E-01
  4165.900 9.987E-01
  4166.472 9.982E-01
  4167.044 9.970E-01
  4167.616 9.961E-01
  4168.188 9.955E-01
  4168.760 9.951E-01
  4169.332 9.948E-01
  4169.904 9.948E-01
  4170.476 9.951E-01
  4171.048 9.959E-01
  4171.620 9.972E-01
  4172.192 9.981E-01
  4172.764 9.984E-01
  4173.336 9.985E-01
  4173.908 9.987E-01
  4174.480 9.991E-01
  4175.052 9.993E-01
  4175.624 9.994E-01
  4176.196 9.995E-01
  4176.768 9.995E-01
  4177.340 9.996E-01
  4177.912 9.996E-01
  4178.484 9.997E-01
  4179.056 9.997E-01
  4179.628 9.997E-01
  4180.200 9.997E-01
  4180.772 9.996E-01
  4181.344 9.995E-01
  4181.916 9.990E-01
  4182.488 9.985E-01
  4183.060 9.974E-01
  4183.632 9.962E-01
  4184.204 9.934E-01
  4184.776 9.889E-01
  4185.348 9.858E-01
  4185.920 9.841E-01
  4186.492 9.835E-01
  4187.064 9.833E-01
  4187.636 9.827E-01
  4188.208 9.837E-01
  4188.780 9.857E-01
  4189.352 9.889E-01
  4189.924 9.923E-01
  4190.496 9.930E-01
  4191.068 9.935E-01
  4191.640 9.943E-01
  4192.212 9.956E-01
  4192.784 9.966E-01
  4193.356 9.954E-01
  4193.928 9.937E-01
  4194.500 9.917E-01
  4195.072 9.892E-01
  4195.644 9.856E-01
  4196.216 9.801E-01
  4196.788 9.715E-01
  4197.360 9.593E-01
  4197.932 9.462E-01
  4198.504 9.355E-01
  4199.076 9.279E-01
  4199.648 9.245E-01
  4200.220 9.257E-01
  4200.792 9.315E-01
  4201.364 9.414E-01
  4201.936 9.543E-01
  4202.508 9.679E-01
  4203.080 9.790E-01
  4203.652 9.860E-01
  4204.224 9.904E-01
  4204.796 9.932E-01
  4205.368 9.950E-01
  4205.940 9.963E-01
  4206.512 9.971E-01
  4207.084 9.977E-01
  4207.656 9.981E-01
  4208.228 9.984E-01
  4208.800 9.986E-01
  4209.372 9.981E-01
  4209.944 9.947E-01
  4210.516 9.913E-01
  4211.088 9.889E-01
  4211.660 9.875E-01
  4212.232 9.869E-01
  4212.804 9.871E-01
  4213.376 9.879E-01
  4213.948 9.897E-01
  4214.520 9.927E-01
  4215.092 9.968E-01
  4215.664 9.991E-01
  4216.236 9.995E-01
  4216.808 9.996E-01
  4217.380 1.000E+00
  4217.952 1.001E+00
  4218.524 1.001E+00
  4219.096 1.002E+00
  4219.668 1.002E+00
  4220.240 1.002E+00
  4220.812 1.001E+00
  4221.384 1.001E+00
  4221.956 1.001E+00
  4222.528 1.000E+00
  4223.100 1.000E+00
  4223.672 9.998E-01
  4224.244 9.998E-01
  4224.816 9.999E-01
  4225.388 9.999E-01
  4225.960 9.999E-01
  4226.532 9.998E-01
  4227.104 9.998E-01
  4227.676 9.998E-01
  4228.248 9.998E-01
  4228.820 9.999E-01
  4229.392 1.000E+00
  4229.964 1.001E+00
  4230.536 1.001E+00
  4231.108 1.001E+00
  4231.680 1.001E+00
  4232.252 1.001E+00
  4232.824 1.001E+00
  4233.396 1.001E+00
  4233.968 1.001E+00
  4234.540 1.000E+00
  4235.112 1.000E+00
  4235.684 1.000E+00
  4236.256 9.998E-01
  4236.828 9.995E-01
  4237.400 9.995E-01
  4237.972 9.996E-01
  4238.544 9.996E-01
  4239.116 9.996E-01
  4239.688 9.997E-01
  4240.260 9.997E-01
  4240.832 9.997E-01
  4241.404 9.998E-01
  4241.976 9.999E-01
  4242.548 9.999E-01
  4243.120 9.998E-01
  4243.692 9.998E-01
  4244.264 9.997E-01
  4244.836 9.994E-01
  4245.408 9.991E-01
  4245.980 9.989E-01
  4246.552 9.987E-01
  4247.124 9.984E-01
  4247.696 9.982E-01
  4248.268 9.984E-01
  4248.840 9.986E-01
  4249.412 9.990E-01
  4249.984 9.994E-01
  4250.556 9.998E-01
  4251.128 1.001E+00
  4251.700 1.006E+00
  4252.272 1.010E+00
  4252.844 1.012E+00
  4253.416 1.014E+00
  4253.988 1.014E+00
  4254.560 1.013E+00
  4255.132 1.012E+00
  4255.704 1.009E+00
  4256.276 1.006E+00
  4256.848 1.001E+00
  4257.420 9.992E-01
  4257.992 9.992E-01
  4258.564 9.993E-01
  4259.136 9.995E-01
  4259.708 9.996E-01
  4260.280 9.996E-01
  4260.852 9.997E-01
  4261.424 9.997E-01
  4261.996 9.996E-01
  4262.568 9.997E-01
  4263.140 9.997E-01
  4263.712 9.997E-01
  4264.284 9.993E-01
  4264.856 9.983E-01
  4265.428 9.976E-01
  4266.000 9.971E-01
  4266.572 9.968E-01
  4267.144 9.967E-01
  4267.716 9.968E-01
  4268.288 9.971E-01
  4268.860 9.977E-01
  4269.432 9.985E-01
  4270.004 9.995E-01
  4270.576 9.998E-01
  4271.148 9.997E-01
  4271.720 9.997E-01
  4272.292 9.996E-01
  4272.864 9.995E-01
  4273.436 9.992E-01
  4274.008 9.989E-01
  4274.580 9.987E-01
  4275.152 9.984E-01
  4275.724 9.983E-01
  4276.296 9.981E-01
  4276.868 9.979E-01
  4277.440 9.980E-01
  4278.012 9.982E-01
  4278.584 9.985E-01
  4279.156 9.988E-01
  4279.728 9.992E-01
  4280.300 9.994E-01
  4280.872 9.996E-01
  4281.444 9.997E-01
  4282.016 9.998E-01
  4282.588 9.994E-01
  4283.160 9.991E-01
  4283.732 9.987E-01
  4284.304 9.985E-01
  4284.876 9.984E-01
  4285.448 9.984E-01
  4286.020 9.986E-01
  4286.592 9.987E-01
  4287.164 9.989E-01
  4287.736 9.990E-01
  4288.308 9.987E-01
  4288.880 9.985E-01
  4289.452 9.983E-01
  4290.024 9.982E-01
  4290.596 9.982E-01
  4291.168 9.983E-01
  4291.740 9.985E-01
  4292.312 9.987E-01
  4292.884 9.990E-01
  4293.456 9.994E-01
  4294.028 9.996E-01
  4294.600 9.997E-01
  4295.172 9.999E-01
  4295.744 1.000E+00
  4296.316 1.001E+00
  4296.888 1.001E+00
  4297.460 1.001E+00
  4298.032 1.001E+00
  4298.604 1.001E+00
  4299.176 1.001E+00
  4299.748 1.001E+00
  4300.320 1.001E+00
  4300.892 1.001E+00
  4301.464 1.001E+00
  4302.036 1.001E+00
  4302.608 1.001E+00
  4303.180 1.001E+00
  4303.752 1.001E+00
  4304.324 1.000E+00
  4304.896 1.000E+00
  4305.468 9.996E-01
  4306.040 9.992E-01
  4306.612 9.993E-01
  4307.184 9.994E-01
  4307.756 9.994E-01
  4308.328 9.992E-01
  4308.900 9.990E-01
  4309.472 9.988E-01
  4310.044 9.988E-01
  4310.616 9.987E-01
  4311.188 9.984E-01
  4311.760 9.979E-01
  4312.332 9.975E-01
  4312.904 9.973E-01
  4313.476 9.972E-01
  4314.048 9.970E-01
  4314.620 9.963E-01
  4315.192 9.959E-01
  4315.764 9.956E-01
  4316.336 9.956E-01
  4316.908 9.954E-01
  4317.480 9.948E-01
  4318.052 9.944E-01
  4318.624 9.941E-01
  4319.196 9.941E-01
  4319.768 9.945E-01
  4320.340 9.952E-01
  4320.912 9.956E-01
  4321.484 9.960E-01
  4322.056 9.966E-01
  4322.628 9.971E-01
  4323.200 9.965E-01
  4323.772 9.959E-01
  4324.344 9.953E-01
  4324.916 9.944E-01
  4325.488 9.928E-01
  4326.060 9.913E-01
  4326.632 9.903E-01
  4327.204 9.896E-01
  4327.776 9.893E-01
  4328.348 9.894E-01
  4328.920 9.891E-01
  4329.492 9.885E-01
  4330.064 9.878E-01
  4330.636 9.869E-01
  4331.208 9.857E-01
  4331.780 9.834E-01
  4332.352 9.806E-01
  4332.924 9.770E-01
  4333.496 9.724E-01
  4334.068 9.665E-01
  4334.640 9.584E-01
  4335.212 9.476E-01
  4335.784 9.326E-01
  4336.356 9.123E-01
  4336.928 8.848E-01
  4337.500 8.477E-01
  4338.072 8.034E-01
  4338.644 7.591E-01
  4339.216 7.234E-01
  4339.788 7.013E-01
  4340.360 6.945E-01
  4340.932 7.034E-01
  4341.504 7.265E-01
  4342.076 7.616E-01
  4342.648 8.054E-01
  4343.220 8.505E-01
  4343.792 8.895E-01
  4344.364 9.177E-01
  4344.936 9.358E-01
  4345.508 9.481E-01
  4346.080 9.569E-01
  4346.652 9.630E-01
  4347.224 9.673E-01
  4347.796 9.711E-01
  4348.368 9.742E-01
  4348.940 9.756E-01
  4349.512 9.770E-01
  4350.084 9.789E-01
  4350.656 9.810E-01
  4351.228 9.829E-01
  4351.800 9.854E-01
  4352.372 9.884E-01
  4352.944 9.904E-01
  4353.516 9.922E-01
  4354.088 9.941E-01
  4354.660 9.949E-01
  4355.232 9.951E-01
  4355.804 9.952E-01
  4356.376 9.954E-01
  4356.948 9.956E-01
  4357.520 9.959E-01
  4358.092 9.963E-01
  4358.664 9.967E-01
  4359.236 9.971E-01
  4359.808 9.977E-01
  4360.380 9.978E-01
  4360.952 9.979E-01
  4361.524 9.980E-01
  4362.096 9.981E-01
  4362.668 9.982E-01
  4363.240 9.983E-01
  4363.812 9.984E-01
  4364.384 9.978E-01
  4364.956 9.972E-01
  4365.528 9.968E-01
  4366.100 9.965E-01
  4366.672 9.962E-01
  4367.244 9.962E-01
  4367.816 9.964E-01
  4368.388 9.968E-01
  4368.960 9.973E-01
  4369.532 9.979E-01
  4370.104 9.982E-01
  4370.676 9.981E-01
  4371.248 9.980E-01
  4371.820 9.979E-01
  4372.392 9.979E-01
  4372.964 9.977E-01
  4373.536 9.976E-01
  4374.108 9.976E-01
  4374.680 9.979E-01
  4375.252 9.985E-01
  4375.824 1.000E+00
  4376.396 1.001E+00
  4376.968 1.002E+00
  4377.540 1.003E+00
  4378.112 1.003E+00
  4378.684 1.003E+00
  4379.256 1.003E+00
  4379.828 1.003E+00
  4380.400 1.001E+00
  4380.972 9.997E-01
  4381.544 9.984E-01
  4382.116 9.986E-01
  4382.688 9.982E-01
  4383.260 9.980E-01
  4383.832 9.978E-01
  4384.404 9.969E-01
  4384.976 9.924E-01
  4385.548 9.823E-01
  4386.120 9.732E-01
  4386.692 9.667E-01
  4387.264 9.626E-01
  4387.836 9.614E-01
  4388.408 9.627E-01
  4388.980 9.667E-01
  4389.552 9.745E-01
  4390.124 9.846E-01
  4390.696 9.963E-01
  4391.268 1.004E+00
  4391.840 1.006E+00
  4392.412 1.005E+00
  4392.984 1.005E+00
  4393.556 1.003E+00
  4394.128 1.001E+00
  4394.700 9.989E-01
  4395.272 9.976E-01
  4395.844 9.977E-01
  4396.416 9.981E-01
  4396.988 9.986E-01
  4397.560 9.991E-01
  4398.132 9.994E-01
  4398.704 9.997E-01
  4399.276 9.999E-01
  4399.848 9.998E-01
  4400.420 9.995E-01
  4400.992 9.989E-01
  4401.564 9.984E-01
  4402.136 9.981E-01
  4402.708 9.980E-01
  4403.280 9.979E-01
  4403.852 9.977E-01
  4404.424 9.977E-01
  4404.996 9.978E-01
  4405.568 9.980E-01
  4406.140 9.987E-01
  4406.712 1.000E+00
  4407.284 1.002E+00
  4407.856 1.003E+00
  4408.428 1.004E+00
  4409.000 1.004E+00
  4409.572 1.004E+00
  4410.144 1.004E+00
  4410.716 1.004E+00
  4411.288 1.004E+00
  4411.860 1.003E+00
  4412.432 1.001E+00
  4413.004 1.000E+00
  4413.576 9.993E-01
  4414.148 9.984E-01
  4414.720 9.971E-01
  4415.292 9.960E-01
  4415.864 9.952E-01
  4416.436 9.948E-01
  4417.008 9.954E-01
  4417.580 9.964E-01
  4418.152 9.975E-01
  4418.724 9.980E-01
  4419.296 9.986E-01
  4419.868 9.994E-01
  4420.440 9.998E-01
  4421.012 1.000E+00
  4421.584 1.000E+00
  4422.156 1.000E+00
  4422.728 1.000E+00
  4423.300 1.000E+00
  4423.872 1.000E+00
  4424.444 1.000E+00
  4425.016 1.000E+00
  4425.588 1.000E+00
  4426.160 1.001E+00
  4426.732 1.002E+00
  4427.304 1.003E+00
  4427.876 1.003E+00
  4428.448 1.004E+00
  4429.020 1.004E+00
  4429.592 1.004E+00
  4430.164 1.004E+00
  4430.736 1.003E+00
  4431.308 1.002E+00
  4431.880 1.001E+00
  4432.452 1.001E+00
  4433.024 1.000E+00
  4433.596 9.998E-01
  4434.168 9.990E-01
  4434.740 9.977E-01
  4435.312 9.959E-01
  4435.884 9.945E-01
  4436.456 9.938E-01
  4437.028 9.937E-01
  4437.600 9.939E-01
  4438.172 9.942E-01
  4438.744 9.948E-01
  4439.316 9.956E-01
  4439.888 9.969E-01
  4440.460 9.984E-01
  4441.032 9.989E-01
  4441.604 9.987E-01
  4442.176 9.985E-01
  4442.748 9.986E-01
  4443.320 9.989E-01
  4443.892 9.993E-01
  4444.464 9.997E-01
  4445.036 9.998E-01
  4445.608 9.995E-01
  4446.180 9.996E-01
  4446.752 9.997E-01
  4447.324 9.997E-01
  4447.896 9.997E-01
  4448.468 9.996E-01
  4449.040 9.992E-01
  4449.612 9.988E-01
  4450.184 9.982E-01
  4450.756 9.976E-01
  4451.328 9.973E-01
  4451.900 9.969E-01
  4452.472 9.968E-01
  4453.044 9.970E-01
  4453.616 9.974E-01
  4454.188 9.981E-01
  4454.760 9.992E-01
  4455.332 1.000E+00
  4455.904 1.001E+00
  4456.476 1.001E+00
  4457.048 1.001E+00
  4457.620 1.001E+00
  4458.192 1.001E+00
  4458.764 1.001E+00
  4459.336 1.000E+00
  4459.908 9.995E-01
  4460.480 9.991E-01
  4461.052 9.989E-01
  4461.624 9.989E-01
  4462.196 9.990E-01
  4462.768 1.000E+00
  4463.340 1.001E+00
  4463.912 1.002E+00
  4464.484 1.002E+00
  4465.056 1.003E+00
  4465.628 1.003E+00
  4466.200 1.003E+00
  4466.772 1.001E+00
  4467.344 9.979E-01
  4467.916 9.915E-01
  4468.488 9.756E-01
  4469.060 9.450E-01
  4469.632 9.164E-01
  4470.204 8.960E-01
  4470.776 8.834E-01
  4471.348 8.785E-01
  4471.920 8.812E-01
  4472.492 8.910E-01
  4473.064 9.082E-01
  4473.636 9.319E-01
  4474.208 9.621E-01
  4474.780 9.873E-01
  4475.352 9.957E-01
  4475.924 9.977E-01
  4476.496 9.985E-01
  4477.068 9.985E-01
  4477.640 9.980E-01
  4478.212 9.970E-01
  4478.784 9.946E-01
  4479.356 9.928E-01
  4479.928 9.917E-01
  4480.500 9.911E-01
  4481.072 9.911E-01
  4481.644 9.915E-01
  4482.216 9.925E-01
  4482.788 9.941E-01
  4483.360 9.959E-01
  4483.932 9.980E-01
  4484.504 9.997E-01
  4485.076 1.001E+00
  4485.648 1.002E+00
  4486.220 1.003E+00
  4486.792 1.004E+00
  4487.364 1.005E+00
  4487.936 1.005E+00
  4488.508 1.005E+00
  4489.080 1.004E+00
  4489.652 1.004E+00
  4490.224 1.003E+00
  4490.796 1.001E+00
  4491.368 1.000E+00
  4491.940 9.998E-01
  4492.512 9.998E-01
  4493.084 9.998E-01
  4493.656 9.999E-01
  4494.228 1.000E+00
  4494.800 1.000E+00
  4495.372 1.000E+00
  4495.944 1.000E+00
  4496.516 1.001E+00
  4497.088 1.001E+00
  4497.660 1.001E+00
  4498.232 1.001E+00
  4498.804 1.001E+00
  4499.376 1.001E+00
  4499.948 1.001E+00
  4500.520 1.000E+00
  4501.092 1.000E+00
  4501.664 1.000E+00
  4502.236 9.997E-01
  4502.808 9.997E-01
  4503.380 9.994E-01
  4503.952 9.991E-01
  4504.524 9.989E-01
  4505.096 9.989E-01
  4505.668 9.990E-01
  4506.240 9.991E-01
  4506.812 9.992E-01
  4507.384 9.992E-01
  4507.956 9.979E-01
  4508.528 9.941E-01
  4509.100 9.910E-01
  4509.672 9.886E-01
  4510.244 9.868E-01
  4510.816 9.859E-01
  4511.388 9.854E-01
  4511.960 9.836E-01
  4512.532 9.804E-01
  4513.104 9.791E-01
  4513.676 9.801E-01
  4514.248 9.812E-01
  4514.820 9.808E-01
  4515.392 9.801E-01
  4515.964 9.802E-01
  4516.536 9.816E-01
  4517.108 9.847E-01
  4517.680 9.895E-01
  4518.252 9.931E-01
  4518.824 9.945E-01
  4519.396 9.956E-01
  4519.968 9.970E-01
  4520.540 9.978E-01
  4521.112 9.976E-01
  4521.684 9.969E-01
  4522.256 9.961E-01
  4522.828 9.955E-01
  4523.400 9.952E-01
  4523.972 9.951E-01
  4524.544 9.953E-01
  4525.116 9.957E-01
  4525.688 9.964E-01
  4526.260 9.974E-01
  4526.832 9.982E-01
  4527.404 9.979E-01
  4527.976 9.974E-01
  4528.548 9.968E-01
  4529.120 9.965E-01
  4529.692 9.963E-01
  4530.264 9.964E-01
  4530.836 9.965E-01
  4531.408 9.966E-01
  4531.980 9.959E-01
  4532.552 9.951E-01
  4533.124 9.943E-01
  4533.696 9.938E-01
  4534.268 9.934E-01
  4534.840 9.928E-01
  4535.412 9.922E-01
  4535.984 9.913E-01
  4536.556 9.900E-01
  4537.128 9.876E-01
  4537.700 9.832E-01
  4538.272 9.740E-01
  4538.844 9.597E-01
  4539.416 9.435E-01
  4539.988 9.295E-01
  4540.560 9.193E-01
  4541.132 9.136E-01
  4541.704 9.127E-01
  4542.276 9.162E-01
  4542.848 9.244E-01
  4543.420 9.367E-01
  4543.992 9.520E-01
  4544.564 9.673E-01
  4545.136 9.786E-01
  4545.708 9.854E-01
  4546.280 9.895E-01
  4546.852 9.922E-01
  4547.424 9.941E-01
  4547.996 9.957E-01
  4548.568 9.966E-01
  4549.140 9.972E-01
  4549.712 9.969E-01
  4550.284 9.958E-01
  4550.856 9.951E-01
  4551.428 9.945E-01
  4552.000 9.942E-01
  4552.572 9.941E-01
  4553.144 9.943E-01
  4553.716 9.947E-01
  4554.288 9.955E-01
  4554.860 9.967E-01
  4555.432 9.983E-01
  4556.004 9.996E-01
  4556.576 9.999E-01
  4557.148 1.000E+00
  4557.720 1.000E+00
  4558.292 1.000E+00
  4558.864 1.000E+00
  4559.436 1.000E+00
  4560.008 1.000E+00
  4560.580 1.000E+00
  4561.152 1.000E+00
  4561.724 1.000E+00
  4562.296 1.000E+00
  4562.868 1.000E+00
  4563.440 1.000E+00
  4564.012 9.999E-01
  4564.584 9.997E-01
  4565.156 9.988E-01
  4565.728 9.978E-01
  4566.300 9.967E-01
  4566.872 9.950E-01
  4567.444 9.938E-01
  4568.016 9.932E-01
  4568.588 9.929E-01
  4569.160 9.931E-01
  4569.732 9.937E-01
  4570.304 9.947E-01
  4570.876 9.963E-01
  4571.448 9.974E-01
  4572.020 9.984E-01
  4572.592 9.993E-01
  4573.164 9.993E-01
  4573.736 9.992E-01
  4574.308 9.992E-01
  4574.880 9.992E-01
  4575.452 9.992E-01
  4576.024 9.993E-01
  4576.596 9.994E-01
  4577.168 9.995E-01
  4577.740 9.997E-01
  4578.312 9.998E-01
  4578.884 9.999E-01
  4579.456 9.999E-01
  4580.028 1.000E+00
  4580.600 1.000E+00
  4581.172 1.000E+00
  4581.744 1.000E+00
  4582.316 1.000E+00
  4582.888 1.000E+00
  4583.460 1.000E+00
  4584.032 1.000E+00
  4584.604 9.999E-01
  4585.176 9.994E-01
  4585.748 9.991E-01
  4586.320 9.989E-01
  4586.892 9.987E-01
  4587.464 9.985E-01
  4588.036 9.975E-01
  4588.608 9.956E-01
  4589.180 9.941E-01
  4589.752 9.932E-01
  4590.324 9.929E-01
  4590.896 9.929E-01
  4591.468 9.931E-01
  4592.040 9.935E-01
  4592.612 9.943E-01
  4593.184 9.950E-01
  4593.756 9.953E-01
  4594.328 9.958E-01
  4594.900 9.952E-01
  4595.472 9.944E-01
  4596.044 9.939E-01
  4596.616 9.938E-01
  4597.188 9.940E-01
  4597.760 9.946E-01
  4598.332 9.957E-01
  4598.904 9.972E-01
  4599.476 9.986E-01
