  3980.000 9.893E-01
  3980.572 9.904E-01
  3981.144 9.910E-01
  3981.716 9.916E-01
  3982.288 9.922E-01
  3982.860 9.929E-01
  3983.432 9.935E-01
  3984.004 9.942E-01
  3984.576 9.948E-01
  3985.148 9.955E-01
  3985.720 9.961E-01
  3986.292 9.964E-01
  3986.864 9.967E-01
  3987.436 9.969E-01
  3988.008 9.971E-01
  3988.580 9.973E-01
  3989.152 9.975E-01
  3989.724 9.976E-01
  3990.296 9.977E-01
  3990.868 9.979E-01
  3991.440 9.980E-01
  3992.012 9.982E-01
  3992.584 9.983E-01
  3993.156 9.985E-01
  3993.728 9.986E-01
  3994.300 9.987E-01
  3994.872 9.988E-01
  3995.444 9.988E-01
  3996.016 9.983E-01
  3996.588 9.971E-01
  3997.160 9.961E-01
  3997.732 9.955E-01
  3998.304 9.952E-01
  3998.876 9.951E-01
  3999.448 9.954E-01
  4000.020 9.959E-01
  4000.592 9.966E-01
  4001.164 9.966E-01
  4001.736 9.958E-01
  4002.308 9.947E-01
  4002.880 9.931E-01
  4003.452 9.921E-01
  4004.024 9.916E-01
  4004.596 9.916E-01
  4005.168 9.921E-01
  4005.740 9.930E-01
  4006.312 9.937E-01
  4006.884 9.919E-01
  4007.456 9.895E-01
  4008.028 9.876E-01
  4008.600 9.861E-01
  4009.172 9.855E-01
  4009.744 9.858E-01
  4010.316 9.870E-01
  4010.888 9.892E-01
  4011.460 9.923E-01
  4012.032 9.953E-01
  4012.604 9.969E-01
  4013.176 9.973E-01
  4013.748 9.974E-01
  4014.320 9.974E-01
  4014.892 9.973E-01
  4015.464 9.971E-01
  4016.036 9.968E-01
  4016.608 9.965E-01
  4017.180 9.961E-01
  4017.752 9.956E-01
  4018.324 9.950E-01
  4018.896 9.940E-01
  4019.468 9.926E-01
  4020.040 9.907E-01
  4020.612 9.880E-01
  4021.184 9.843E-01
  4021.756 9.787E-01
  4022.328 9.706E-01
  4022.900 9.582E-01
  4023.472 9.365E-01
  4024.044 9.027E-01
  4024.616 8.729E-01
  4025.188 8.535E-01
  4025.760 8.448E-01
  4026.332 8.467E-01
  4026.904 8.585E-01
  4027.476 8.794E-01
  4028.048 9.082E-01
  4028.620 9.416E-01
  4029.192 9.686E-01
  4029.764 9.804E-01
  4030.336 9.859E-01
  4030.908 9.889E-01
  4031.480 9.905E-01
  4032.052 9.917E-01
  4032.624 9.926E-01
  4033.196 9.934E-01
  4033.768 9.941E-01
  4034.340 9.948E-01
  4034.912 9.956E-01
  4035.484 9.963E-01
  4036.056 9.971E-01
  4036.628 9.977E-01
  4037.200 9.979E-01
  4037.772 9.981E-01
  4038.344 9.983E-01
  4038.916 9.983E-01
  4039.488 9.984E-01
  4040.060 9.985E-01
  4040.632 9.986E-01
  4041.204 9.987E-01
  4041.776 9.986E-01
  4042.348 9.983E-01
  4042.920 9.978E-01
  4043.492 9.975E-01
  4044.064 9.974E-01
  4044.636 9.974E-01
  4045.208 9.975E-01
  4045.780 9.978E-01
  4046.352 9.982E-01
  4046.924 9.987E-01
  4047.496 9.993E-01
  4048.068 9.996E-01
  4048.640 9.997E-01
  4049.212 9.997E-01
  4049.784 9.996E-01
  4050.356 9.996E-01
  4050.928 9.995E-01
  4051.500 9.995E-01
  4052.072 9.998E-01
  4052.644 1.000E+00
  4053.216 1.000E+00
  4053.788 9.987E-01
  4054.360 9.976E-01
  4054.932 9.967E-01
  4055.504 9.957E-01
  4056.076 9.951E-01
  4056.648 9.947E-01
  4057.220 9.948E-01
  4057.792 9.956E-01
  4058.364 9.977E-01
  4058.936 1.000E+00
  4059.508 1.001E+00
  4060.080 1.002E+00
  4060.652 1.003E+00
  4061.224 1.003E+00
  4061.796 1.002E+00
  4062.368 1.002E+00
  4062.940 1.001E+00
  4063.512 9.996E-01
  4064.084 9.992E-01
  4064.656 9.989E-01
  4065.228 9.958E-01
  4065.800 9.858E-01
  4066.372 9.723E-01
  4066.944 9.565E-01
  4067.516 9.401E-01
  4068.088 9.209E-01
  4068.660 9.092E-01
  4069.232 9.053E-01
  4069.804 9.069E-01
  4070.376 9.163E-01
  4070.948 9.314E-01
  4071.520 9.473E-01
  4072.092 9.614E-01
  4072.664 9.749E-01
  4073.236 9.836E-01
  4073.808 9.824E-01
  4074.380 9.818E-01
  4074.952 9.834E-01
  4075.524 9.836E-01
  4076.096 9.840E-01
  4076.668 9.849E-01
  4077.240 9.865E-01
  4077.812 9.892E-01
  4078.384 9.926E-01
  4078.956 9.942E-01
  4079.528 9.938E-01
  4080.100 9.933E-01
  4080.672 9.931E-01
  4081.244 9.935E-01
  4081.816 9.941E-01
  4082.388 9.943E-01
  4082.960 9.942E-01
  4083.532 9.946E-01
  4084.104 9.949E-01
  4084.676 9.949E-01
  4085.248 9.950E-01
  4085.820 9.927E-01
  4086.392 9.784E-01
  4086.964 9.603E-01
  4087.536 9.477E-01
  4088.108 9.399E-01
  4088.680 9.356E-01
  4089.252 9.351E-01
  4089.824 9.385E-01
  4090.396 9.460E-01
  4090.968 9.590E-01
  4091.540 9.764E-01
  4092.112 9.823E-01
  4092.684 9.804E-01
  4093.256 9.778E-01
  4093.828 9.745E-01
  4094.400 9.683E-01
  4094.972 9.519E-01
  4095.544 9.334E-01
  4096.116 9.162E-01
  4096.688 8.989E-01
  4097.260 8.803E-01
  4097.832 8.588E-01
  4098.404 8.328E-01
  4098.976 8.013E-01
  4099.548 7.677E-01
  4100.120 7.382E-01
  4100.692 7.076E-01
  4101.264 6.840E-01
  4101.836 6.771E-01
  4102.408 6.875E-01
  4102.980 7.136E-01
  4103.552 7.525E-01
  4104.124 7.989E-01
  4104.696 8.444E-01
  4105.268 8.825E-01
  4105.840 9.125E-01
  4106.412 9.351E-01
  4106.984 9.495E-01
  4107.556 9.597E-01
  4108.128 9.673E-01
  4108.700 9.729E-01
  4109.272 9.772E-01
  4109.844 9.804E-01
  4110.416 9.830E-01
  4110.988 9.852E-01
  4111.560 9.869E-01
  4112.132 9.885E-01
  4112.704 9.896E-01
  4113.276 9.870E-01
  4113.848 9.730E-01
  4114.420 9.612E-01
  4114.992 9.538E-01
  4115.564 9.497E-01
  4116.136 9.488E-01
  4116.708 9.502E-01
  4117.280 9.544E-01
  4117.852 9.609E-01
  4118.424 9.658E-01
  4118.996 9.715E-01
  4119.568 9.678E-01
  4120.140 9.640E-01
  4120.712 9.626E-01
  4121.284 9.638E-01
  4121.856 9.676E-01
  4122.428 9.732E-01
  4123.000 9.813E-01
  4123.572 9.915E-01
  4124.144 9.964E-01
  4124.716 9.981E-01
  4125.288 9.983E-01
  4125.860 9.982E-01
  4126.432 9.980E-01
  4127.004 9.979E-01
  4127.576 9.979E-01
  4128.148 9.979E-01
  4128.720 9.980E-01
  4129.292 9.981E-01
  4129.864 9.983E-01
  4130.436 9.982E-01
  4131.008 9.982E-01
  4131.580 9.982E-01
  4132.152 9.982E-01
  4132.724 9.983E-01
  4133.296 9.984E-01
  4133.868 9.987E-01
  4134.440 9.991E-01
  4135.012 9.995E-01
  4135.584 9.998E-01
  4136.156 9.999E-01
  4136.728 9.996E-01
  4137.300 9.994E-01
  4137.872 9.992E-01
  4138.444 9.989E-01
  4139.016 9.986E-01
  4139.588 9.985E-01
  4140.160 9.983E-01
  4140.732 9.969E-01
  4141.304 9.921E-01
  4141.876 9.864E-01
  4142.448 9.821E-01
  4143.020 9.795E-01
  4143.592 9.783E-01
  4144.164 9.785E-01
  4144.736 9.802E-01
  4145.308 9.835E-01
  4145.880 9.885E-01
  4146.452 9.946E-01
  4147.024 9.980E-01
  4147.596 9.986E-01
  4148.168 9.986E-01
  4148.740 9.986E-01
  4149.312 9.986E-01
  4149.884 9.983E-01
  4150.456 9.977E-01
  4151.028 9.968E-01
  4151.600 9.963E-01
  4152.172 9.961E-01
  4152.744 9.962E-01
  4153.316 9.962E-01
  4153.888 9.960E-01
  4154.460 9.955E-01
  4155.032 9.956E-01
  4155.604 9.960E-01
  4156.176 9.963E-01
  4156.748 9.965E-01
  4157.320 9.967E-01
  4157.892 9.971E-01
  4158.464 9.978E-01
  4159.036 9.988E-01
  4159.608 9.995E-01
  4160.180 9.991E-01
  4160.752 9.978E-01
  4161.324 9.968E-01
  4161.896 9.961E-01
  4162.468 9.957E-01
  4163.040 9.956E-01
  4163.612 9.957E-01
  4164.184 9.962E-01
  4164.756 9.970E-01
  4165.328 9.982E-01
  4165.900 9.992E-01
  4166.472 9.989E-01
  4167.044 9.981E-01
  4167.616 9.975E-01
  4168.188 9.971E-01
  4168.760 9.967E-01
  4169.332 9.964E-01
  4169.904 9.961E-01
  4170.476 9.962E-01
  4171.048 9.967E-01
  4171.620 9.975E-01
  4172.192 9.981E-01
  4172.764 9.983E-01
  4173.336 9.984E-01
  4173.908 9.986E-01
  4174.480 9.990E-01
  4175.052 9.992E-01
  4175.624 9.993E-01
  4176.196 9.993E-01
  4176.768 9.994E-01
  4177.340 9.994E-01
  4177.912 9.994E-01
  4178.484 9.995E-01
  4179.056 9.995E-01
  4179.628 9.995E-01
  4180.200 9.995E-01
  4180.772 9.994E-01
  4181.344 9.993E-01
  4181.916 9.989E-01
  4182.488 9.985E-01
  4183.060 9.981E-01
  4183.632 9.975E-01
  4184.204 9.956E-01
  4184.776 9.922E-01
  4185.348 9.897E-01
  4185.920 9.883E-01
  4186.492 9.878E-01
  4187.064 9.878E-01
  4187.636 9.879E-01
  4188.208 9.888E-01
  4188.780 9.905E-01
  4189.352 9.932E-01
  4189.924 9.957E-01
  4190.496 9.960E-01
  4191.068 9.958E-01
  4191.640 9.957E-01
  4192.212 9.955E-01
  4192.784 9.950E-01
  4193.356 9.935E-01
  4193.928 9.913E-01
  4194.500 9.886E-01
  4195.072 9.849E-01
  4195.644 9.797E-01
  4196.216 9.721E-01
  4196.788 9.610E-01
  4197.360 9.461E-01
  4197.932 9.304E-01
  4198.504 9.172E-01
  4199.076 9.082E-01
  4199.648 9.041E-01
  4200.220 9.056E-01
  4200.792 9.124E-01
  4201.364 9.240E-01
  4201.936 9.392E-01
  4202.508 9.553E-01
  4203.080 9.686E-01
  4203.652 9.778E-01
  4204.224 9.840E-01
  4204.796 9.883E-01
  4205.368 9.913E-01
  4205.940 9.933E-01
  4206.512 9.948E-01
  4207.084 9.959E-01
  4207.656 9.966E-01
  4208.228 9.972E-01
  4208.800 9.976E-01
  4209.372 9.973E-01
  4209.944 9.944E-01
  4210.516 9.914E-01
  4211.088 9.893E-01
  4211.660 9.881E-01
  4212.232 9.877E-01
  4212.804 9.879E-01
  4213.376 9.888E-01
  4213.948 9.904E-01
  4214.520 9.932E-01
  4215.092 9.970E-01
  4215.664 9.991E-01
  4216.236 9.994E-01
  4216.808 9.995E-01
  4217.380 1.000E+00
  4217.952 1.000E+00
  4218.524 1.001E+00
  4219.096 1.001E+00
  4219.668 1.001E+00
  4220.240 1.001E+00
  4220.812 1.001E+00
  4221.384 1.001E+00
  4221.956 1.001E+00
  4222.528 1.000E+00
  4223.100 9.999E-01
  4223.672 9.998E-01
  4224.244 9.998E-01
  4224.816 9.998E-01
  4225.388 9.998E-01
  4225.960 9.998E-01
  4226.532 9.998E-01
  4227.104 9.998E-01
  4227.676 9.997E-01
  4228.248 9.998E-01
  4228.820 9.999E-01
  4229.392 1.000E+00
  4229.964 1.000E+00
  4230.536 1.001E+00
  4231.108 1.001E+00
  4231.680 1.001E+00
  4232.252 1.001E+00
  4232.824 1.001E+00
  4233.396 1.001E+00
  4233.968 1.000E+00
  4234.540 1.000E+00
  4235.112 9.998E-01
  4235.684 9.997E-01
  4236.256 9.995E-01
  4236.828 9.993E-01
  4237.400 9.992E-01
  4237.972 9.993E-01
  4238.544 9.994E-01
  4239.116 9.994E-01
  4239.688 9.994E-01
  4240.260 9.994E-01
  4240.832 9.994E-01
  4241.404 9.995E-01
  4241.976 9.996E-01
  4242.548 9.996E-01
  4243.120 9.996E-01
  4243.692 9.997E-01
  4244.264 9.997E-01
  4244.836 9.994E-01
  4245.408 9.990E-01
  4245.980 9.987E-01
  4246.552 9.986E-01
  4247.124 9.985E-01
  4247.696 9.985E-01
  4248.268 9.988E-01
  4248.840 9.991E-01
  4249.412 9.996E-01
  4249.984 1.000E+00
  4250.556 1.001E+00
  4251.128 1.002E+00
  4251.700 1.006E+00
  4252.272 1.009E+00
  4252.844 1.011E+00
  4253.416 1.012E+00
  4253.988 1.012E+00
  4254.560 1.011E+00
  4255.132 1.010E+00
  4255.704 1.008E+00
  4256.276 1.004E+00
  4256.848 1.000E+00
  4257.420 9.990E-01
  4257.992 9.990E-01
  4258.564 9.992E-01
  4259.136 9.993E-01
  4259.708 9.995E-01
  4260.280 9.996E-01
  4260.852 9.997E-01
  4261.424 9.997E-01
  4261.996 9.997E-01
  4262.568 9.997E-01
  4263.140 9.997E-01
  4263.712 9.997E-01
  4264.284 9.996E-01
  4264.856 9.994E-01
  4265.428 9.992E-01
  4266.000 9.991E-01
  4266.572 9.991E-01
  4267.144 9.990E-01
  4267.716 9.991E-01
  4268.288 9.991E-01
  4268.860 9.993E-01
  4269.432 9.995E-01
  4270.004 9.997E-01
  4270.576 9.998E-01
  4271.148 9.997E-01
  4271.720 9.997E-01
  4272.292 9.997E-01
  4272.864 9.997E-01
  4273.436 9.996E-01
  4274.008 9.996E-01
  4274.580 9.996E-01
  4275.152 9.996E-01
  4275.724 9.996E-01
  4276.296 9.994E-01
  4276.868 9.993E-01
  4277.440 9.992E-01
  4278.012 9.992E-01
  4278.584 9.992E-01
  4279.156 9.993E-01
  4279.728 9.995E-01
  4280.300 9.997E-01
  4280.872 9.999E-01
  4281.444 1.000E+00
  4282.016 1.000E+00
  4282.588 1.000E+00
  4283.160 1.000E+00
  4283.732 9.999E-01
  4284.304 9.997E-01
  4284.876 9.995E-01
  4285.448 9.994E-01
  4286.020 9.993E-01
  4286.592 9.994E-01
  4287.164 9.994E-01
  4287.736 9.993E-01
  4288.308 9.989E-01
  4288.880 9.987E-01
  4289.452 9.985E-01
  4290.024 9.984E-01
  4290.596 9.984E-01
  4291.168 9.985E-01
  4291.740 9.986E-01
  4292.312 9.988E-01
  4292.884 9.992E-01
  4293.456 9.996E-01
  4294.028 9.998E-01
  4294.600 1.000E+00
  4295.172 1.000E+00
  4295.744 1.000E+00
  4296.316 1.001E+00
  4296.888 1.001E+00
  4297.460 1.001E+00
  4298.032 1.001E+00
  4298.604 1.001E+00
  4299.176 1.000E+00
  4299.748 1.000E+00
  4300.320 1.000E+00
  4300.892 1.000E+00
  4301.464 1.001E+00
  4302.036 1.001E+00
  4302.608 1.001E+00
  4303.180 1.001E+00
  4303.752 1.001E+00
  4304.324 1.001E+00
  4304.896 1.000E+00
  4305.468 9.999E-01
  4306.040 9.995E-01
  4306.612 9.994E-01
  4307.184 9.994E-01
  4307.756 9.993E-01
  4308.328 9.992E-01
  4308.900 9.990E-01
  4309.472 9.989E-01
  4310.044 9.988E-01
  4310.616 9.987E-01
  4311.188 9.986E-01
  4311.760 9.983E-01
  4312.332 9.980E-01
  4312.904 9.979E-01
  4313.476 9.978E-01
  4314.048 9.976E-01
  4314.620 9.973E-01
  4315.192 9.971E-01
  4315.764 9.970E-01
  4316.336 9.969E-01
  4316.908 9.968E-01
  4317.480 9.965E-01
  4318.052 9.962E-01
  4318.624 9.959E-01
  4319.196 9.956E-01
  4319.768 9.956E-01
  4320.340 9.957E-01
  4320.912 9.958E-01
  4321.484 9.959E-01
  4322.056 9.961E-01
  4322.628 9.961E-01
  4323.200 9.955E-01
  4323.772 9.949E-01
  4324.344 9.944E-01
  4324.916 9.937E-01
  4325.488 9.925E-01
  4326.060 9.913E-01
  4326.632 9.904E-01
  4327.204 9.897E-01
  4327.776 9.891E-01
  4328.348 9.886E-01
  4328.920 9.878E-01
  4329.492 9.867E-01
  4330.064 9.854E-01
  4330.636 9.837E-01
  4331.208 9.815E-01
  4331.780 9.785E-01
  4332.352 9.748E-01
  4332.924 9.701E-01
  4333.496 9.642E-01
  4334.068 9.566E-01
  4334.640 9.468E-01
  4335.212 9.340E-01
  4335.784 9.170E-01
  4336.356 8.949E-01
  4336.928 8.666E-01
  4337.500 8.303E-01
  4338.072 7.883E-01
  4338.644 7.469E-01
  4339.216 7.136E-01
  4339.788 6.932E-01
  4340.360 6.873E-01
  4340.932 6.963E-01
  4341.504 7.186E-01
  4342.076 7.520E-01
  4342.648 7.935E-01
  4343.220 8.368E-01
  4343.792 8.751E-01
  4344.364 9.040E-01
  4344.936 9.238E-01
  4345.508 9.380E-01
  4346.080 9.486E-01
  4346.652 9.567E-01
  4347.224 9.629E-01
  4347.796 9.682E-01
  4348.368 9.722E-01
  4348.940 9.746E-01
  4349.512 9.766E-01
  4350.084 9.789E-01
  4350.656 9.811E-01
  4351.228 9.829E-01
  4351.800 9.848E-01
  4352.372 9.870E-01
  4352.944 9.888E-01
  4353.516 9.907E-01
  4354.088 9.926E-01
  4354.660 9.934E-01
  4355.232 9.936E-01
  4355.804 9.938E-01
  4356.376 9.941E-01
  4356.948 9.944E-01
  4357.520 9.948E-01
  4358.092 9.952E-01
  4358.664 9.958E-01
  4359.236 9.964E-01
  4359.808 9.971E-01
  4360.380 9.974E-01
  4360.952 9.976E-01
  4361.524 9.977E-01
  4362.096 9.978E-01
  4362.668 9.980E-01
  4363.240 9.981E-01
  4363.812 9.982E-01
  4364.384 9.980E-01
  4364.956 9.978E-01
  4365.528 9.976E-01
  4366.100 9.975E-01
  4366.672 9.974E-01
  4367.244 9.975E-01
  4367.816 9.977E-01
  4368.388 9.979E-01
  4368.960 9.982E-01
  4369.532 9.986E-01
  4370.104 9.987E-01
  4370.676 9.986E-01
  4371.248 9.986E-01
  4371.820 9.985E-01
  4372.392 9.985E-01
  4372.964 9.983E-01
  4373.536 9.981E-01
  4374.108 9.980E-01
  4374.680 9.981E-01
  4375.252 9.984E-01
  4375.824 9.994E-01
  4376.396 1.000E+00
  4376.968 1.000E+00
  4377.540 9.999E-01
  4378.112 9.998E-01
  4378.684 9.999E-01
  4379.256 9.997E-01
  4379.828 9.993E-01
  4380.400 9.983E-01
  4380.972 9.971E-01
  4381.544 9.966E-01
  4382.116 9.974E-01
  4382.688 9.974E-01
  4383.260 9.973E-01
  4383.832 9.970E-01
  4384.404 9.962E-01
  4384.976 9.926E-01
  4385.548 9.850E-01
  4386.120 9.779E-01
  4386.692 9.726E-01
  4387.264 9.692E-01
  4387.836 9.683E-01
  4388.408 9.695E-01
  4388.980 9.728E-01
  4389.552 9.791E-01
  4390.124 9.872E-01
  4390.696 9.963E-01
  4391.268 1.003E+00
  4391.840 1.004E+00
  4392.412 1.004E+00
  4392.984 1.003E+00
  4393.556 1.002E+00
  4394.128 1.001E+00
  4394.700 9.993E-01
  4395.272 9.984E-01
  4395.844 9.985E-01
  4396.416 9.988E-01
  4396.988 9.992E-01
  4397.560 9.995E-01
  4398.132 9.996E-01
  4398.704 9.997E-01
  4399.276 9.997E-01
  4399.848 9.996E-01
  4400.420 9.994E-01
  4400.992 9.989E-01
  4401.564 9.984E-01
  4402.136 9.982E-01
  4402.708 9.981E-01
  4403.280 9.981E-01
  4403.852 9.980E-01
  4404.424 9.980E-01
  4404.996 9.981E-01
  4405.568 9.983E-01
  4406.140 9.989E-01
  4406.712 1.000E+00
  4407.284 1.002E+00
  4407.856 1.002E+00
  4408.428 1.003E+00
  4409.000 1.003E+00
  4409.572 1.003E+00
  4410.144 1.003E+00
  4410.716 1.003E+00
  4411.288 1.003E+00
  4411.860 1.003E+00
  4412.432 1.002E+00
  4413.004 1.002E+00
  4413.576 1.002E+00
  4414.148 1.002E+00
  4414.720 1.002E+00
  4415.292 1.002E+00
  4415.864 1.001E+00
  4416.436 1.001E+00
  4417.008 1.000E+00
  4417.580 1.000E+00
  4418.152 9.999E-01
  4418.724 9.999E-01
  4419.296 9.999E-01
  4419.868 9.998E-01
  4420.440 9.999E-01
  4421.012 1.000E+00
  4421.584 1.000E+00
  4422.156 1.000E+00
  4422.728 1.000E+00
  4423.300 1.000E+00
  4423.872 1.000E+00
  4424.444 9.999E-01
  4425.016 1.000E+00
  4425.588 1.000E+00
  4426.160 1.001E+00
  4426.732 1.002E+00
  4427.304 1.002E+00
  4427.876 1.002E+00
  4428.448 1.003E+00
  4429.020 1.003E+00
  4429.592 1.003E+00
  4430.164 1.003E+00
  4430.736 1.002E+00
  4431.308 1.001E+00
  4431.880 1.001E+00
  4432.452 1.000E+00
  4433.024 1.000E+00
  4433.596 9.999E-01
  4434.168 9.992E-01
  4434.740 9.983E-01
  4435.312 9.971E-01
  4435.884 9.961E-01
  4436.456 9.956E-01
  4437.028 9.956E-01
  4437.600 9.956E-01
  4438.172 9.957E-01
  4438.744 9.958E-01
  4439.316 9.960E-01
  4439.888 9.967E-01
  4440.460 9.976E-01
  4441.032 9.980E-01
  4441.604 9.979E-01
  4442.176 9.979E-01
  4442.748 9.981E-01
  4443.320 9.987E-01
  4443.892 9.994E-01
  4444.464 1.000E+00
  4445.036 1.001E+00
  4445.608 1.001E+00
  4446.180 1.001E+00
  4446.752 1.001E+00
  4447.324 1.001E+00
  4447.896 1.001E+00
  4448.468 1.001E+00
  4449.040 1.000E+00
  4449.612 9.999E-01
  4450.184 9.992E-01
  4450.756 9.987E-01
  4451.328 9.982E-01
  4451.900 9.979E-01
  4452.472 9.979E-01
  4453.044 9.980E-01
  4453.616 9.982E-01
  4454.188 9.987E-01
  4454.760 9.994E-01
  4455.332 1.000E+00
  4455.904 1.001E+00
  4456.476 1.001E+00
  4457.048 1.001E+00
  4457.620 1.001E+00
  4458.192 1.001E+00
  4458.764 1.000E+00
  4459.336 1.000E+00
  4459.908 9.996E-01
  4460.480 9.993E-01
  4461.052 9.991E-01
  4461.624 9.990E-01
  4462.196 9.991E-01
  4462.768 9.999E-01
  4463.340 1.001E+00
  4463.912 1.001E+00
  4464.484 1.002E+00
  4465.056 1.002E+00
  4465.628 1.003E+00
  4466.200 1.002E+00
  4466.772 1.001E+00
  4467.344 9.971E-01
  4467.916 9.906E-01
  4468.488 9.751E-01
  4469.060 9.453E-01
  4469.632 9.172E-01
  4470.204 8.972E-01
  4470.776 8.850E-01
  4471.348 8.804E-01
  4471.920 8.833E-01
  4472.492 8.931E-01
  4473.064 9.099E-01
  4473.636 9.330E-01
  4474.208 9.622E-01
  4474.780 9.869E-01
  4475.352 9.953E-01
  4475.924 9.975E-01
  4476.496 9.983E-01
  4477.068 9.984E-01
  4477.640 9.981E-01
  4478.212 9.971E-01
  4478.784 9.950E-01
  4479.356 9.934E-01
  4479.928 9.924E-01
  4480.500 9.919E-01
  4481.072 9.918E-01
  4481.644 9.922E-01
  4482.216 9.931E-01
  4482.788 9.946E-01
  4483.360 9.962E-01
  4483.932 9.981E-01
  4484.504 9.996E-01
  4485.076 1.000E+00
  4485.648 1.002E+00
  4486.220 1.003E+00
  4486.792 1.004E+00
  4487.364 1.004E+00
  4487.936 1.004E+00
  4488.508 1.004E+00
  4489.080 1.004E+00
  4489.652 1.003E+00
  4490.224 1.003E+00
  4490.796 1.001E+00
  4491.368 1.000E+00
  4491.940 1.000E+00
  4492.512 9.999E-01
  4493.084 9.999E-01
  4493.656 9.999E-01
  4494.228 1.000E+00
  4494.800 1.000E+00
  4495.372 1.000E+00
  4495.944 1.000E+00
  4496.516 1.000E+00
  4497.088 1.001E+00
  4497.660 1.001E+00
  4498.232 1.001E+00
  4498.804 1.001E+00
  4499.376 1.001E+00
  4499.948 1.001E+00
  4500.520 1.000E+00
  4501.092 1.000E+00
  4501.664 1.000E+00
  4502.236 9.999E-01
  4502.808 9.998E-01
  4503.380 9.995E-01
  4503.952 9.992E-01
  4504.524 9.990E-01
  4505.096 9.990E-01
  4505.668 9.991E-01
  4506.240 9.992E-01
  4506.812 9.993E-01
  4507.384 9.993E-01
  4507.956 9.982E-01
  4508.528 9.949E-01
  4509.100 9.922E-01
  4509.672 9.901E-01
  4510.244 9.886E-01
  4510.816 9.878E-01
  4511.388 9.876E-01
  4511.960 9.863E-01
  4512.532 9.837E-01
  4513.104 9.827E-01
  4513.676 9.836E-01
  4514.248 9.847E-01
  4514.820 9.843E-01
  4515.392 9.836E-01
  4515.964 9.836E-01
  4516.536 9.847E-01
  4517.108 9.871E-01
  4517.680 9.910E-01
  4518.252 9.941E-01
  4518.824 9.952E-01
  4519.396 9.961E-01
  4519.968 9.973E-01
  4520.540 9.980E-01
  4521.112 9.977E-01
  4521.684 9.971E-01
  4522.256 9.964E-01
  4522.828 9.959E-01
  4523.400 9.956E-01
  4523.972 9.956E-01
  4524.544 9.958E-01
  4525.116 9.962E-01
  4525.688 9.969E-01
  4526.260 9.979E-01
  4526.832 9.985E-01
  4527.404 9.983E-01
  4527.976 9.979E-01
  4528.548 9.974E-01
  4529.120 9.970E-01
  4529.692 9.967E-01
  4530.264 9.965E-01
  4530.836 9.964E-01
  4531.408 9.963E-01
  4531.980 9.955E-01
  4532.552 9.950E-01
  4533.124 9.943E-01
  4533.696 9.937E-01
  4534.268 9.930E-01
  4534.840 9.919E-01
  4535.412 9.905E-01
  4535.984 9.886E-01
  4536.556 9.858E-01
  4537.128 9.815E-01
  4537.700 9.746E-01
  4538.272 9.623E-01
  4538.844 9.445E-01
  4539.416 9.248E-01
  4539.988 9.076E-01
  4540.560 8.950E-01
  4541.132 8.880E-01
  4541.704 8.868E-01
  4542.276 8.913E-01
  4542.848 9.016E-01
  4543.420 9.171E-01
  4543.992 9.363E-01
  4544.564 9.556E-01
  4545.136 9.701E-01
  4545.708 9.795E-01
  4546.280 9.854E-01
  4546.852 9.894E-01
  4547.424 9.922E-01
  4547.996 9.942E-01
  4548.568 9.954E-01
  4549.140 9.960E-01
  4549.712 9.962E-01
  4550.284 9.965E-01
  4550.856 9.967E-01
  4551.428 9.969E-01
  4552.000 9.970E-01
  4552.572 9.971E-01
  4553.144 9.973E-01
  4553.716 9.975E-01
  4554.288 9.978E-01
  4554.860 9.983E-01
  4555.432 9.988E-01
  4556.004 9.992E-01
  4556.576 9.994E-01
  4557.148 9.996E-01
  4557.720 9.998E-01
  4558.292 9.999E-01
  4558.864 9.999E-01
  4559.436 1.000E+00
  4560.008 1.000E+00
  4560.580 9.999E-01
  4561.152 9.999E-01
  4561.724 9.999E-01
  4562.296 9.998E-01
  4562.868 9.998E-01
  4563.440 9.998E-01
  4564.012 9.998E-01
  4564.584 9.997E-01
  4565.156 9.995E-01
  4565.728 9.991E-01
  4566.300 9.982E-01
  4566.872 9.963E-01
  4567.444 9.949E-01
  4568.016 9.940E-01
  4568.588 9.935E-01
  4569.160 9.933E-01
  4569.732 9.935E-01
  4570.304 9.941E-01
  4570.876 9.952E-01
  4571.448 9.965E-01
  4572.020 9.981E-01
  4572.592 9.996E-01
  4573.164 9.998E-01
  4573.736 9.998E-01
  4574.308 9.999E-01
  4574.880 9.999E-01
  4575.452 9.999E-01
  4576.024 9.999E-01
  4576.596 9.999E-01
  4577.168 9.998E-01
  4577.740 9.998E-01
  4578.312 9.999E-01
  4578.884 9.999E-01
  4579.456 9.999E-01
  4580.028 1.000E+00
  4580.600 1.000E+00
  4581.172 1.000E+00
  4581.744 1.000E+00
  4582.316 1.000E+00
  4582.888 1.000E+00
  4583.460 1.000E+00
  4584.032 1.000E+00
  4584.604 9.998E-01
  4585.176 9.992E-01
  4585.748 9.987E-01
  4586.320 9.984E-01
  4586.892 9.982E-01
  4587.464 9.979E-01
  4588.036 9.970E-01
  4588.608 9.953E-01
  4589.180 9.940E-01
  4589.752 9.932E-01
  4590.324 9.931E-01
  4590.896 9.933E-01
  4591.468 9.935E-01
  4592.040 9.939E-01
  4592.612 9.947E-01
  4593.184 9.953E-01
  4593.756 9.956E-01
  4594.328 9.961E-01
  4594.900 9.956E-01
  4595.472 9.950E-01
  4596.044 9.946E-01
  4596.616 9.945E-01
  4597.188 9.947E-01
  4597.760 9.952E-01
  4598.332 9.962E-01
  4598.904 9.976E-01
  4599.476 9.989E-01
