  3980.000 9.985E-01
  3981.573 9.990E-01
  3983.146 9.991E-01
  3984.719 9.992E-01
  3986.292 9.994E-01
  3987.865 9.995E-01
  3989.438 9.995E-01
  3991.011 9.995E-01
  3992.584 9.995E-01
  3994.157 9.995E-01
  3995.730 9.995E-01
  3997.303 9.995E-01
  3998.876 9.993E-01
  4000.449 9.992E-01
  4002.022 9.992E-01
  4003.595 9.994E-01
  4005.168 9.995E-01
  4006.741 9.996E-01
  4008.314 9.997E-01
  4009.887 9.998E-01
  4011.460 9.999E-01
  4013.033 1.000E+00
  4014.606 9.997E-01
  4016.179 9.992E-01
  4017.752 9.969E-01
  4019.325 9.853E-01
  4020.898 9.738E-01
  4022.471 9.660E-01
  4024.044 9.615E-01
  4025.617 9.598E-01
  4027.190 9.611E-01
  4028.763 9.652E-01
  4030.336 9.726E-01
  4031.909 9.835E-01
  4033.482 9.960E-01
  4035.055 9.989E-01
  4036.628 9.993E-01
  4038.201 9.994E-01
  4039.774 9.995E-01
  4041.347 9.996E-01
  4042.920 9.996E-01
  4044.493 9.996E-01
  4046.066 9.996E-01
  4047.639 9.997E-01
  4049.212 9.998E-01
  4050.785 1.000E+00
  4052.358 1.001E+00
  4053.931 1.002E+00
  4055.504 1.002E+00
  4057.077 1.002E+00
  4058.650 1.002E+00
  4060.223 1.002E+00
  4061.796 9.994E-01
  4063.369 9.952E-01
  4064.942 9.912E-01
  4066.515 9.886E-01
  4068.088 9.873E-01
  4069.661 9.870E-01
  4071.234 9.876E-01
  4072.807 9.892E-01
  4074.380 9.917E-01
  4075.953 9.954E-01
  4077.526 9.982E-01
  4079.099 9.989E-01
  4080.672 9.988E-01
  4082.245 9.951E-01
  4083.818 9.915E-01
  4085.391 9.891E-01
  4086.964 9.875E-01
  4088.537 9.866E-01
  4090.110 9.844E-01
  4091.683 9.791E-01
  4093.256 9.670E-01
  4094.829 9.409E-01
  4096.402 9.105E-01
  4097.975 8.856E-01
  4099.548 8.707E-01
  4101.121 8.658E-01
  4102.694 8.708E-01
  4104.267 8.856E-01
  4105.840 9.092E-01
  4107.413 9.402E-01
  4108.986 9.715E-01
  4110.559 9.878E-01
  4112.132 9.908E-01
  4113.705 9.907E-01
  4115.278 9.902E-01
  4116.851 9.901E-01
  4118.424 9.906E-01
  4119.997 9.917E-01
  4121.570 9.936E-01
  4123.143 9.965E-01
  4124.716 9.987E-01
  4126.289 9.992E-01
  4127.862 9.997E-01
  4129.435 1.000E+00
  4131.008 1.000E+00
  4132.581 1.000E+00
  4134.154 1.000E+00
  4135.727 1.000E+00
  4137.300 1.001E+00
  4138.873 1.001E+00
  4140.446 1.001E+00
  4142.019 1.001E+00
  4143.592 1.001E+00
  4145.165 1.001E+00
  4146.738 1.001E+00
  4148.311 1.001E+00
  4149.884 1.000E+00
  4151.457 1.000E+00
  4153.030 1.000E+00
  4154.603 1.000E+00
  4156.176 1.000E+00
  4157.749 1.000E+00
  4159.322 1.000E+00
  4160.895 9.999E-01
  4162.468 9.999E-01
  4164.041 9.999E-01
  4165.614 9.997E-01
  4167.187 9.996E-01
  4168.760 9.995E-01
  4170.333 9.995E-01
  4171.906 9.995E-01
  4173.479 9.995E-01
  4175.052 9.996E-01
  4176.625 9.996E-01
  4178.198 9.997E-01
  4179.771 9.998E-01
  4181.344 9.997E-01
  4182.917 9.997E-01
  4184.490 9.997E-01
  4186.063 9.997E-01
  4187.636 9.996E-01
  4189.209 9.995E-01
  4190.782 9.986E-01
  4192.355 9.924E-01
  4193.928 9.798E-01
  4195.501 9.706E-01
  4197.074 9.646E-01
  4198.647 9.613E-01
  4200.220 9.607E-01
  4201.793 9.627E-01
  4203.366 9.674E-01
  4204.939 9.746E-01
  4206.512 9.847E-01
  4208.085 9.953E-01
  4209.658 9.971E-01
  4211.231 9.973E-01
  4212.804 9.975E-01
  4214.377 9.978E-01
  4215.950 9.983E-01
  4217.523 9.988E-01
  4219.096 9.996E-01
  4220.669 1.000E+00
  4222.242 1.000E+00
  4223.815 1.000E+00
  4225.388 1.000E+00
  4226.961 1.000E+00
  4228.534 1.000E+00
  4230.107 1.000E+00
  4231.680 1.000E+00
  4233.253 9.999E-01
  4234.826 9.999E-01
  4236.399 9.998E-01
  4237.972 9.998E-01
  4239.545 9.997E-01
  4241.118 9.997E-01
  4242.691 9.998E-01
  4244.264 1.000E+00
  4245.837 1.000E+00
  4247.410 1.000E+00
  4248.983 1.000E+00
  4250.556 1.001E+00
  4252.129 1.001E+00
  4253.702 1.001E+00
  4255.275 1.000E+00
  4256.848 1.000E+00
  4258.421 1.000E+00
  4259.994 9.999E-01
  4261.567 9.998E-01
  4263.140 9.998E-01
  4264.713 9.998E-01
  4266.286 9.998E-01
  4267.859 9.998E-01
  4269.432 9.998E-01
  4271.005 9.998E-01
  4272.578 9.998E-01
  4274.151 9.997E-01
  4275.724 9.997E-01
  4277.297 9.997E-01
  4278.870 9.997E-01
  4280.443 9.997E-01
  4282.016 9.997E-01
  4283.589 9.997E-01
  4285.162 9.997E-01
  4286.735 9.997E-01
  4288.308 9.997E-01
  4289.881 9.997E-01
  4291.454 9.998E-01
  4293.027 9.999E-01
  4294.600 1.000E+00
  4296.173 1.000E+00
  4297.746 1.000E+00
  4299.319 1.000E+00
  4300.892 1.000E+00
  4302.465 1.000E+00
  4304.038 9.999E-01
  4305.611 9.998E-01
  4307.184 9.998E-01
  4308.757 9.998E-01
  4310.330 9.998E-01
  4311.903 9.998E-01
  4313.476 9.998E-01
  4315.049 9.997E-01
  4316.622 9.997E-01
  4318.195 9.997E-01
  4319.768 9.997E-01
  4321.341 9.997E-01
  4322.914 9.996E-01
  4324.487 9.994E-01
  4326.060 9.991E-01
  4327.633 9.983E-01
  4329.206 9.966E-01
  4330.779 9.897E-01
  4332.352 9.693E-01
  4333.925 9.349E-01
  4335.498 9.052E-01
  4337.071 8.847E-01
  4338.644 8.733E-01
  4340.217 8.699E-01
  4341.790 8.748E-01
  4343.363 8.881E-01
  4344.936 9.102E-01
  4346.509 9.417E-01
  4348.082 9.732E-01
  4349.655 9.917E-01
  4351.228 9.963E-01
  4352.801 9.979E-01
  4354.374 9.985E-01
  4355.947 9.989E-01
  4357.520 9.991E-01
  4359.093 9.993E-01
  4360.666 9.994E-01
  4362.239 9.996E-01
  4363.812 9.997E-01
  4365.385 9.998E-01
  4366.958 9.999E-01
  4368.531 9.999E-01
  4370.104 9.999E-01
  4371.677 9.998E-01
  4373.250 9.998E-01
  4374.823 9.997E-01
  4376.396 9.997E-01
  4377.969 9.996E-01
  4379.542 9.997E-01
  4381.115 1.000E+00
  4382.688 1.000E+00
  4384.261 1.001E+00
  4385.834 1.001E+00
  4387.407 1.001E+00
  4388.980 1.001E+00
  4390.553 1.001E+00
  4392.126 1.001E+00
  4393.699 1.001E+00
  4395.272 1.001E+00
  4396.845 1.000E+00
  4398.418 1.000E+00
  4399.991 9.997E-01
  4401.564 9.997E-01
  4403.137 9.999E-01
  4404.710 1.000E+00
  4406.283 1.000E+00
  4407.856 1.000E+00
  4409.429 1.001E+00
  4411.002 1.001E+00
  4412.575 1.001E+00
  4414.148 1.001E+00
  4415.721 1.001E+00
  4417.294 1.001E+00
  4418.867 1.001E+00
  4420.440 1.000E+00
  4422.013 1.000E+00
  4423.586 1.000E+00
  4425.159 1.001E+00
  4426.732 1.001E+00
  4428.305 1.001E+00
  4429.878 1.001E+00
  4431.451 1.001E+00
  4433.024 1.000E+00
  4434.597 9.991E-01
  4436.170 9.983E-01
  4437.743 9.976E-01
  4439.316 9.973E-01
  4440.889 9.972E-01
  4442.462 9.973E-01
  4444.035 9.976E-01
  4445.608 9.979E-01
  4447.181 9.984E-01
  4448.754 9.992E-01
  4450.327 9.999E-01
  4451.900 9.999E-01
  4453.473 9.999E-01
  4455.046 1.000E+00
  4456.619 9.999E-01
  4458.192 1.000E+00
  4459.765 1.000E+00
  4461.338 1.000E+00
  4462.911 9.997E-01
  4464.484 9.929E-01
  4466.057 9.877E-01
  4467.630 9.842E-01
  4469.203 9.819E-01
  4470.776 9.808E-01
  4472.349 9.808E-01
  4473.922 9.818E-01
  4475.495 9.840E-01
  4477.068 9.875E-01
  4478.641 9.927E-01
  4480.214 9.992E-01
  4481.787 9.996E-01
  4483.360 9.996E-01
  4484.933 9.997E-01
  4486.506 9.998E-01
  4488.079 1.000E+00
  4489.652 1.000E+00
  4491.225 1.000E+00
  4492.798 1.000E+00
  4494.371 1.000E+00
  4495.944 9.999E-01
  4497.517 9.997E-01
  4499.090 9.996E-01
  4500.663 9.995E-01
  4502.236 9.995E-01
  4503.809 9.990E-01
  4505.382 9.986E-01
  4506.955 9.981E-01
  4508.528 9.975E-01
  4510.101 9.972E-01
  4511.674 9.970E-01
  4513.247 9.969E-01
  4514.820 9.970E-01
  4516.393 9.971E-01
  4517.966 9.974E-01
  4519.539 9.981E-01
  4521.112 9.985E-01
  4522.685 9.990E-01
  4524.258 9.993E-01
  4525.831 9.994E-01
  4527.404 9.994E-01
  4528.977 9.993E-01
  4530.550 9.991E-01
  4532.123 9.979E-01
  4533.696 9.895E-01
  4535.269 9.764E-01
  4536.842 9.669E-01
  4538.415 9.605E-01
  4539.988 9.569E-01
  4541.561 9.558E-01
  4543.134 9.571E-01
  4544.707 9.610E-01
  4546.280 9.675E-01
  4547.853 9.770E-01
  4549.426 9.900E-01
  4550.999 9.979E-01
  4552.572 9.990E-01
  4554.145 9.991E-01
  4555.718 9.991E-01
  4557.291 9.992E-01
  4558.864 9.992E-01
  4560.437 9.993E-01
  4562.010 9.988E-01
  4563.583 9.983E-01
  4565.156 9.981E-01
  4566.729 9.981E-01
  4568.302 9.980E-01
  4569.875 9.980E-01
  4571.448 9.981E-01
  4573.021 9.983E-01
  4574.594 9.987E-01
  4576.167 9.992E-01
  4577.740 1.000E+00
  4579.313 1.000E+00
  4580.886 9.998E-01
  4582.459 9.996E-01
  4584.032 9.994E-01
  4585.605 9.992E-01
  4587.178 9.991E-01
  4588.751 9.991E-01
  4590.324 9.991E-01
  4591.897 9.991E-01
  4593.470 9.992E-01
  4595.043 9.994E-01
  4596.616 9.997E-01
  4598.189 9.997E-01
  4599.762 9.998E-01
