  3980.000 9.985E-01
  3981.716 9.990E-01
  3983.432 9.991E-01
  3985.148 9.993E-01
  3986.864 9.994E-01
  3988.580 9.994E-01
  3990.296 9.995E-01
  3992.012 9.995E-01
  3993.728 9.995E-01
  3995.444 9.995E-01
  3997.160 9.994E-01
  3998.876 9.993E-01
  4000.592 9.992E-01
  4002.308 9.993E-01
  4004.024 9.995E-01
  4005.740 9.995E-01
  4007.456 9.996E-01
  4009.172 9.997E-01
  4010.888 9.998E-01
  4012.604 9.999E-01
  4014.320 9.997E-01
  4016.036 9.990E-01
  4017.752 9.942E-01
  4019.468 9.816E-01
  4021.184 9.724E-01
  4022.900 9.666E-01
  4024.616 9.636E-01
  4026.332 9.632E-01
  4028.048 9.654E-01
  4029.764 9.704E-01
  4031.480 9.785E-01
  4033.196 9.901E-01
  4034.912 9.983E-01
  4036.628 9.993E-01
  4038.344 9.994E-01
  4040.060 9.995E-01
  4041.776 9.996E-01
  4043.492 9.996E-01
  4045.208 9.996E-01
  4046.924 9.997E-01
  4048.640 9.998E-01
  4050.356 1.000E+00
  4052.072 1.001E+00
  4053.788 1.002E+00
  4055.504 1.002E+00
  4057.220 1.002E+00
  4058.936 1.002E+00
  4060.652 1.001E+00
  4062.368 9.972E-01
  4064.084 9.932E-01
  4065.800 9.902E-01
  4067.516 9.886E-01
  4069.232 9.880E-01
  4070.948 9.884E-01
  4072.664 9.896E-01
  4074.380 9.915E-01
  4076.096 9.948E-01
  4077.812 9.977E-01
  4079.528 9.988E-01
  4081.244 9.964E-01
  4082.960 9.928E-01
  4084.676 9.903E-01
  4086.392 9.887E-01
  4088.108 9.874E-01
  4089.824 9.842E-01
  4091.540 9.780E-01
  4093.256 9.614E-01
  4094.972 9.304E-01
  4096.688 9.044E-01
  4098.404 8.870E-01
  4100.120 8.774E-01
  4101.836 8.766E-01
  4103.552 8.847E-01
  4105.268 9.024E-01
  4106.984 9.273E-01
  4108.700 9.566E-01
  4110.416 9.823E-01
  4112.132 9.903E-01
  4113.848 9.908E-01
  4115.564 9.907E-01
  4117.280 9.908E-01
  4118.996 9.915E-01
  4120.712 9.927E-01
  4122.428 9.947E-01
  4124.144 9.977E-01
  4125.860 9.990E-01
  4127.576 9.995E-01
  4129.292 1.000E+00
  4131.008 1.000E+00
  4132.724 1.000E+00
  4134.440 1.000E+00
  4136.156 1.000E+00
  4137.872 1.001E+00
  4139.588 1.001E+00
  4141.304 1.001E+00
  4143.020 1.001E+00
  4144.736 1.001E+00
  4146.452 1.001E+00
  4148.168 1.001E+00
  4149.884 1.000E+00
  4151.600 1.000E+00
  4153.316 1.000E+00
  4155.032 1.000E+00
  4156.748 1.000E+00
  4158.464 1.000E+00
  4160.180 1.000E+00
  4161.896 9.999E-01
  4163.612 9.998E-01
  4165.328 9.997E-01
  4167.044 9.996E-01
  4168.760 9.996E-01
  4170.476 9.995E-01
  4172.192 9.995E-01
  4173.908 9.995E-01
  4175.624 9.996E-01
  4177.340 9.996E-01
  4179.056 9.997E-01
  4180.772 9.997E-01
  4182.488 9.997E-01
  4184.204 9.997E-01
  4185.920 9.997E-01
  4187.636 9.996E-01
  4189.352 9.993E-01
  4191.068 9.968E-01
  4192.784 9.852E-01
  4194.500 9.756E-01
  4196.216 9.691E-01
  4197.932 9.652E-01
  4199.648 9.638E-01
  4201.364 9.648E-01
  4203.080 9.682E-01
  4204.796 9.735E-01
  4206.512 9.818E-01
  4208.228 9.934E-01
  4209.944 9.970E-01
  4211.660 9.975E-01
  4213.376 9.978E-01
  4215.092 9.981E-01
  4216.808 9.986E-01
  4218.524 9.991E-01
  4220.240 9.998E-01
  4221.956 1.000E+00
  4223.672 1.000E+00
  4225.388 1.000E+00
  4227.104 1.000E+00
  4228.820 1.000E+00
  4230.536 1.000E+00
  4232.252 9.999E-01
  4233.968 9.999E-01
  4235.684 9.999E-01
  4237.400 9.998E-01
  4239.116 9.998E-01
  4240.832 9.997E-01
  4242.548 9.998E-01
  4244.264 1.000E+00
  4245.980 1.000E+00
  4247.696 1.000E+00
  4249.412 1.000E+00
  4251.128 1.000E+00
  4252.844 1.000E+00
  4254.560 1.000E+00
  4256.276 1.000E+00
  4257.992 1.000E+00
  4259.708 1.000E+00
  4261.424 9.999E-01
  4263.140 9.998E-01
  4264.856 9.998E-01
  4266.572 9.998E-01
  4268.288 9.998E-01
  4270.004 9.998E-01
  4271.720 9.998E-01
  4273.436 9.997E-01
  4275.152 9.997E-01
  4276.868 9.997E-01
  4278.584 9.997E-01
  4280.300 9.997E-01
  4282.016 9.997E-01
  4283.732 9.997E-01
  4285.448 9.997E-01
  4287.164 9.997E-01
  4288.880 9.998E-01
  4290.596 9.998E-01
  4292.312 9.999E-01
  4294.028 1.000E+00
  4295.744 1.000E+00
  4297.460 1.000E+00
  4299.176 1.000E+00
  4300.892 1.000E+00
  4302.608 1.000E+00
  4304.324 9.999E-01
  4306.040 9.998E-01
  4307.756 9.998E-01
  4309.472 9.998E-01
  4311.188 9.998E-01
  4312.904 9.998E-01
  4314.620 9.997E-01
  4316.336 9.997E-01
  4318.052 9.997E-01
  4319.768 9.997E-01
  4321.484 9.997E-01
  4323.200 9.995E-01
  4324.916 9.992E-01
  4326.632 9.986E-01
  4328.348 9.971E-01
  4330.064 9.909E-01
  4331.780 9.706E-01
  4333.496 9.375E-01
  4335.212 9.107E-01
  4336.928 8.924E-01
  4338.644 8.822E-01
  4340.360 8.799E-01
  4342.076 8.850E-01
  4343.792 8.977E-01
  4345.508 9.188E-01
  4347.224 9.488E-01
  4348.940 9.785E-01
  4350.656 9.937E-01
  4352.372 9.971E-01
  4354.088 9.983E-01
  4355.804 9.988E-01
  4357.520 9.991E-01
  4359.236 9.993E-01
  4360.952 9.994E-01
  4362.668 9.996E-01
  4364.384 9.997E-01
  4366.100 9.998E-01
  4367.816 9.999E-01
  4369.532 9.999E-01
  4371.248 9.998E-01
  4372.964 9.998E-01
  4374.680 9.997E-01
  4376.396 9.997E-01
  4378.112 9.997E-01
  4379.828 9.999E-01
  4381.544 1.000E+00
  4383.260 1.000E+00
  4384.976 1.001E+00
  4386.692 1.001E+00
  4388.408 1.001E+00
  4390.124 1.001E+00
  4391.840 1.001E+00
  4393.556 1.001E+00
  4395.272 1.001E+00
  4396.988 1.000E+00
  4398.704 1.000E+00
  4400.420 9.998E-01
  4402.136 9.999E-01
  4403.852 1.000E+00
  4405.568 1.000E+00
  4407.284 1.000E+00
  4409.000 1.001E+00
  4410.716 1.001E+00
  4412.432 1.001E+00
  4414.148 1.001E+00
  4415.864 1.001E+00
  4417.580 1.001E+00
  4419.296 1.000E+00
  4421.012 1.000E+00
  4422.728 1.000E+00
  4424.444 1.001E+00
  4426.160 1.001E+00
  4427.876 1.001E+00
  4429.592 1.001E+00
  4431.308 1.001E+00
  4433.024 9.999E-01
  4434.740 9.989E-01
  4436.456 9.982E-01
  4438.172 9.977E-01
  4439.888 9.975E-01
  4441.604 9.975E-01
  4443.320 9.976E-01
  4445.036 9.978E-01
  4446.752 9.982E-01
  4448.468 9.988E-01
  4450.184 9.997E-01
  4451.900 9.999E-01
  4453.616 1.000E+00
  4455.332 1.000E+00
  4457.048 1.000E+00
  4458.764 1.000E+00
  4460.480 1.000E+00
  4462.196 9.997E-01
  4463.912 9.933E-01
  4465.628 9.886E-01
  4467.344 9.854E-01
  4469.060 9.834E-01
  4470.776 9.824E-01
  4472.492 9.824E-01
  4474.208 9.833E-01
  4475.924 9.854E-01
  4477.640 9.887E-01
  4479.356 9.935E-01
  4481.072 9.993E-01
  4482.788 9.996E-01
  4484.504 9.997E-01
  4486.220 9.998E-01
  4487.936 9.999E-01
  4489.652 1.000E+00
  4491.368 1.000E+00
  4493.084 1.000E+00
  4494.800 1.000E+00
  4496.516 9.998E-01
  4498.232 9.997E-01
  4499.948 9.996E-01
  4501.664 9.995E-01
  4503.380 9.990E-01
  4505.096 9.987E-01
  4506.812 9.980E-01
  4508.528 9.975E-01
  4510.244 9.972E-01
  4511.960 9.971E-01
  4513.676 9.971E-01
  4515.392 9.971E-01
  4517.108 9.973E-01
  4518.824 9.977E-01
  4520.540 9.984E-01
  4522.256 9.987E-01
  4523.972 9.993E-01
  4525.688 9.993E-01
  4527.404 9.994E-01
  4529.120 9.993E-01
  4530.836 9.986E-01
  4532.552 9.941E-01
  4534.268 9.812E-01
  4535.984 9.714E-01
  4537.700 9.648E-01
  4539.416 9.608E-01
  4541.132 9.592E-01
  4542.848 9.598E-01
  4544.564 9.628E-01
  4546.280 9.682E-01
  4547.996 9.764E-01
  4549.712 9.877E-01
  4551.428 9.976E-01
  4553.144 9.990E-01
  4554.860 9.992E-01
  4556.576 9.992E-01
  4558.292 9.993E-01
  4560.008 9.993E-01
  4561.724 9.987E-01
  4563.440 9.984E-01
  4565.156 9.981E-01
  4566.872 9.981E-01
  4568.588 9.981E-01
  4570.304 9.981E-01
  4572.020 9.983E-01
  4573.736 9.985E-01
  4575.452 9.989E-01
  4577.168 9.994E-01
  4578.884 9.999E-01
  4580.600 9.997E-01
  4582.316 9.996E-01
  4584.032 9.994E-01
  4585.748 9.992E-01
  4587.464 9.992E-01
  4589.180 9.991E-01
  4590.896 9.991E-01
  4592.612 9.992E-01
  4594.328 9.993E-01
  4596.044 9.995E-01
  4597.760 9.997E-01
  4599.476 9.998E-01
