  3980.000 9.854E-01
  3980.715 9.877E-01
  3981.430 9.889E-01
  3982.145 9.900E-01
  3982.860 9.911E-01
  3983.575 9.921E-01
  3984.290 9.930E-01
  3985.005 9.938E-01
  3985.720 9.945E-01
  3986.435 9.951E-01
  3987.150 9.956E-01
  3987.865 9.960E-01
  3988.580 9.963E-01
  3989.295 9.966E-01
  3990.010 9.968E-01
  3990.725 9.971E-01
  3991.440 9.973E-01
  3992.155 9.975E-01
  3992.870 9.977E-01
  3993.585 9.978E-01
  3994.300 9.980E-01
  3995.015 9.980E-01
  3995.730 9.972E-01
  3996.445 9.964E-01
  3997.160 9.958E-01
  3997.875 9.955E-01
  3998.590 9.954E-01
  3999.305 9.955E-01
  4000.020 9.957E-01
  4000.735 9.949E-01
  4001.450 9.946E-01
  4002.165 9.943E-01
  4002.880 9.936E-01
  4003.595 9.930E-01
  4004.310 9.928E-01
  4005.025 9.928E-01
  4005.740 9.926E-01
  4006.455 9.921E-01
  4007.170 9.918E-01
  4007.885 9.909E-01
  4008.600 9.906E-01
  4009.315 9.903E-01
  4010.030 9.906E-01
  4010.745 9.914E-01
  4011.460 9.927E-01
  4012.175 9.944E-01
  4012.890 9.958E-01
  4013.605 9.963E-01
  4014.320 9.962E-01
  4015.035 9.960E-01
  4015.750 9.956E-01
  4016.465 9.950E-01
  4017.180 9.941E-01
  4017.895 9.930E-01
  4018.610 9.914E-01
  4019.325 9.891E-01
  4020.040 9.858E-01
  4020.755 9.808E-01
  4021.470 9.733E-01
  4022.185 9.616E-01
  4022.900 9.409E-01
  4023.615 9.109E-01
  4024.330 8.866E-01
  4025.045 8.714E-01
  4025.760 8.652E-01
  4026.475 8.680E-01
  4027.190 8.794E-01
  4027.905 8.986E-01
  4028.620 9.243E-01
  4029.335 9.532E-01
  4030.050 9.739E-01
  4030.765 9.823E-01
  4031.480 9.866E-01
  4032.195 9.893E-01
  4032.910 9.913E-01
  4033.625 9.928E-01
  4034.340 9.940E-01
  4035.055 9.949E-01
  4035.770 9.956E-01
  4036.485 9.964E-01
  4037.200 9.971E-01
  4037.915 9.974E-01
  4038.630 9.977E-01
  4039.345 9.979E-01
  4040.060 9.980E-01
  4040.775 9.982E-01
  4041.490 9.983E-01
  4042.205 9.981E-01
  4042.920 9.979E-01
  4043.635 9.978E-01
  4044.350 9.979E-01
  4045.065 9.980E-01
  4045.780 9.982E-01
  4046.495 9.984E-01
  4047.210 9.987E-01
  4047.925 9.991E-01
  4048.640 9.993E-01
  4049.355 9.994E-01
  4050.070 9.994E-01
  4050.785 9.994E-01
  4051.500 9.995E-01
  4052.215 9.996E-01
  4052.930 9.992E-01
  4053.645 9.985E-01
  4054.360 9.979E-01
  4055.075 9.971E-01
  4055.790 9.967E-01
  4056.505 9.964E-01
  4057.220 9.965E-01
  4057.935 9.974E-01
  4058.650 9.986E-01
  4059.365 9.999E-01
  4060.080 1.001E+00
  4060.795 1.001E+00
  4061.510 1.001E+00
  4062.225 1.001E+00
  4062.940 1.000E+00
  4063.655 9.998E-01
  4064.370 9.977E-01
  4065.085 9.880E-01
  4065.800 9.735E-01
  4066.515 9.569E-01
  4067.230 9.363E-01
  4067.945 9.197E-01
  4068.660 9.105E-01
  4069.375 9.068E-01
  4070.090 9.105E-01
  4070.805 9.220E-01
  4071.520 9.407E-01
  4072.235 9.585E-01
  4072.950 9.713E-01
  4073.665 9.835E-01
  4074.380 9.870E-01
  4075.095 9.883E-01
  4075.810 9.899E-01
  4076.525 9.905E-01
  4077.240 9.913E-01
  4077.955 9.917E-01
  4078.670 9.924E-01
  4079.385 9.939E-01
  4080.100 9.938E-01
  4080.815 9.937E-01
  4081.530 9.937E-01
  4082.245 9.936E-01
  4082.960 9.934E-01
  4083.675 9.936E-01
  4084.390 9.944E-01
  4085.105 9.932E-01
  4085.820 9.827E-01
  4086.535 9.709E-01
  4087.250 9.625E-01
  4087.965 9.571E-01
  4088.680 9.542E-01
  4089.395 9.531E-01
  4090.110 9.539E-01
  4090.825 9.569E-01
  4091.540 9.632E-01
  4092.255 9.726E-01
  4092.970 9.728E-01
  4093.685 9.668E-01
  4094.400 9.529E-01
  4095.115 9.370E-01
  4095.830 9.200E-01
  4096.545 9.004E-01
  4097.260 8.761E-01
  4097.975 8.454E-01
  4098.690 8.071E-01
  4099.405 7.678E-01
  4100.120 7.366E-01
  4100.835 7.182E-01
  4101.550 7.091E-01
  4102.265 7.141E-01
  4102.980 7.341E-01
  4103.695 7.669E-01
  4104.410 8.090E-01
  4105.125 8.532E-01
  4105.840 8.911E-01
  4106.555 9.196E-01
  4107.270 9.398E-01
  4107.985 9.532E-01
  4108.700 9.629E-01
  4109.415 9.700E-01
  4110.130 9.754E-01
  4110.845 9.795E-01
  4111.560 9.827E-01
  4112.275 9.843E-01
  4112.990 9.793E-01
  4113.705 9.724E-01
  4114.420 9.678E-01
  4115.135 9.654E-01
  4115.850 9.645E-01
  4116.565 9.651E-01
  4117.280 9.664E-01
  4117.995 9.650E-01
  4118.710 9.666E-01
  4119.425 9.728E-01
  4120.140 9.751E-01
  4120.855 9.752E-01
  4121.570 9.762E-01
  4122.285 9.788E-01
  4123.000 9.829E-01
  4123.715 9.885E-01
  4124.430 9.951E-01
  4125.145 9.972E-01
  4125.860 9.976E-01
  4126.575 9.976E-01
  4127.290 9.977E-01
  4128.005 9.977E-01
  4128.720 9.978E-01
  4129.435 9.979E-01
  4130.150 9.980E-01
  4130.865 9.982E-01
  4131.580 9.985E-01
  4132.295 9.986E-01
  4133.010 9.988E-01
  4133.725 9.991E-01
  4134.440 9.993E-01
  4135.155 9.995E-01
  4135.870 9.996E-01
  4136.585 9.995E-01
  4137.300 9.993E-01
  4138.015 9.991E-01
  4138.730 9.990E-01
  4139.445 9.986E-01
  4140.160 9.971E-01
  4140.875 9.932E-01
  4141.590 9.895E-01
  4142.305 9.871E-01
  4143.020 9.856E-01
  4143.735 9.851E-01
  4144.450 9.854E-01
  4145.165 9.868E-01
  4145.880 9.893E-01
  4146.595 9.929E-01
  4147.310 9.968E-01
  4148.025 9.983E-01
  4148.740 9.985E-01
  4149.455 9.983E-01
  4150.170 9.980E-01
  4150.885 9.977E-01
  4151.600 9.976E-01
  4152.315 9.976E-01
  4153.030 9.976E-01
  4153.745 9.972E-01
  4154.460 9.970E-01
  4155.175 9.971E-01
  4155.890 9.974E-01
  4156.605 9.977E-01
  4157.320 9.979E-01
  4158.035 9.981E-01
  4158.750 9.984E-01
  4159.465 9.986E-01
  4160.180 9.984E-01
  4160.895 9.980E-01
  4161.610 9.976E-01
  4162.325 9.974E-01
  4163.040 9.973E-01
  4163.755 9.975E-01
  4164.470 9.978E-01
  4165.185 9.982E-01
  4165.900 9.985E-01
  4166.615 9.987E-01
  4167.330 9.984E-01
  4168.045 9.982E-01
  4168.760 9.977E-01
  4169.475 9.974E-01
  4170.190 9.972E-01
  4170.905 9.973E-01
  4171.620 9.976E-01
  4172.335 9.980E-01
  4173.050 9.984E-01
  4173.765 9.985E-01
  4174.480 9.987E-01
  4175.195 9.991E-01
  4175.910 9.992E-01
  4176.625 9.993E-01
  4177.340 9.993E-01
  4178.055 9.993E-01
  4178.770 9.993E-01
  4179.485 9.993E-01
  4180.200 9.992E-01
  4180.915 9.990E-01
  4181.630 9.987E-01
  4182.345 9.986E-01
  4183.060 9.982E-01
  4183.775 9.963E-01
  4184.490 9.944E-01
  4185.205 9.930E-01
  4185.920 9.922E-01
  4186.635 9.918E-01
  4187.350 9.919E-01
  4188.065 9.922E-01
  4188.780 9.928E-01
  4189.495 9.938E-01
  4190.210 9.952E-01
  4190.925 9.956E-01
  4191.640 9.946E-01
  4192.355 9.930E-01
  4193.070 9.906E-01
  4193.785 9.873E-01
  4194.500 9.824E-01
  4195.215 9.752E-01
  4195.930 9.644E-01
  4196.645 9.490E-01
  4197.360 9.320E-01
  4198.075 9.172E-01
  4198.790 9.068E-01
  4199.505 9.017E-01
  4200.220 9.025E-01
  4200.935 9.088E-01
  4201.650 9.203E-01
  4202.365 9.357E-01
  4203.080 9.528E-01
  4203.795 9.672E-01
  4204.510 9.772E-01
  4205.225 9.838E-01
  4205.940 9.883E-01
  4206.655 9.913E-01
  4207.370 9.934E-01
  4208.085 9.948E-01
  4208.800 9.953E-01
  4209.515 9.933E-01
  4210.230 9.917E-01
  4210.945 9.908E-01
  4211.660 9.903E-01
  4212.375 9.903E-01
  4213.090 9.907E-01
  4213.805 9.917E-01
  4214.520 9.933E-01
  4215.235 9.956E-01
  4215.950 9.985E-01
  4216.665 9.996E-01
  4217.380 1.000E+00
  4218.095 1.000E+00
  4218.810 1.001E+00
  4219.525 1.001E+00
  4220.240 1.001E+00
  4220.955 1.001E+00
  4221.670 1.001E+00
  4222.385 1.000E+00
  4223.100 1.000E+00
  4223.815 9.998E-01
  4224.530 9.997E-01
  4225.245 9.997E-01
  4225.960 9.997E-01
  4226.675 9.997E-01
  4227.390 9.997E-01
  4228.105 9.997E-01
  4228.820 1.000E+00
  4229.535 1.000E+00
  4230.250 1.000E+00
  4230.965 1.001E+00
  4231.680 1.001E+00
  4232.395 1.001E+00
  4233.110 1.001E+00
  4233.825 1.000E+00
  4234.540 1.000E+00
  4235.255 9.998E-01
  4235.970 9.996E-01
  4236.685 9.994E-01
  4237.400 9.993E-01
  4238.115 9.993E-01
  4238.830 9.994E-01
  4239.545 9.994E-01
  4240.260 9.994E-01
  4240.975 9.995E-01
  4241.690 9.995E-01
  4242.405 9.996E-01
  4243.120 9.997E-01
  4243.835 9.995E-01
  4244.550 9.992E-01
  4245.265 9.989E-01
  4245.980 9.988E-01
  4246.695 9.989E-01
  4247.410 9.991E-01
  4248.125 9.993E-01
  4248.840 9.996E-01
  4249.555 1.000E+00
  4250.270 1.001E+00
  4250.985 1.003E+00
  4251.700 1.005E+00
  4252.415 1.006E+00
  4253.130 1.006E+00
  4253.845 1.006E+00
  4254.560 1.006E+00
  4255.275 1.005E+00
  4255.990 1.004E+00
  4256.705 1.002E+00
  4257.420 9.999E-01
  4258.135 9.990E-01
  4258.850 9.991E-01
  4259.565 9.993E-01
  4260.280 9.994E-01
  4260.995 9.996E-01
  4261.710 9.996E-01
  4262.425 9.997E-01
  4263.140 9.997E-01
  4263.855 9.997E-01
  4264.570 9.996E-01
  4265.285 9.996E-01
  4266.000 9.996E-01
  4266.715 9.997E-01
  4267.430 9.997E-01
  4268.145 9.997E-01
  4268.860 9.997E-01
  4269.575 9.997E-01
  4270.290 9.997E-01
  4271.005 9.997E-01
  4271.720 9.997E-01
  4272.435 9.997E-01
  4273.150 9.996E-01
  4273.865 9.996E-01
  4274.580 9.996E-01
  4275.295 9.995E-01
  4276.010 9.994E-01
  4276.725 9.993E-01
  4277.440 9.993E-01
  4278.155 9.993E-01
  4278.870 9.994E-01
  4279.585 9.996E-01
  4280.300 9.998E-01
  4281.015 9.999E-01
  4281.730 9.999E-01
  4282.445 1.000E+00
  4283.160 1.000E+00
  4283.875 9.999E-01
  4284.590 9.998E-01
  4285.305 9.996E-01
  4286.020 9.995E-01
  4286.735 9.994E-01
  4287.450 9.991E-01
  4288.165 9.989E-01
  4288.880 9.987E-01
  4289.595 9.986E-01
  4290.310 9.986E-01
  4291.025 9.986E-01
  4291.740 9.987E-01
  4292.455 9.989E-01
  4293.170 9.991E-01
  4293.885 9.996E-01
  4294.600 9.999E-01
  4295.315 1.000E+00
  4296.030 1.000E+00
  4296.745 1.000E+00
  4297.460 1.000E+00
  4298.175 1.000E+00
  4298.890 1.000E+00
  4299.605 1.000E+00
  4300.320 1.000E+00
  4301.035 1.000E+00
  4301.750 9.999E-01
  4302.465 9.999E-01
  4303.180 9.999E-01
  4303.895 9.999E-01
  4304.610 9.998E-01
  4305.325 9.996E-01
  4306.040 9.994E-01
  4306.755 9.991E-01
  4307.470 9.990E-01
  4308.185 9.989E-01
  4308.900 9.988E-01
  4309.615 9.986E-01
  4310.330 9.985E-01
  4311.045 9.983E-01
  4311.760 9.981E-01
  4312.475 9.980E-01
  4313.190 9.978E-01
  4313.905 9.977E-01
  4314.620 9.975E-01
  4315.335 9.973E-01
  4316.050 9.971E-01
  4316.765 9.969E-01
  4317.480 9.967E-01
  4318.195 9.964E-01
  4318.910 9.960E-01
  4319.625 9.958E-01
  4320.340 9.956E-01
  4321.055 9.954E-01
  4321.770 9.951E-01
  4322.485 9.945E-01
  4323.200 9.939E-01
  4323.915 9.932E-01
  4324.630 9.925E-01
  4325.345 9.915E-01
  4326.060 9.904E-01
  4326.775 9.892E-01
  4327.490 9.880E-01
  4328.205 9.866E-01
  4328.920 9.850E-01
  4329.635 9.827E-01
  4330.350 9.796E-01
  4331.065 9.759E-01
  4331.780 9.711E-01
  4332.495 9.648E-01
  4333.210 9.564E-01
  4333.925 9.453E-01
  4334.640 9.305E-01
  4335.355 9.104E-01
  4336.070 8.843E-01
  4336.785 8.502E-01
  4337.500 8.097E-01
  4338.215 7.700E-01
  4338.930 7.388E-01
  4339.645 7.197E-01
  4340.360 7.147E-01
  4341.075 7.234E-01
  4341.790 7.449E-01
  4342.505 7.769E-01
  4343.220 8.162E-01
  4343.935 8.574E-01
  4344.650 8.926E-01
  4345.365 9.183E-01
  4346.080 9.363E-01
  4346.795 9.491E-01
  4347.510 9.587E-01
  4348.225 9.653E-01
  4348.940 9.705E-01
  4349.655 9.748E-01
  4350.370 9.784E-01
  4351.085 9.815E-01
  4351.800 9.839E-01
  4352.515 9.860E-01
  4353.230 9.878E-01
  4353.945 9.891E-01
  4354.660 9.907E-01
  4355.375 9.919E-01
  4356.090 9.925E-01
  4356.805 9.931E-01
  4357.520 9.937E-01
  4358.235 9.943E-01
  4358.950 9.949E-01
  4359.665 9.956E-01
  4360.380 9.964E-01
  4361.095 9.968E-01
  4361.810 9.971E-01
  4362.525 9.973E-01
  4363.240 9.975E-01
  4363.955 9.975E-01
  4364.670 9.976E-01
  4365.385 9.976E-01
  4366.100 9.977E-01
  4366.815 9.979E-01
  4367.530 9.980E-01
  4368.245 9.982E-01
  4368.960 9.983E-01
  4369.675 9.984E-01
  4370.390 9.985E-01
  4371.105 9.986E-01
  4371.820 9.986E-01
  4372.535 9.985E-01
  4373.250 9.982E-01
  4373.965 9.981E-01
  4374.680 9.983E-01
  4375.395 9.988E-01
  4376.110 9.981E-01
  4376.825 9.973E-01
  4377.540 9.968E-01
  4378.255 9.966E-01
  4378.970 9.965E-01
  4379.685 9.962E-01
  4380.400 9.957E-01
  4381.115 9.955E-01
  4381.830 9.955E-01
  4382.545 9.960E-01
  4383.260 9.965E-01
  4383.975 9.952E-01
  4384.690 9.901E-01
  4385.405 9.842E-01
  4386.120 9.800E-01
  4386.835 9.776E-01
  4387.550 9.765E-01
  4388.265 9.769E-01
  4388.980 9.795E-01
  4389.695 9.832E-01
  4390.410 9.882E-01
  4391.125 9.944E-01
  4391.840 1.000E+00
  4392.555 1.002E+00
  4393.270 1.002E+00
  4393.985 1.001E+00
  4394.700 1.000E+00
  4395.415 9.997E-01
  4396.130 9.993E-01
  4396.845 9.993E-01
  4397.560 9.993E-01
  4398.275 9.995E-01
  4398.990 9.995E-01
  4399.705 9.995E-01
  4400.420 9.992E-01
  4401.135 9.988E-01
  4401.850 9.985E-01
  4402.565 9.984E-01
  4403.280 9.984E-01
  4403.995 9.984E-01
  4404.710 9.985E-01
  4405.425 9.987E-01
  4406.140 9.996E-01
  4406.855 1.000E+00
  4407.570 1.001E+00
  4408.285 1.002E+00
  4409.000 1.002E+00
  4409.715 1.002E+00
  4410.430 1.002E+00
  4411.145 1.003E+00
  4411.860 1.003E+00
  4412.575 1.003E+00
  4413.290 1.002E+00
  4414.005 1.003E+00
  4414.720 1.003E+00
  4415.435 1.003E+00
  4416.150 1.002E+00
  4416.865 1.002E+00
  4417.580 1.001E+00
  4418.295 1.001E+00
  4419.010 1.000E+00
  4419.725 1.000E+00
  4420.440 1.000E+00
  4421.155 9.999E-01
  4421.870 9.999E-01
  4422.585 1.000E+00
  4423.300 1.000E+00
  4424.015 1.000E+00
  4424.730 1.000E+00
  4425.445 1.000E+00
  4426.160 1.001E+00
  4426.875 1.001E+00
  4427.590 1.001E+00
  4428.305 1.002E+00
  4429.020 1.002E+00
  4429.735 1.002E+00
  4430.450 1.001E+00
  4431.165 1.001E+00
  4431.880 1.001E+00
  4432.595 1.000E+00
  4433.310 9.997E-01
  4434.025 9.991E-01
  4434.740 9.982E-01
  4435.455 9.976E-01
  4436.170 9.974E-01
  4436.885 9.972E-01
  4437.600 9.969E-01
  4438.315 9.962E-01
  4439.030 9.959E-01
  4439.745 9.960E-01
  4440.460 9.965E-01
  4441.175 9.971E-01
  4441.890 9.975E-01
  4442.605 9.977E-01
  4443.320 9.982E-01
  4444.035 9.990E-01
  4444.750 9.999E-01
  4445.465 1.001E+00
  4446.180 1.001E+00
  4446.895 1.001E+00
  4447.610 1.001E+00
  4448.325 1.001E+00
  4449.040 1.001E+00
  4449.755 1.000E+00
  4450.470 9.996E-01
  4451.185 9.993E-01
  4451.900 9.990E-01
  4452.615 9.988E-01
  4453.330 9.989E-01
  4454.045 9.992E-01
  4454.760 9.996E-01
  4455.475 9.999E-01
  4456.190 1.000E+00
  4456.905 1.000E+00
  4457.620 1.000E+00
  4458.335 1.000E+00
  4459.050 1.000E+00
  4459.765 9.999E-01
  4460.480 9.997E-01
  4461.195 9.995E-01
  4461.910 9.997E-01
  4462.625 1.000E+00
  4463.340 1.001E+00
  4464.055 1.001E+00
  4464.770 1.001E+00
  4465.485 1.001E+00
  4466.200 9.992E-01
  4466.915 9.954E-01
  4467.630 9.863E-01
  4468.345 9.621E-01
  4469.060 9.383E-01
  4469.775 9.214E-01
  4470.490 9.111E-01
  4471.205 9.065E-01
  4471.920 9.075E-01
  4472.635 9.144E-01
  4473.350 9.268E-01
  4474.065 9.447E-01
  4474.780 9.673E-01
  4475.495 9.896E-01
  4476.210 9.966E-01
  4476.925 9.976E-01
  4477.640 9.970E-01
  4478.355 9.957E-01
  4479.070 9.947E-01
  4479.785 9.941E-01
  4480.500 9.938E-01
  4481.215 9.938E-01
  4481.930 9.942E-01
  4482.645 9.949E-01
  4483.360 9.960E-01
  4484.075 9.976E-01
  4484.790 9.997E-01
  4485.505 1.001E+00
  4486.220 1.002E+00
  4486.935 1.002E+00
  4487.650 1.002E+00
  4488.365 1.002E+00
  4489.080 1.002E+00
  4489.795 1.002E+00
  4490.510 1.002E+00
  4491.225 1.001E+00
  4491.940 1.000E+00
  4492.655 1.000E+00
  4493.370 1.000E+00
  4494.085 1.000E+00
  4494.800 1.000E+00
  4495.515 1.000E+00
  4496.230 1.000E+00
  4496.945 1.000E+00
  4497.660 1.000E+00
  4498.375 1.000E+00
  4499.090 1.000E+00
  4499.805 1.000E+00
  4500.520 1.000E+00
  4501.235 1.000E+00
  4501.950 1.000E+00
  4502.665 9.997E-01
  4503.380 9.995E-01
  4504.095 9.994E-01
  4504.810 9.993E-01
  4505.525 9.994E-01
  4506.240 9.995E-01
  4506.955 9.993E-01
  4507.670 9.973E-01
  4508.385 9.954E-01
  4509.100 9.940E-01
  4509.815 9.931E-01
  4510.530 9.924E-01
  4511.245 9.911E-01
  4511.960 9.889E-01
  4512.675 9.876E-01
  4513.390 9.873E-01
  4514.105 9.880E-01
  4514.820 9.893E-01
  4515.535 9.894E-01
  4516.250 9.897E-01
  4516.965 9.906E-01
  4517.680 9.921E-01
  4518.395 9.946E-01
  4519.110 9.967E-01
  4519.825 9.973E-01
  4520.540 9.971E-01
  4521.255 9.971E-01
  4521.970 9.973E-01
  4522.685 9.972E-01
  4523.400 9.970E-01
  4524.115 9.970E-01
  4524.830 9.972E-01
  4525.545 9.973E-01
  4526.260 9.973E-01
  4526.975 9.977E-01
  4527.690 9.979E-01
  4528.405 9.975E-01
  4529.120 9.971E-01
  4529.835 9.967E-01
  4530.550 9.962E-01
  4531.265 9.952E-01
  4531.980 9.946E-01
  4532.695 9.941E-01
  4533.410 9.931E-01
  4534.125 9.916E-01
  4534.840 9.893E-01
  4535.555 9.857E-01
  4536.270 9.801E-01
  4536.985 9.713E-01
  4537.700 9.571E-01
  4538.415 9.374E-01
  4539.130 9.171E-01
  4539.845 9.007E-01
  4540.560 8.896E-01
  4541.275 8.843E-01
  4541.990 8.851E-01
  4542.705 8.922E-01
  4543.420 9.054E-01
  4544.135 9.232E-01
  4544.850 9.439E-01
  4545.565 9.629E-01
  4546.280 9.757E-01
  4546.995 9.835E-01
  4547.710 9.885E-01
  4548.425 9.917E-01
  4549.140 9.936E-01
  4549.855 9.946E-01
  4550.570 9.953E-01
  4551.285 9.961E-01
  4552.000 9.966E-01
  4552.715 9.971E-01
  4553.430 9.975E-01
  4554.145 9.979E-01
  4554.860 9.981E-01
  4555.575 9.984E-01
  4556.290 9.987E-01
  4557.005 9.990E-01
  4557.720 9.992E-01
  4558.435 9.993E-01
  4559.150 9.994E-01
  4559.865 9.995E-01
  4560.580 9.995E-01
  4561.295 9.996E-01
  4562.010 9.996E-01
  4562.725 9.996E-01
  4563.440 9.996E-01
  4564.155 9.996E-01
  4564.870 9.994E-01
  4565.585 9.986E-01
  4566.300 9.968E-01
  4567.015 9.955E-01
  4567.730 9.946E-01
  4568.445 9.941E-01
  4569.160 9.939E-01
  4569.875 9.941E-01
  4570.590 9.946E-01
  4571.305 9.954E-01
  4572.020 9.966E-01
  4572.735 9.983E-01
  4573.450 9.997E-01
  4574.165 9.999E-01
  4574.880 9.999E-01
  4575.595 9.999E-01
  4576.310 9.999E-01
  4577.025 9.999E-01
  4577.740 9.999E-01
  4578.455 9.998E-01
  4579.170 9.999E-01
  4579.885 9.999E-01
  4580.600 9.999E-01
  4581.315 1.000E+00
  4582.030 1.000E+00
  4582.745 1.000E+00
  4583.460 9.999E-01
  4584.175 9.995E-01
  4584.890 9.990E-01
  4585.605 9.986E-01
  4586.320 9.983E-01
  4587.035 9.979E-01
  4587.750 9.967E-01
  4588.465 9.958E-01
  4589.180 9.951E-01
  4589.895 9.949E-01
  4590.610 9.950E-01
  4591.325 9.955E-01
  4592.040 9.959E-01
  4592.755 9.956E-01
  4593.470 9.955E-01
  4594.185 9.959E-01
  4594.900 9.967E-01
  4595.615 9.967E-01
  4596.330 9.967E-01
  4597.045 9.968E-01
  4597.760 9.970E-01
  4598.475 9.975E-01
  4599.190 9.981E-01
  4599.905 9.990E-01
