  3980.000 9.963E-01
  3981.001 9.972E-01
  3982.002 9.975E-01
  3983.003 9.979E-01
  3984.004 9.982E-01
  3985.005 9.985E-01
  3986.006 9.987E-01
  3987.007 9.988E-01
  3988.008 9.989E-01
  3989.009 9.990E-01
  3990.010 9.991E-01
  3991.011 9.991E-01
  3992.012 9.991E-01
  3993.013 9.991E-01
  3994.014 9.991E-01
  3995.015 9.988E-01
  3996.016 9.986E-01
  3997.017 9.985E-01
  3998.018 9.985E-01
  3999.019 9.985E-01
  4000.020 9.982E-01
  4001.021 9.978E-01
  4002.022 9.977E-01
  4003.023 9.978E-01
  4004.024 9.979E-01
  4005.025 9.981E-01
  4006.026 9.983E-01
  4007.027 9.987E-01
  4008.028 9.993E-01
  4009.029 9.996E-01
  4010.030 9.998E-01
  4011.031 9.997E-01
  4012.032 9.996E-01
  4013.033 9.995E-01
  4014.034 9.993E-01
  4015.035 9.991E-01
  4016.036 9.989E-01
  4017.037 9.985E-01
  4018.038 9.977E-01
  4019.039 9.962E-01
  4020.040 9.923E-01
  4021.041 9.818E-01
  4022.042 9.624E-01
  4023.043 9.451E-01
  4024.044 9.333E-01
  4025.045 9.272E-01
  4026.046 9.264E-01
  4027.047 9.311E-01
  4028.048 9.411E-01
  4029.049 9.565E-01
  4030.050 9.754E-01
  4031.051 9.908E-01
  4032.052 9.957E-01
  4033.053 9.973E-01
  4034.054 9.981E-01
  4035.055 9.985E-01
  4036.056 9.989E-01
  4037.057 9.991E-01
  4038.058 9.993E-01
  4039.059 9.995E-01
  4040.060 9.995E-01
  4041.061 9.994E-01
  4042.062 9.994E-01
  4043.063 9.994E-01
  4044.064 9.994E-01
  4045.065 9.994E-01
  4046.066 9.994E-01
  4047.067 9.995E-01
  4048.068 9.996E-01
  4049.069 9.997E-01
  4050.070 9.998E-01
  4051.071 9.999E-01
  4052.072 9.998E-01
  4053.073 1.000E+00
  4054.074 1.001E+00
  4055.075 1.001E+00
  4056.076 1.002E+00
  4057.077 1.002E+00
  4058.078 1.002E+00
  4059.079 1.002E+00
  4060.080 1.002E+00
  4061.081 1.001E+00
  4062.082 1.001E+00
  4063.083 9.996E-01
  4064.084 9.957E-01
  4065.085 9.890E-01
  4066.086 9.808E-01
  4067.087 9.744E-01
  4068.088 9.705E-01
  4069.089 9.690E-01
  4070.090 9.696E-01
  4071.091 9.725E-01
  4072.092 9.780E-01
  4073.093 9.857E-01
  4074.094 9.926E-01
  4075.095 9.978E-01
  4076.096 9.987E-01
  4077.097 9.986E-01
  4078.098 9.985E-01
  4079.099 9.984E-01
  4080.100 9.983E-01
  4081.101 9.981E-01
  4082.102 9.980E-01
  4083.103 9.979E-01
  4084.104 9.963E-01
  4085.105 9.893E-01
  4086.106 9.846E-01
  4087.107 9.814E-01
  4088.108 9.794E-01
  4089.109 9.785E-01
  4090.110 9.786E-01
  4091.111 9.796E-01
  4092.112 9.811E-01
  4093.113 9.795E-01
  4094.114 9.754E-01
  4095.115 9.616E-01
  4096.116 9.382E-01
  4097.117 9.025E-01
  4098.118 8.575E-01
  4099.119 8.182E-01
  4100.120 7.930E-01
  4101.121 7.837E-01
  4102.122 7.911E-01
  4103.123 8.094E-01
  4104.124 8.405E-01
  4105.125 8.816E-01
  4106.126 9.253E-01
  4107.127 9.604E-01
  4108.128 9.792E-01
  4109.129 9.875E-01
  4110.130 9.916E-01
  4111.131 9.935E-01
  4112.132 9.902E-01
  4113.133 9.878E-01
  4114.134 9.862E-01
  4115.135 9.854E-01
  4116.136 9.851E-01
  4117.137 9.847E-01
  4118.138 9.854E-01
  4119.139 9.873E-01
  4120.140 9.906E-01
  4121.141 9.952E-01
  4122.142 9.959E-01
  4123.143 9.964E-01
  4124.144 9.973E-01
  4125.145 9.984E-01
  4126.146 9.996E-01
  4127.147 9.999E-01
  4128.148 1.000E+00
  4129.149 1.000E+00
  4130.150 1.000E+00
  4131.151 1.000E+00
  4132.152 1.000E+00
  4133.153 1.000E+00
  4134.154 1.000E+00
  4135.155 1.000E+00
  4136.156 1.000E+00
  4137.157 1.000E+00
  4138.158 1.000E+00
  4139.159 1.000E+00
  4140.160 1.001E+00
  4141.161 1.001E+00
  4142.162 1.001E+00
  4143.163 1.001E+00
  4144.164 1.000E+00
  4145.165 1.000E+00
  4146.166 1.000E+00
  4147.167 1.000E+00
  4148.168 9.999E-01
  4149.169 9.998E-01
  4150.170 9.998E-01
  4151.171 9.998E-01
  4152.172 9.998E-01
  4153.173 9.998E-01
  4154.174 9.998E-01
  4155.175 9.998E-01
  4156.176 9.997E-01
  4157.177 9.998E-01
  4158.178 9.997E-01
  4159.179 9.996E-01
  4160.180 9.996E-01
  4161.181 9.996E-01
  4162.182 9.996E-01
  4163.183 9.996E-01
  4164.184 9.995E-01
  4165.185 9.995E-01
  4166.186 9.995E-01
  4167.187 9.995E-01
  4168.188 9.994E-01
  4169.189 9.993E-01
  4170.190 9.992E-01
  4171.191 9.991E-01
  4172.192 9.992E-01
  4173.193 9.992E-01
  4174.194 9.992E-01
  4175.195 9.993E-01
  4176.196 9.995E-01
  4177.197 9.997E-01
  4178.198 9.997E-01
  4179.199 9.997E-01
  4180.200 9.997E-01
  4181.201 9.996E-01
  4182.202 9.994E-01
  4183.203 9.990E-01
  4184.204 9.987E-01
  4185.205 9.985E-01
  4186.206 9.984E-01
  4187.207 9.984E-01
  4188.208 9.984E-01
  4189.209 9.984E-01
  4190.210 9.983E-01
  4191.211 9.983E-01
  4192.212 9.979E-01
  4193.213 9.961E-01
  4194.214 9.911E-01
  4195.215 9.772E-01
  4196.216 9.582E-01
  4197.217 9.425E-01
  4198.218 9.320E-01
  4199.219 9.266E-01
  4200.220 9.262E-01
  4201.221 9.308E-01
  4202.222 9.405E-01
  4203.223 9.554E-01
  4204.224 9.742E-01
  4205.225 9.895E-01
  4206.226 9.954E-01
  4207.227 9.973E-01
  4208.228 9.967E-01
  4209.229 9.959E-01
  4210.230 9.954E-01
  4211.231 9.951E-01
  4212.232 9.951E-01
  4213.233 9.953E-01
  4214.234 9.958E-01
  4215.235 9.968E-01
  4216.236 9.982E-01
  4217.237 1.000E+00
  4218.238 1.001E+00
  4219.239 1.001E+00
  4220.240 1.001E+00
  4221.241 1.001E+00
  4222.242 1.001E+00
  4223.243 1.000E+00
  4224.244 1.000E+00
  4225.245 1.000E+00
  4226.246 9.999E-01
  4227.247 1.000E+00
  4228.248 1.000E+00
  4229.249 1.000E+00
  4230.250 1.000E+00
  4231.251 1.000E+00
  4232.252 1.000E+00
  4233.253 1.000E+00
  4234.254 1.000E+00
  4235.255 9.998E-01
  4236.256 9.996E-01
  4237.257 9.995E-01
  4238.258 9.995E-01
  4239.259 9.996E-01
  4240.260 9.998E-01
  4241.261 9.999E-01
  4242.262 9.999E-01
  4243.263 9.998E-01
  4244.264 9.998E-01
  4245.265 9.999E-01
  4246.266 1.000E+00
  4247.267 1.000E+00
  4248.268 1.000E+00
  4249.269 1.001E+00
  4250.270 1.001E+00
  4251.271 1.001E+00
  4252.272 1.001E+00
  4253.273 1.001E+00
  4254.274 1.001E+00
  4255.275 1.001E+00
  4256.276 1.000E+00
  4257.277 1.000E+00
  4258.278 9.999E-01
  4259.279 9.997E-01
  4260.280 9.996E-01
  4261.281 9.996E-01
  4262.282 9.996E-01
  4263.283 9.997E-01
  4264.284 9.997E-01
  4265.285 9.998E-01
  4266.286 9.998E-01
  4267.287 9.999E-01
  4268.288 9.999E-01
  4269.289 9.999E-01
  4270.290 9.999E-01
  4271.291 9.998E-01
  4272.292 9.997E-01
  4273.293 9.996E-01
  4274.294 9.995E-01
  4275.295 9.994E-01
  4276.296 9.994E-01
  4277.297 9.994E-01
  4278.298 9.994E-01
  4279.299 9.995E-01
  4280.300 9.996E-01
  4281.301 9.997E-01
  4282.302 9.998E-01
  4283.303 9.998E-01
  4284.304 9.997E-01
  4285.305 9.996E-01
  4286.306 9.995E-01
  4287.307 9.994E-01
  4288.308 9.994E-01
  4289.309 9.995E-01
  4290.310 9.995E-01
  4291.311 9.995E-01
  4292.312 9.996E-01
  4293.313 9.998E-01
  4294.314 1.000E+00
  4295.315 1.000E+00
  4296.316 1.000E+00
  4297.317 1.000E+00
  4298.318 1.000E+00
  4299.319 1.000E+00
  4300.320 1.000E+00
  4301.321 9.999E-01
  4302.322 9.997E-01
  4303.323 9.996E-01
  4304.324 9.996E-01
  4305.325 9.995E-01
  4306.326 9.995E-01
  4307.327 9.995E-01
  4308.328 9.995E-01
  4309.329 9.995E-01
  4310.330 9.995E-01
  4311.331 9.995E-01
  4312.332 9.995E-01
  4313.333 9.995E-01
  4314.334 9.994E-01
  4315.335 9.994E-01
  4316.336 9.993E-01
  4317.337 9.992E-01
  4318.338 9.992E-01
  4319.339 9.991E-01
  4320.340 9.990E-01
  4321.341 9.989E-01
  4322.342 9.987E-01
  4323.343 9.986E-01
  4324.344 9.985E-01
  4325.345 9.982E-01
  4326.346 9.978E-01
  4327.347 9.972E-01
  4328.348 9.963E-01
  4329.349 9.950E-01
  4330.350 9.930E-01
  4331.351 9.899E-01
  4332.352 9.845E-01
  4333.353 9.736E-01
  4334.354 9.520E-01
  4335.355 9.194E-01
  4336.356 8.759E-01
  4337.357 8.345E-01
  4338.358 8.044E-01
  4339.359 7.876E-01
  4340.360 7.845E-01
  4341.361 7.947E-01
  4342.362 8.184E-01
  4343.363 8.544E-01
  4344.364 8.958E-01
  4345.365 9.368E-01
  4346.366 9.661E-01
  4347.367 9.805E-01
  4348.368 9.874E-01
  4349.369 9.914E-01
  4350.370 9.937E-01
  4351.371 9.952E-01
  4352.372 9.960E-01
  4353.373 9.965E-01
  4354.374 9.969E-01
  4355.375 9.972E-01
  4356.376 9.975E-01
  4357.377 9.978E-01
  4358.378 9.981E-01
  4359.379 9.984E-01
  4360.380 9.986E-01
  4361.381 9.990E-01
  4362.382 9.992E-01
  4363.383 9.993E-01
  4364.384 9.994E-01
  4365.385 9.995E-01
  4366.386 9.996E-01
  4367.387 9.997E-01
  4368.388 9.997E-01
  4369.389 9.997E-01
  4370.390 9.997E-01
  4371.391 9.997E-01
  4372.392 9.996E-01
  4373.393 9.995E-01
  4374.394 9.990E-01
  4375.395 9.985E-01
  4376.396 9.982E-01
  4377.397 9.980E-01
  4378.398 9.979E-01
  4379.399 9.978E-01
  4380.400 9.980E-01
  4381.401 9.982E-01
  4382.402 9.984E-01
  4383.403 9.990E-01
  4384.404 9.997E-01
  4385.405 9.998E-01
  4386.406 9.999E-01
  4387.407 1.000E+00
  4388.408 1.001E+00
  4389.409 1.001E+00
  4390.410 1.001E+00
  4391.411 1.001E+00
  4392.412 1.001E+00
  4393.413 1.001E+00
  4394.414 1.001E+00
  4395.415 1.001E+00
  4396.416 1.000E+00
  4397.417 1.000E+00
  4398.418 1.000E+00
  4399.419 9.998E-01
  4400.420 9.996E-01
  4401.421 9.995E-01
  4402.422 9.993E-01
  4403.423 9.993E-01
  4404.424 9.995E-01
  4405.425 9.999E-01
  4406.426 1.000E+00
  4407.427 1.000E+00
  4408.428 1.001E+00
  4409.429 1.001E+00
  4410.430 1.002E+00
  4411.431 1.002E+00
  4412.432 1.002E+00
  4413.433 1.002E+00
  4414.434 1.001E+00
  4415.435 1.001E+00
  4416.436 1.001E+00
  4417.437 1.001E+00
  4418.438 1.000E+00
  4419.439 1.000E+00
  4420.440 1.000E+00
  4421.441 1.000E+00
  4422.442 1.000E+00
  4423.443 1.000E+00
  4424.444 1.000E+00
  4425.445 1.001E+00
  4426.446 1.001E+00
  4427.447 1.001E+00
  4428.448 1.001E+00
  4429.449 1.001E+00
  4430.450 1.001E+00
  4431.451 1.001E+00
  4432.452 1.001E+00
  4433.453 1.000E+00
  4434.454 1.000E+00
  4435.455 9.997E-01
  4436.456 9.986E-01
  4437.457 9.969E-01
  4438.458 9.958E-01
  4439.459 9.952E-01
  4440.460 9.948E-01
  4441.461 9.948E-01
  4442.462 9.951E-01
  4443.463 9.957E-01
  4444.464 9.967E-01
  4445.465 9.982E-01
  4446.466 9.996E-01
  4447.467 1.000E+00
  4448.468 1.000E+00
  4449.469 1.000E+00
  4450.470 9.999E-01
  4451.471 9.998E-01
  4452.472 9.997E-01
  4453.473 9.997E-01
  4454.474 9.998E-01
  4455.475 1.000E+00
  4456.476 1.000E+00
  4457.477 1.000E+00
  4458.478 1.000E+00
  4459.479 1.000E+00
  4460.480 1.000E+00
  4461.481 1.000E+00
  4462.482 1.000E+00
  4463.483 1.000E+00
  4464.484 1.000E+00
  4465.485 9.995E-01
  4466.486 9.945E-01
  4467.487 9.836E-01
  4468.488 9.761E-01
  4469.489 9.711E-01
  4470.490 9.682E-01
  4471.491 9.672E-01
  4472.492 9.680E-01
  4473.493 9.708E-01
  4474.494 9.756E-01
  4475.495 9.828E-01
  4476.496 9.927E-01
  4477.497 9.981E-01
  4478.498 9.984E-01
  4479.499 9.982E-01
  4480.500 9.982E-01
  4481.501 9.983E-01
  4482.502 9.984E-01
  4483.503 9.987E-01
  4484.504 9.991E-01
  4485.505 9.996E-01
  4486.506 1.000E+00
  4487.507 1.000E+00
  4488.508 1.000E+00
  4489.509 1.000E+00
  4490.510 1.000E+00
  4491.511 1.000E+00
  4492.512 1.000E+00
  4493.513 1.000E+00
  4494.514 1.000E+00
  4495.515 1.000E+00
  4496.516 1.000E+00
  4497.517 1.000E+00
  4498.518 9.998E-01
  4499.519 9.996E-01
  4500.520 9.994E-01
  4501.521 9.993E-01
  4502.522 9.992E-01
  4503.523 9.992E-01
  4504.524 9.993E-01
  4505.525 9.993E-01
  4506.526 9.986E-01
  4507.527 9.982E-01
  4508.528 9.979E-01
  4509.529 9.974E-01
  4510.530 9.962E-01
  4511.531 9.955E-01
  4512.532 9.951E-01
  4513.533 9.949E-01
  4514.534 9.950E-01
  4515.535 9.956E-01
  4516.536 9.965E-01
  4517.537 9.970E-01
  4518.538 9.975E-01
  4519.539 9.981E-01
  4520.540 9.988E-01
  4521.541 9.989E-01
  4522.542 9.990E-01
  4523.543 9.992E-01
  4524.544 9.992E-01
  4525.545 9.992E-01
  4526.546 9.991E-01
  4527.547 9.991E-01
  4528.548 9.991E-01
  4529.549 9.990E-01
  4530.550 9.989E-01
  4531.551 9.986E-01
  4532.552 9.981E-01
  4533.553 9.972E-01
  4534.554 9.954E-01
  4535.555 9.902E-01
  4536.556 9.758E-01
  4537.557 9.555E-01
  4538.558 9.386E-01
  4539.559 9.266E-01
  4540.560 9.195E-01
  4541.561 9.174E-01
  4542.562 9.201E-01
  4543.563 9.276E-01
  4544.564 9.398E-01
  4545.565 9.569E-01
  4546.566 9.772E-01
  4547.567 9.911E-01
  4548.568 9.961E-01
  4549.569 9.978E-01
  4550.570 9.984E-01
  4551.571 9.986E-01
  4552.572 9.988E-01
  4553.573 9.988E-01
  4554.574 9.987E-01
  4555.575 9.987E-01
  4556.576 9.988E-01
  4557.577 9.989E-01
  4558.578 9.990E-01
  4559.579 9.992E-01
  4560.580 9.993E-01
  4561.581 9.994E-01
  4562.582 9.996E-01
  4563.583 9.997E-01
  4564.584 9.986E-01
  4565.585 9.975E-01
  4566.586 9.967E-01
  4567.587 9.963E-01
  4568.588 9.960E-01
  4569.589 9.960E-01
  4570.590 9.962E-01
  4571.591 9.966E-01
  4572.592 9.973E-01
  4573.593 9.983E-01
  4574.594 9.997E-01
  4575.595 1.000E+00
  4576.596 1.000E+00
  4577.597 1.000E+00
  4578.598 1.000E+00
  4579.599 1.000E+00
  4580.600 1.000E+00
  4581.601 1.000E+00
  4582.602 9.998E-01
  4583.603 9.994E-01
  4584.604 9.991E-01
  4585.605 9.989E-01
  4586.606 9.987E-01
  4587.607 9.984E-01
  4588.608 9.982E-01
  4589.609 9.982E-01
  4590.610 9.983E-01
  4591.611 9.985E-01
  4592.612 9.989E-01
  4593.613 9.992E-01
  4594.614 9.993E-01
  4595.615 9.994E-01
  4596.616 9.996E-01
  4597.617 9.998E-01
  4598.618 9.998E-01
  4599.619 9.999E-01
