  3980.000 9.854E-01
  3980.572 9.873E-01
  3981.144 9.884E-01
  3981.716 9.893E-01
  3982.288 9.902E-01
  3982.860 9.912E-01
  3983.432 9.920E-01
  3984.004 9.928E-01
  3984.576 9.935E-01
  3985.148 9.941E-01
  3985.720 9.947E-01
  3986.292 9.951E-01
  3986.864 9.955E-01
  3987.436 9.958E-01
  3988.008 9.961E-01
  3988.580 9.963E-01
  3989.152 9.965E-01
  3989.724 9.967E-01
  3990.296 9.969E-01
  3990.868 9.971E-01
  3991.440 9.973E-01
  3992.012 9.975E-01
  3992.584 9.976E-01
  3993.156 9.978E-01
  3993.728 9.979E-01
  3994.300 9.980E-01
  3994.872 9.981E-01
  3995.444 9.981E-01
  3996.016 9.977E-01
  3996.588 9.965E-01
  3997.160 9.956E-01
  3997.732 9.950E-01
  3998.304 9.947E-01
  3998.876 9.947E-01
  3999.448 9.950E-01
  4000.020 9.955E-01
  4000.592 9.962E-01
  4001.164 9.962E-01
  4001.736 9.953E-01
  4002.308 9.942E-01
  4002.880 9.930E-01
  4003.452 9.921E-01
  4004.024 9.918E-01
  4004.596 9.919E-01
  4005.168 9.924E-01
  4005.740 9.934E-01
  4006.312 9.943E-01
  4006.884 9.932E-01
  4007.456 9.917E-01
  4008.028 9.904E-01
  4008.600 9.894E-01
  4009.172 9.889E-01
  4009.744 9.891E-01
  4010.316 9.899E-01
  4010.888 9.913E-01
  4011.460 9.932E-01
  4012.032 9.951E-01
  4012.604 9.962E-01
  4013.176 9.965E-01
  4013.748 9.965E-01
  4014.320 9.964E-01
  4014.892 9.962E-01
  4015.464 9.959E-01
  4016.036 9.955E-01
  4016.608 9.950E-01
  4017.180 9.944E-01
  4017.752 9.936E-01
  4018.324 9.926E-01
  4018.896 9.912E-01
  4019.468 9.894E-01
  4020.040 9.869E-01
  4020.612 9.836E-01
  4021.184 9.791E-01
  4021.756 9.728E-01
  4022.328 9.640E-01
  4022.900 9.512E-01
  4023.472 9.300E-01
  4024.044 8.985E-01
  4024.616 8.705E-01
  4025.188 8.523E-01
  4025.760 8.444E-01
  4026.332 8.464E-01
  4026.904 8.580E-01
  4027.476 8.781E-01
  4028.048 9.055E-01
  4028.620 9.370E-01
  4029.192 9.628E-01
  4029.764 9.752E-01
  4030.336 9.813E-01
  4030.908 9.852E-01
  4031.480 9.876E-01
  4032.052 9.895E-01
  4032.624 9.909E-01
  4033.196 9.921E-01
  4033.768 9.931E-01
  4034.340 9.940E-01
  4034.912 9.948E-01
  4035.484 9.956E-01
  4036.056 9.963E-01
  4036.628 9.968E-01
  4037.200 9.971E-01
  4037.772 9.974E-01
  4038.344 9.976E-01
  4038.916 9.977E-01
  4039.488 9.979E-01
  4040.060 9.981E-01
  4040.632 9.983E-01
  4041.204 9.984E-01
  4041.776 9.984E-01
  4042.348 9.982E-01
  4042.920 9.979E-01
  4043.492 9.977E-01
  4044.064 9.977E-01
  4044.636 9.977E-01
  4045.208 9.978E-01
  4045.780 9.980E-01
  4046.352 9.983E-01
  4046.924 9.987E-01
  4047.496 9.992E-01
  4048.068 9.994E-01
  4048.640 9.994E-01
  4049.212 9.994E-01
  4049.784 9.994E-01
  4050.356 9.994E-01
  4050.928 9.993E-01
  4051.500 9.993E-01
  4052.072 9.995E-01
  4052.644 9.997E-01
  4053.216 9.997E-01
  4053.788 9.988E-01
  4054.360 9.980E-01
  4054.932 9.973E-01
  4055.504 9.965E-01
  4056.076 9.959E-01
  4056.648 9.956E-01
  4057.220 9.955E-01
  4057.792 9.961E-01
  4058.364 9.977E-01
  4058.936 9.997E-01
  4059.508 1.001E+00
  4060.080 1.001E+00
  4060.652 1.002E+00
  4061.224 1.002E+00
  4061.796 1.001E+00
  4062.368 1.001E+00
  4062.940 1.000E+00
  4063.512 9.994E-01
  4064.084 9.990E-01
  4064.656 9.986E-01
  4065.228 9.949E-01
  4065.800 9.829E-01
  4066.372 9.668E-01
  4066.944 9.483E-01
  4067.516 9.301E-01
  4068.088 9.082E-01
  4068.660 8.949E-01
  4069.232 8.909E-01
  4069.804 8.941E-01
  4070.376 9.065E-01
  4070.948 9.251E-01
  4071.520 9.439E-01
  4072.092 9.600E-01
  4072.664 9.751E-01
  4073.236 9.863E-01
  4073.808 9.868E-01
  4074.380 9.869E-01
  4074.952 9.885E-01
  4075.524 9.889E-01
  4076.096 9.892E-01
  4076.668 9.899E-01
  4077.240 9.908E-01
  4077.812 9.922E-01
  4078.384 9.939E-01
  4078.956 9.944E-01
  4079.528 9.938E-01
  4080.100 9.932E-01
  4080.672 9.930E-01
  4081.244 9.931E-01
  4081.816 9.935E-01
  4082.388 9.937E-01
  4082.960 9.937E-01
  4083.532 9.941E-01
  4084.104 9.943E-01
  4084.676 9.943E-01
  4085.248 9.943E-01
  4085.820 9.923E-01
  4086.392 9.808E-01
  4086.964 9.663E-01
  4087.536 9.560E-01
  4088.108 9.494E-01
  4088.680 9.456E-01
  4089.252 9.447E-01
  4089.824 9.466E-01
  4090.396 9.518E-01
  4090.968 9.613E-01
  4091.540 9.742E-01
  4092.112 9.778E-01
  4092.684 9.752E-01
  4093.256 9.718E-01
  4093.828 9.677E-01
  4094.400 9.611E-01
  4094.972 9.468E-01
  4095.544 9.304E-01
  4096.116 9.141E-01
  4096.688 8.970E-01
  4097.260 8.779E-01
  4097.832 8.557E-01
  4098.404 8.291E-01
  4098.976 7.977E-01
  4099.548 7.642E-01
  4100.120 7.345E-01
  4100.692 7.062E-01
  4101.264 6.862E-01
  4101.836 6.813E-01
  4102.408 6.919E-01
  4102.980 7.166E-01
  4103.552 7.527E-01
  4104.124 7.955E-01
  4104.696 8.376E-01
  4105.268 8.732E-01
  4105.840 9.015E-01
  4106.412 9.231E-01
  4106.984 9.382E-01
  4107.556 9.495E-01
  4108.128 9.582E-01
  4108.700 9.651E-01
  4109.272 9.704E-01
  4109.844 9.746E-01
  4110.416 9.780E-01
  4110.988 9.809E-01
  4111.560 9.832E-01
  4112.132 9.852E-01
  4112.704 9.867E-01
  4113.276 9.853E-01
  4113.848 9.751E-01
  4114.420 9.665E-01
  4114.992 9.612E-01
  4115.564 9.585E-01
  4116.136 9.581E-01
  4116.708 9.596E-01
  4117.280 9.634E-01
  4117.852 9.688E-01
  4118.424 9.728E-01
  4118.996 9.773E-01
  4119.568 9.744E-01
  4120.140 9.714E-01
  4120.712 9.702E-01
  4121.284 9.710E-01
  4121.856 9.736E-01
  4122.428 9.779E-01
  4123.000 9.842E-01
  4123.572 9.922E-01
  4124.144 9.962E-01
  4124.716 9.976E-01
  4125.288 9.978E-01
  4125.860 9.976E-01
  4126.432 9.976E-01
  4127.004 9.975E-01
  4127.576 9.976E-01
  4128.148 9.976E-01
  4128.720 9.977E-01
  4129.292 9.979E-01
  4129.864 9.980E-01
  4130.436 9.982E-01
  4131.008 9.983E-01
  4131.580 9.984E-01
  4132.152 9.985E-01
  4132.724 9.986E-01
  4133.296 9.987E-01
  4133.868 9.990E-01
  4134.440 9.994E-01
  4135.012 9.996E-01
  4135.584 9.998E-01
  4136.156 9.998E-01
  4136.728 9.997E-01
  4137.300 9.995E-01
  4137.872 9.992E-01
  4138.444 9.989E-01
  4139.016 9.986E-01
  4139.588 9.985E-01
  4140.160 9.982E-01
  4140.732 9.970E-01
  4141.304 9.932E-01
  4141.876 9.886E-01
  4142.448 9.851E-01
  4143.020 9.829E-01
  4143.592 9.819E-01
  4144.164 9.821E-01
  4144.736 9.834E-01
  4145.308 9.861E-01
  4145.880 9.902E-01
  4146.452 9.950E-01
  4147.024 9.978E-01
  4147.596 9.984E-01
  4148.168 9.985E-01
  4148.740 9.985E-01
  4149.312 9.986E-01
  4149.884 9.984E-01
  4150.456 9.980E-01
  4151.028 9.976E-01
  4151.600 9.973E-01
  4152.172 9.973E-01
  4152.744 9.975E-01
  4153.316 9.975E-01
  4153.888 9.973E-01
  4154.460 9.970E-01
  4155.032 9.970E-01
  4155.604 9.972E-01
  4156.176 9.974E-01
  4156.748 9.974E-01
  4157.320 9.976E-01
  4157.892 9.979E-01
  4158.464 9.983E-01
  4159.036 9.990E-01
  4159.608 9.995E-01
  4160.180 9.991E-01
  4160.752 9.982E-01
  4161.324 9.975E-01
  4161.896 9.971E-01
  4162.468 9.968E-01
  4163.040 9.967E-01
  4163.612 9.969E-01
  4164.184 9.972E-01
  4164.756 9.979E-01
  4165.328 9.987E-01
  4165.900 9.995E-01
  4166.472 9.992E-01
  4167.044 9.987E-01
  4167.616 9.982E-01
  4168.188 9.979E-01
  4168.760 9.976E-01
  4169.332 9.972E-01
  4169.904 9.969E-01
  4170.476 9.969E-01
  4171.048 9.972E-01
  4171.620 9.977E-01
  4172.192 9.981E-01
  4172.764 9.982E-01
  4173.336 9.984E-01
  4173.908 9.986E-01
  4174.480 9.990E-01
  4175.052 9.992E-01
  4175.624 9.992E-01
  4176.196 9.992E-01
  4176.768 9.993E-01
  4177.340 9.993E-01
  4177.912 9.993E-01
  4178.484 9.993E-01
  4179.056 9.993E-01
  4179.628 9.993E-01
  4180.200 9.992E-01
  4180.772 9.992E-01
  4181.344 9.990E-01
  4181.916 9.987E-01
  4182.488 9.985E-01
  4183.060 9.983E-01
  4183.632 9.980E-01
  4184.204 9.966E-01
  4184.776 9.941E-01
  4185.348 9.922E-01
  4185.920 9.910E-01
  4186.492 9.905E-01
  4187.064 9.904E-01
  4187.636 9.908E-01
  4188.208 9.915E-01
  4188.780 9.929E-01
  4189.352 9.948E-01
  4189.924 9.966E-01
  4190.496 9.965E-01
  4191.068 9.958E-01
  4191.640 9.949E-01
  4192.212 9.938E-01
  4192.784 9.923E-01
  4193.356 9.904E-01
  4193.928 9.879E-01
  4194.500 9.844E-01
  4195.072 9.796E-01
  4195.644 9.730E-01
  4196.216 9.639E-01
  4196.788 9.513E-01
  4197.360 9.349E-01
  4197.932 9.180E-01
  4198.504 9.037E-01
  4199.076 8.939E-01
  4199.648 8.896E-01
  4200.220 8.912E-01
  4200.792 8.985E-01
  4201.364 9.108E-01
  4201.936 9.269E-01
  4202.508 9.440E-01
  4203.080 9.585E-01
  4203.652 9.691E-01
  4204.224 9.768E-01
  4204.796 9.824E-01
  4205.368 9.865E-01
  4205.940 9.895E-01
  4206.512 9.916E-01
  4207.084 9.932E-01
  4207.656 9.944E-01
  4208.228 9.953E-01
  4208.800 9.960E-01
  4209.372 9.961E-01
  4209.944 9.938E-01
  4210.516 9.913E-01
  4211.088 9.896E-01
  4211.660 9.887E-01
  4212.232 9.884E-01
  4212.804 9.887E-01
  4213.376 9.896E-01
  4213.948 9.912E-01
  4214.520 9.937E-01
  4215.092 9.971E-01
  4215.664 9.990E-01
  4216.236 9.993E-01
  4216.808 9.995E-01
  4217.380 9.999E-01
  4217.952 1.000E+00
  4218.524 1.001E+00
  4219.096 1.001E+00
  4219.668 1.001E+00
  4220.240 1.001E+00
  4220.812 1.001E+00
  4221.384 1.001E+00
  4221.956 1.001E+00
  4222.528 1.000E+00
  4223.100 9.998E-01
  4223.672 9.997E-01
  4224.244 9.997E-01
  4224.816 9.997E-01
  4225.388 9.997E-01
  4225.960 9.997E-01
  4226.532 9.997E-01
  4227.104 9.997E-01
  4227.676 9.996E-01
  4228.248 9.997E-01
  4228.820 9.998E-01
  4229.392 1.000E+00
  4229.964 1.000E+00
  4230.536 1.000E+00
  4231.108 1.001E+00
  4231.680 1.001E+00
  4232.252 1.001E+00
  4232.824 1.001E+00
  4233.396 1.001E+00
  4233.968 1.000E+00
  4234.540 9.999E-01
  4235.112 9.998E-01
  4235.684 9.996E-01
  4236.256 9.995E-01
  4236.828 9.993E-01
  4237.400 9.992E-01
  4237.972 9.993E-01
  4238.544 9.994E-01
  4239.116 9.994E-01
  4239.688 9.994E-01
  4240.260 9.994E-01
  4240.832 9.994E-01
  4241.404 9.995E-01
  4241.976 9.996E-01
  4242.548 9.997E-01
  4243.120 9.997E-01
  4243.692 9.997E-01
  4244.264 9.997E-01
  4244.836 9.993E-01
  4245.408 9.989E-01
  4245.980 9.986E-01
  4246.552 9.984E-01
  4247.124 9.985E-01
  4247.696 9.988E-01
  4248.268 9.992E-01
  4248.840 9.996E-01
  4249.412 1.000E+00
  4249.984 1.001E+00
  4250.556 1.001E+00
  4251.128 1.002E+00
  4251.700 1.005E+00
  4252.272 1.006E+00
  4252.844 1.008E+00
  4253.416 1.008E+00
  4253.988 1.008E+00
  4254.560 1.007E+00
  4255.132 1.006E+00
  4255.704 1.005E+00
  4256.276 1.002E+00
  4256.848 9.996E-01
  4257.420 9.988E-01
  4257.992 9.988E-01
  4258.564 9.990E-01
  4259.136 9.992E-01
  4259.708 9.994E-01
  4260.280 9.995E-01
  4260.852 9.996E-01
  4261.424 9.996E-01
  4261.996 9.996E-01
  4262.568 9.996E-01
  4263.140 9.997E-01
  4263.712 9.997E-01
  4264.284 9.997E-01
  4264.856 9.997E-01
  4265.428 9.996E-01
  4266.000 9.996E-01
  4266.572 9.996E-01
  4267.144 9.996E-01
  4267.716 9.996E-01
  4268.288 9.996E-01
  4268.860 9.997E-01
  4269.432 9.997E-01
  4270.004 9.997E-01
  4270.576 9.997E-01
  4271.148 9.997E-01
  4271.720 9.997E-01
  4272.292 9.997E-01
  4272.864 9.996E-01
  4273.436 9.996E-01
  4274.008 9.996E-01
  4274.580 9.996E-01
  4275.152 9.995E-01
  4275.724 9.995E-01
  4276.296 9.994E-01
  4276.868 9.993E-01
  4277.440 9.992E-01
  4278.012 9.992E-01
  4278.584 9.993E-01
  4279.156 9.994E-01
  4279.728 9.995E-01
  4280.300 9.997E-01
  4280.872 9.999E-01
  4281.444 1.000E+00
  4282.016 1.000E+00
  4282.588 1.000E+00
  4283.160 1.000E+00
  4283.732 9.999E-01
  4284.304 9.998E-01
  4284.876 9.996E-01
  4285.448 9.995E-01
  4286.020 9.994E-01
  4286.592 9.994E-01
  4287.164 9.994E-01
  4287.736 9.992E-01
  4288.308 9.989E-01
  4288.880 9.986E-01
  4289.452 9.985E-01
  4290.024 9.984E-01
  4290.596 9.984E-01
  4291.168 9.985E-01
  4291.740 9.986E-01
  4292.312 9.988E-01
  4292.884 9.991E-01
  4293.456 9.994E-01
  4294.028 9.996E-01
  4294.600 9.998E-01
  4295.172 1.000E+00
  4295.744 1.000E+00
  4296.316 1.000E+00
  4296.888 1.001E+00
  4297.460 1.001E+00
  4298.032 1.001E+00
  4298.604 1.000E+00
  4299.176 1.000E+00
  4299.748 9.999E-01
  4300.320 9.998E-01
  4300.892 9.999E-01
  4301.464 1.000E+00
  4302.036 1.000E+00
  4302.608 1.000E+00
  4303.180 1.000E+00
  4303.752 1.000E+00
  4304.324 9.999E-01
  4304.896 9.997E-01
  4305.468 9.994E-01
  4306.040 9.991E-01
  4306.612 9.991E-01
  4307.184 9.990E-01
  4307.756 9.990E-01
  4308.328 9.989E-01
  4308.900 9.988E-01
  4309.472 9.987E-01
  4310.044 9.986E-01
  4310.616 9.985E-01
  4311.188 9.984E-01
  4311.760 9.981E-01
  4312.332 9.980E-01
  4312.904 9.978E-01
  4313.476 9.977E-01
  4314.048 9.976E-01
  4314.620 9.975E-01
  4315.192 9.973E-01
  4315.764 9.972E-01
  4316.336 9.971E-01
  4316.908 9.970E-01
  4317.480 9.967E-01
  4318.052 9.965E-01
  4318.624 9.962E-01
  4319.196 9.958E-01
  4319.768 9.956E-01
  4320.340 9.955E-01
  4320.912 9.953E-01
  4321.484 9.952E-01
  4322.056 9.951E-01
  4322.628 9.948E-01
  4323.200 9.941E-01
  4323.772 9.935E-01
  4324.344 9.930E-01
  4324.916 9.923E-01
  4325.488 9.913E-01
  4326.060 9.903E-01
  4326.632 9.894E-01
  4327.204 9.885E-01
  4327.776 9.877E-01
  4328.348 9.868E-01
  4328.920 9.855E-01
  4329.492 9.838E-01
  4330.064 9.818E-01
  4330.636 9.793E-01
  4331.208 9.762E-01
  4331.780 9.724E-01
  4332.352 9.678E-01
  4332.924 9.622E-01
  4333.496 9.552E-01
  4334.068 9.464E-01
  4334.640 9.353E-01
  4335.212 9.213E-01
  4335.784 9.032E-01
  4336.356 8.807E-01
  4336.928 8.528E-01
  4337.500 8.182E-01
  4338.072 7.793E-01
  4338.644 7.411E-01
  4339.216 7.106E-01
  4339.788 6.919E-01
  4340.360 6.865E-01
  4340.932 6.949E-01
  4341.504 7.158E-01
  4342.076 7.468E-01
  4342.648 7.854E-01
  4343.220 8.262E-01
  4343.792 8.629E-01
  4344.364 8.917E-01
  4344.936 9.126E-01
  4345.508 9.282E-01
  4346.080 9.402E-01
  4346.652 9.497E-01
  4347.224 9.573E-01
  4347.796 9.637E-01
  4348.368 9.686E-01
  4348.940 9.720E-01
  4349.512 9.748E-01
  4350.084 9.775E-01
  4350.656 9.799E-01
  4351.228 9.819E-01
  4351.800 9.837E-01
  4352.372 9.856E-01
  4352.944 9.873E-01
  4353.516 9.891E-01
  4354.088 9.908E-01
  4354.660 9.915E-01
  4355.232 9.918E-01
  4355.804 9.921E-01
  4356.376 9.925E-01
  4356.948 9.929E-01
  4357.520 9.934E-01
  4358.092 9.940E-01
  4358.664 9.947E-01
  4359.236 9.954E-01
  4359.808 9.963E-01
  4360.380 9.966E-01
  4360.952 9.968E-01
  4361.524 9.970E-01
  4362.096 9.972E-01
  4362.668 9.974E-01
  4363.240 9.976E-01
  4363.812 9.977E-01
  4364.384 9.977E-01
  4364.956 9.976E-01
  4365.528 9.977E-01
  4366.100 9.977E-01
  4366.672 9.977E-01
  4367.244 9.978E-01
  4367.816 9.980E-01
  4368.388 9.982E-01
  4368.960 9.984E-01
  4369.532 9.986E-01
  4370.104 9.986E-01
  4370.676 9.986E-01
  4371.248 9.986E-01
  4371.820 9.986E-01
  4372.392 9.986E-01
  4372.964 9.984E-01
  4373.536 9.982E-01
  4374.108 9.980E-01
  4374.680 9.980E-01
  4375.252 9.982E-01
  4375.824 9.987E-01
  4376.396 9.987E-01
  4376.968 9.977E-01
  4377.540 9.969E-01
  4378.112 9.964E-01
  4378.684 9.963E-01
  4379.256 9.961E-01
  4379.828 9.959E-01
  4380.400 9.953E-01
  4380.972 9.948E-01
  4381.544 9.950E-01
  4382.116 9.964E-01
  4382.688 9.968E-01
  4383.260 9.967E-01
  4383.832 9.964E-01
  4384.404 9.956E-01
  4384.976 9.926E-01
  4385.548 9.861E-01
  4386.120 9.797E-01
  4386.692 9.749E-01
  4387.264 9.718E-01
  4387.836 9.709E-01
  4388.408 9.720E-01
  4388.980 9.749E-01
  4389.552 9.803E-01
  4390.124 9.874E-01
  4390.696 9.954E-01
  4391.268 1.001E+00
  4391.840 1.003E+00
  4392.412 1.003E+00
  4392.984 1.003E+00
  4393.556 1.002E+00
  4394.128 1.001E+00
  4394.700 9.996E-01
  4395.272 9.989E-01
  4395.844 9.990E-01
  4396.416 9.992E-01
  4396.988 9.995E-01
  4397.560 9.996E-01
  4398.132 9.996E-01
  4398.704 9.996E-01
  4399.276 9.996E-01
  4399.848 9.995E-01
  4400.420 9.993E-01
  4400.992 9.989E-01
  4401.564 9.985E-01
  4402.136 9.983E-01
  4402.708 9.983E-01
  4403.280 9.983E-01
  4403.852 9.983E-01
  4404.424 9.983E-01
  4404.996 9.984E-01
  4405.568 9.986E-01
  4406.140 9.990E-01
  4406.712 1.000E+00
  4407.284 1.001E+00
  4407.856 1.002E+00
  4408.428 1.002E+00
  4409.000 1.002E+00
  4409.572 1.002E+00
  4410.144 1.002E+00
  4410.716 1.003E+00
  4411.288 1.002E+00
  4411.860 1.002E+00
  4412.432 1.002E+00
  4413.004 1.003E+00
  4413.576 1.003E+00
  4414.148 1.003E+00
  4414.720 1.003E+00
  4415.292 1.003E+00
  4415.864 1.003E+00
  4416.436 1.002E+00
  4417.008 1.002E+00
  4417.580 1.001E+00
  4418.152 1.001E+00
  4418.724 1.000E+00
  4419.296 1.000E+00
  4419.868 9.999E-01
  4420.440 9.998E-01
  4421.012 9.999E-01
  4421.584 1.000E+00
  4422.156 1.000E+00
  4422.728 1.000E+00
  4423.300 1.000E+00
  4423.872 1.000E+00
  4424.444 9.999E-01
  4425.016 9.999E-01
  4425.588 1.000E+00
  4426.160 1.001E+00
  4426.732 1.001E+00
  4427.304 1.001E+00
  4427.876 1.002E+00
  4428.448 1.002E+00
  4429.020 1.002E+00
  4429.592 1.002E+00
  4430.164 1.002E+00
  4430.736 1.001E+00
  4431.308 1.001E+00
  4431.880 1.000E+00
  4432.452 1.000E+00
  4433.024 1.000E+00
  4433.596 9.998E-01
  4434.168 9.993E-01
  4434.740 9.987E-01
  4435.312 9.978E-01
  4435.884 9.971E-01
  4436.456 9.967E-01
  4437.028 9.966E-01
  4437.600 9.965E-01
  4438.172 9.964E-01
  4438.744 9.961E-01
  4439.316 9.959E-01
  4439.888 9.961E-01
  4440.460 9.966E-01
  4441.032 9.968E-01
  4441.604 9.968E-01
  4442.176 9.970E-01
  4442.748 9.974E-01
  4443.320 9.982E-01
  4443.892 9.991E-01
  4444.464 1.000E+00
  4445.036 1.001E+00
  4445.608 1.001E+00
  4446.180 1.001E+00
  4446.752 1.001E+00
  4447.324 1.001E+00
  4447.896 1.001E+00
  4448.468 1.001E+00
  4449.040 1.001E+00
  4449.612 1.000E+00
  4450.184 9.997E-01
  4450.756 9.992E-01
  4451.328 9.989E-01
  4451.900 9.986E-01
  4452.472 9.986E-01
  4453.044 9.987E-01
  4453.616 9.988E-01
  4454.188 9.992E-01
  4454.760 9.996E-01
  4455.332 1.000E+00
  4455.904 1.000E+00
  4456.476 1.000E+00
  4457.048 1.000E+00
  4457.620 1.000E+00
  4458.192 1.000E+00
  4458.764 1.000E+00
  4459.336 1.000E+00
  4459.908 9.998E-01
  4460.480 9.996E-01
  4461.052 9.995E-01
  4461.624 9.994E-01
  4462.196 9.994E-01
  4462.768 9.999E-01
  4463.340 1.000E+00
  4463.912 1.001E+00
  4464.484 1.001E+00
  4465.056 1.001E+00
  4465.628 1.002E+00
  4466.200 1.001E+00
  4466.772 9.994E-01
  4467.344 9.958E-01
  4467.916 9.897E-01
  4468.488 9.753E-01
  4469.060 9.471E-01
  4469.632 9.204E-01
  4470.204 9.013E-01
  4470.776 8.897E-01
  4471.348 8.854E-01
  4471.920 8.882E-01
  4472.492 8.976E-01
  4473.064 9.137E-01
  4473.636 9.355E-01
  4474.208 9.632E-01
  4474.780 9.868E-01
  4475.352 9.953E-01
  4475.924 9.974E-01
  4476.496 9.982E-01
  4477.068 9.984E-01
  4477.640 9.981E-01
  4478.212 9.973E-01
  4478.784 9.954E-01
  4479.356 9.939E-01
  4479.928 9.930E-01
  4480.500 9.925E-01
  4481.072 9.925E-01
  4481.644 9.928E-01
  4482.216 9.937E-01
  4482.788 9.950E-01
  4483.360 9.965E-01
  4483.932 9.982E-01
  4484.504 9.996E-01
  4485.076 1.000E+00
  4485.648 1.001E+00
  4486.220 1.002E+00
  4486.792 1.002E+00
  4487.364 1.003E+00
  4487.936 1.003E+00
  4488.508 1.003E+00
  4489.080 1.003E+00
  4489.652 1.002E+00
  4490.224 1.002E+00
  4490.796 1.001E+00
  4491.368 1.000E+00
  4491.940 1.000E+00
  4492.512 9.999E-01
  4493.084 9.999E-01
  4493.656 1.000E+00
  4494.228 1.000E+00
  4494.800 1.000E+00
  4495.372 1.000E+00
  4495.944 1.000E+00
  4496.516 1.000E+00
  4497.088 1.000E+00
  4497.660 1.000E+00
  4498.232 1.000E+00
  4498.804 1.000E+00
  4499.376 1.000E+00
  4499.948 1.000E+00
  4500.520 1.000E+00
  4501.092 1.000E+00
  4501.664 1.000E+00
  4502.236 9.998E-01
  4502.808 9.997E-01
  4503.380 9.995E-01
  4503.952 9.992E-01
  4504.524 9.992E-01
  4505.096 9.992E-01
  4505.668 9.994E-01
  4506.240 9.994E-01
  4506.812 9.995E-01
  4507.384 9.995E-01
  4507.956 9.986E-01
  4508.528 9.961E-01
  4509.100 9.940E-01
  4509.672 9.924E-01
  4510.244 9.912E-01
  4510.816 9.906E-01
  4511.388 9.904E-01
  4511.960 9.896E-01
  4512.532 9.877E-01
  4513.104 9.870E-01
  4513.676 9.878E-01
  4514.248 9.886E-01
  4514.820 9.884E-01
  4515.392 9.880E-01
  4515.964 9.879E-01
  4516.536 9.887E-01
  4517.108 9.904E-01
  4517.680 9.932E-01
  4518.252 9.955E-01
  4518.824 9.963E-01
  4519.396 9.969E-01
  4519.968 9.978E-01
  4520.540 9.982E-01
  4521.112 9.980E-01
  4521.684 9.976E-01
  4522.256 9.970E-01
  4522.828 9.967E-01
  4523.400 9.964E-01
  4523.972 9.964E-01
  4524.544 9.965E-01
  4525.116 9.969E-01
  4525.688 9.975E-01
  4526.260 9.982E-01
  4526.832 9.986E-01
  4527.404 9.983E-01
  4527.976 9.979E-01
  4528.548 9.974E-01
  4529.120 9.970E-01
  4529.692 9.966E-01
  4530.264 9.962E-01
  4530.836 9.958E-01
  4531.408 9.955E-01
  4531.980 9.949E-01
  4532.552 9.945E-01
  4533.124 9.939E-01
  4533.696 9.930E-01
  4534.268 9.919E-01
  4534.840 9.902E-01
  4535.412 9.880E-01
  4535.984 9.848E-01
  4536.556 9.806E-01
  4537.128 9.744E-01
  4537.700 9.652E-01
  4538.272 9.507E-01
  4538.844 9.310E-01
  4539.416 9.095E-01
  4539.988 8.907E-01
  4540.560 8.768E-01
  4541.132 8.690E-01
  4541.704 8.677E-01
  4542.276 8.728E-01
  4542.848 8.842E-01
  4543.420 9.015E-01
  4543.992 9.228E-01
  4544.564 9.442E-01
  4545.136 9.610E-01
  4545.708 9.723E-01
  4546.280 9.799E-01
  4546.852 9.852E-01
  4547.424 9.889E-01
  4547.996 9.915E-01
  4548.568 9.930E-01
  4549.140 9.939E-01
  4549.712 9.945E-01
  4550.284 9.953E-01
  4550.856 9.959E-01
  4551.428 9.964E-01
  4552.000 9.967E-01
  4552.572 9.970E-01
  4553.144 9.973E-01
  4553.716 9.976E-01
  4554.288 9.979E-01
  4554.860 9.982E-01
  4555.432 9.985E-01
  4556.004 9.987E-01
  4556.576 9.989E-01
  4557.148 9.991E-01
  4557.720 9.992E-01
  4558.292 9.993E-01
  4558.864 9.994E-01
  4559.436 9.994E-01
  4560.008 9.995E-01
  4560.580 9.995E-01
  4561.152 9.996E-01
  4561.724 9.996E-01
  4562.296 9.996E-01
  4562.868 9.996E-01
  4563.440 9.996E-01
  4564.012 9.996E-01
  4564.584 9.996E-01
  4565.156 9.995E-01
  4565.728 9.993E-01
  4566.300 9.983E-01
  4566.872 9.962E-01
  4567.444 9.945E-01
  4568.016 9.934E-01
  4568.588 9.928E-01
  4569.160 9.926E-01
  4569.732 9.927E-01
  4570.304 9.933E-01
  4570.876 9.943E-01
  4571.448 9.957E-01
  4572.020 9.978E-01
  4572.592 9.995E-01
  4573.164 9.999E-01
  4573.736 9.999E-01
  4574.308 9.999E-01
  4574.880 9.999E-01
  4575.452 1.000E+00
  4576.024 9.999E-01
  4576.596 9.999E-01
  4577.168 9.999E-01
  4577.740 9.998E-01
  4578.312 9.998E-01
  4578.884 9.998E-01
  4579.456 9.999E-01
  4580.028 9.999E-01
  4580.600 9.999E-01
  4581.172 1.000E+00
  4581.744 1.000E+00
  4582.316 1.000E+00
  4582.888 1.000E+00
  4583.460 1.000E+00
  4584.032 9.999E-01
  4584.604 9.997E-01
  4585.176 9.990E-01
  4585.748 9.984E-01
  4586.320 9.980E-01
  4586.892 9.978E-01
  4587.464 9.976E-01
  4588.036 9.969E-01
  4588.608 9.956E-01
  4589.180 9.948E-01
  4589.752 9.943E-01
  4590.324 9.944E-01
  4590.896 9.948E-01
  4591.468 9.950E-01
  4592.040 9.953E-01
  4592.612 9.958E-01
  4593.184 9.963E-01
  4593.756 9.966E-01
  4594.328 9.970E-01
  4594.900 9.967E-01
  4595.472 9.963E-01
  4596.044 9.961E-01
  4596.616 9.960E-01
  4597.188 9.962E-01
  4597.760 9.966E-01
  4598.332 9.973E-01
  4598.904 9.982E-01
  4599.476 9.992E-01
