  3980.000 9.443E-01
  3981.287 9.566E-01
  3982.574 9.624E-01
  3983.861 9.680E-01
  3985.148 9.734E-01
  3986.435 9.778E-01
  3987.722 9.808E-01
  3989.009 9.829E-01
  3990.296 9.834E-01
  3991.583 9.840E-01
  3992.870 9.845E-01
  3994.157 9.849E-01
  3995.444 9.857E-01
  3996.731 9.866E-01
  3998.018 9.872E-01
  3999.305 9.874E-01
  4000.592 9.875E-01
  4001.879 9.863E-01
  4003.166 9.807E-01
  4004.453 9.676E-01
  4005.740 9.563E-01
  4007.027 9.489E-01
  4008.314 9.454E-01
  4009.601 9.453E-01
  4010.888 9.482E-01
  4012.175 9.545E-01
  4013.462 9.642E-01
  4014.749 9.770E-01
  4016.036 9.864E-01
  4017.323 9.875E-01
  4018.610 9.836E-01
  4019.897 9.721E-01
  4021.184 9.464E-01
  4022.471 9.226E-01
  4023.758 9.048E-01
  4025.045 8.951E-01
  4026.332 8.929E-01
  4027.619 8.981E-01
  4028.906 9.109E-01
  4030.193 9.309E-01
  4031.480 9.559E-01
  4032.767 9.787E-01
  4034.054 9.874E-01
  4035.341 9.911E-01
  4036.628 9.923E-01
  4037.915 9.930E-01
  4039.202 9.935E-01
  4040.489 9.939E-01
  4041.776 9.945E-01
  4043.063 9.948E-01
  4044.350 9.951E-01
  4045.637 9.955E-01
  4046.924 9.960E-01
  4048.211 9.964E-01
  4049.498 9.968E-01
  4050.785 9.969E-01
  4052.072 9.968E-01
  4053.359 9.968E-01
  4054.646 9.967E-01
  4055.933 9.965E-01
  4057.220 9.963E-01
  4058.507 9.962E-01
  4059.794 9.961E-01
  4061.081 9.956E-01
  4062.368 9.945E-01
  4063.655 9.937E-01
  4064.942 9.925E-01
  4066.229 9.915E-01
  4067.516 9.903E-01
  4068.803 9.881E-01
  4070.090 9.828E-01
  4071.377 9.772E-01
  4072.664 9.732E-01
  4073.951 9.709E-01
  4075.238 9.697E-01
  4076.525 9.699E-01
  4077.812 9.711E-01
  4079.099 9.736E-01
  4080.386 9.773E-01
  4081.673 9.810E-01
  4082.960 9.816E-01
  4084.247 9.793E-01
  4085.534 9.755E-01
  4086.821 9.703E-01
  4088.108 9.634E-01
  4089.395 9.540E-01
  4090.682 9.410E-01
  4091.969 9.225E-01
  4093.256 8.962E-01
  4094.543 8.593E-01
  4095.830 8.085E-01
  4097.117 7.485E-01
  4098.404 6.938E-01
  4099.691 6.528E-01
  4100.978 6.303E-01
  4102.265 6.287E-01
  4103.552 6.480E-01
  4104.839 6.863E-01
  4106.126 7.391E-01
  4107.413 7.987E-01
  4108.700 8.523E-01
  4109.987 8.915E-01
  4111.274 9.195E-01
  4112.561 9.393E-01
  4113.848 9.527E-01
  4115.135 9.582E-01
  4116.422 9.597E-01
  4117.709 9.611E-01
  4118.996 9.628E-01
  4120.283 9.648E-01
  4121.570 9.672E-01
  4122.857 9.678E-01
  4124.144 9.699E-01
  4125.431 9.716E-01
  4126.718 9.752E-01
  4128.005 9.769E-01
  4129.292 9.766E-01
  4130.579 9.772E-01
  4131.866 9.789E-01
  4133.153 9.819E-01
  4134.440 9.863E-01
  4135.727 9.884E-01
  4137.014 9.891E-01
  4138.301 9.790E-01
  4139.588 9.672E-01
  4140.875 9.582E-01
  4142.162 9.523E-01
  4143.449 9.499E-01
  4144.736 9.504E-01
  4146.023 9.541E-01
  4147.310 9.608E-01
  4148.597 9.710E-01
  4149.884 9.843E-01
  4151.171 9.908E-01
  4152.458 9.928E-01
  4153.745 9.940E-01
  4155.032 9.947E-01
  4156.319 9.956E-01
  4157.606 9.947E-01
  4158.893 9.946E-01
  4160.180 9.944E-01
  4161.467 9.938E-01
  4162.754 9.928E-01
  4164.041 9.898E-01
  4165.328 9.881E-01
  4166.615 9.874E-01
  4167.902 9.876E-01
  4169.189 9.881E-01
  4170.476 9.881E-01
  4171.763 9.888E-01
  4173.050 9.900E-01
  4174.337 9.921E-01
  4175.624 9.947E-01
  4176.911 9.951E-01
  4178.198 9.957E-01
  4179.485 9.965E-01
  4180.772 9.974E-01
  4182.059 9.976E-01
  4183.346 9.977E-01
  4184.633 9.972E-01
  4185.920 9.971E-01
  4187.207 9.971E-01
  4188.494 9.969E-01
  4189.781 9.969E-01
  4191.068 9.971E-01
  4192.355 9.976E-01
  4193.642 9.981E-01
  4194.929 9.985E-01
  4196.216 9.991E-01
  4197.503 9.989E-01
  4198.790 9.989E-01
  4200.077 9.989E-01
  4201.364 9.989E-01
  4202.651 9.988E-01
  4203.938 9.988E-01
  4205.225 9.989E-01
  4206.512 9.991E-01
  4207.799 9.992E-01
  4209.086 9.992E-01
  4210.373 9.992E-01
  4211.660 9.989E-01
  4212.947 9.987E-01
  4214.234 9.985E-01
  4215.521 9.984E-01
  4216.808 9.982E-01
  4218.095 9.981E-01
  4219.382 9.980E-01
  4220.669 9.981E-01
  4221.956 9.982E-01
  4223.243 9.983E-01
  4224.530 9.984E-01
  4225.817 9.979E-01
  4227.104 9.975E-01
  4228.391 9.972E-01
  4229.678 9.969E-01
  4230.965 9.967E-01
  4232.252 9.965E-01
  4233.539 9.965E-01
  4234.826 9.967E-01
  4236.113 9.967E-01
  4237.400 9.967E-01
  4238.687 9.966E-01
  4239.974 9.968E-01
  4241.261 9.966E-01
  4242.548 9.967E-01
  4243.835 9.969E-01
  4245.122 9.970E-01
  4246.409 9.973E-01
  4247.696 9.974E-01
  4248.983 9.975E-01
  4250.270 9.973E-01
  4251.557 9.970E-01
  4252.844 9.968E-01
  4254.131 9.966E-01
  4255.418 9.966E-01
  4256.705 9.968E-01
  4257.992 9.970E-01
  4259.279 9.975E-01
  4260.566 9.974E-01
  4261.853 9.914E-01
  4263.140 9.872E-01
  4264.427 9.842E-01
  4265.714 9.824E-01
  4267.001 9.816E-01
  4268.288 9.819E-01
  4269.575 9.831E-01
  4270.862 9.855E-01
  4272.149 9.891E-01
  4273.436 9.948E-01
  4274.723 9.966E-01
  4276.010 9.969E-01
  4277.297 9.966E-01
  4278.584 9.964E-01
  4279.871 9.960E-01
  4281.158 9.959E-01
  4282.445 9.961E-01
  4283.732 9.963E-01
  4285.019 9.966E-01
  4286.306 9.966E-01
  4287.593 9.967E-01
  4288.880 9.960E-01
  4290.167 9.956E-01
  4291.454 9.952E-01
  4292.741 9.949E-01
  4294.028 9.947E-01
  4295.315 9.947E-01
  4296.602 9.948E-01
  4297.889 9.949E-01
  4299.176 9.951E-01
  4300.463 9.956E-01
  4301.750 9.958E-01
  4303.037 9.956E-01
  4304.324 9.952E-01
  4305.611 9.949E-01
  4306.898 9.946E-01
  4308.185 9.943E-01
  4309.472 9.941E-01
  4310.759 9.936E-01
  4312.046 9.928E-01
  4313.333 9.915E-01
  4314.620 9.901E-01
  4315.907 9.888E-01
  4317.194 9.875E-01
  4318.481 9.861E-01
  4319.768 9.844E-01
  4321.055 9.824E-01
  4322.342 9.799E-01
  4323.629 9.768E-01
  4324.916 9.724E-01
  4326.203 9.663E-01
  4327.490 9.577E-01
  4328.777 9.461E-01
  4330.064 9.303E-01
  4331.351 9.082E-01
  4332.638 8.776E-01
  4333.925 8.354E-01
  4335.212 7.817E-01
  4336.499 7.303E-01
  4337.786 6.887E-01
  4339.073 6.616E-01
  4340.360 6.516E-01
  4341.647 6.592E-01
  4342.934 6.837E-01
  4344.221 7.231E-01
  4345.508 7.732E-01
  4346.795 8.267E-01
  4348.082 8.711E-01
  4349.369 9.033E-01
  4350.656 9.265E-01
  4351.943 9.433E-01
  4353.230 9.556E-01
  4354.517 9.649E-01
  4355.804 9.717E-01
  4357.091 9.770E-01
  4358.378 9.811E-01
  4359.665 9.841E-01
  4360.952 9.860E-01
  4362.239 9.874E-01
  4363.526 9.884E-01
  4364.813 9.892E-01
  4366.100 9.895E-01
  4367.387 9.896E-01
  4368.674 9.897E-01
  4369.961 9.899E-01
  4371.248 9.902E-01
  4372.535 9.908E-01
  4373.822 9.915E-01
  4375.109 9.923E-01
  4376.396 9.931E-01
  4377.683 9.939E-01
  4378.970 9.942E-01
  4380.257 9.924E-01
  4381.544 9.847E-01
  4382.831 9.699E-01
  4384.118 9.582E-01
  4385.405 9.496E-01
  4386.692 9.446E-01
  4387.979 9.429E-01
  4389.266 9.446E-01
  4390.553 9.495E-01
  4391.840 9.582E-01
  4393.127 9.704E-01
  4394.414 9.855E-01
  4395.701 9.931E-01
  4396.988 9.956E-01
  4398.275 9.966E-01
  4399.562 9.971E-01
  4400.849 9.976E-01
  4402.136 9.981E-01
  4403.423 9.982E-01
  4404.710 9.980E-01
  4405.997 9.975E-01
  4407.284 9.972E-01
  4408.571 9.968E-01
  4409.858 9.963E-01
  4411.145 9.956E-01
  4412.432 9.951E-01
  4413.719 9.946E-01
  4415.006 9.945E-01
  4416.293 9.947E-01
  4417.580 9.953E-01
  4418.867 9.958E-01
  4420.154 9.962E-01
  4421.441 9.968E-01
  4422.728 9.972E-01
  4424.015 9.976E-01
  4425.302 9.976E-01
  4426.589 9.975E-01
  4427.876 9.970E-01
  4429.163 9.966E-01
  4430.450 9.959E-01
  4431.737 9.928E-01
  4433.024 9.902E-01
  4434.311 9.886E-01
  4435.598 9.877E-01
  4436.885 9.875E-01
  4438.172 9.879E-01
  4439.459 9.889E-01
  4440.746 9.902E-01
  4442.033 9.918E-01
  4443.320 9.944E-01
  4444.607 9.973E-01
  4445.894 9.975E-01
  4447.181 9.974E-01
  4448.468 9.975E-01
  4449.755 9.976E-01
  4451.042 9.976E-01
  4452.329 9.978E-01
  4453.616 9.981E-01
  4454.903 9.982E-01
  4456.190 9.981E-01
  4457.477 9.977E-01
  4458.764 9.971E-01
  4460.051 9.964E-01
  4461.338 9.951E-01
  4462.625 9.924E-01
  4463.912 9.854E-01
  4465.199 9.696E-01
  4466.486 9.481E-01
  4467.773 9.318E-01
  4469.060 9.210E-01
  4470.347 9.155E-01
  4471.634 9.148E-01
  4472.921 9.190E-01
  4474.208 9.274E-01
  4475.495 9.343E-01
  4476.782 9.477E-01
  4478.069 9.641E-01
  4479.356 9.727E-01
  4480.643 9.747E-01
  4481.930 9.759E-01
  4483.217 9.777E-01
  4484.504 9.806E-01
  4485.791 9.847E-01
  4487.078 9.907E-01
  4488.365 9.976E-01
  4489.652 9.983E-01
  4490.939 9.985E-01
  4492.226 9.986E-01
  4493.513 9.988E-01
  4494.800 9.989E-01
  4496.087 9.990E-01
  4497.374 9.990E-01
  4498.661 9.991E-01
  4499.948 9.992E-01
  4501.235 9.992E-01
  4502.522 9.990E-01
  4503.809 9.989E-01
  4505.096 9.988E-01
  4506.383 9.985E-01
  4507.670 9.981E-01
  4508.957 9.978E-01
  4510.244 9.976E-01
  4511.531 9.975E-01
  4512.818 9.976E-01
  4514.105 9.978E-01
  4515.392 9.981E-01
  4516.679 9.980E-01
  4517.966 9.978E-01
  4519.253 9.965E-01
  4520.540 9.955E-01
  4521.827 9.948E-01
  4523.114 9.938E-01
  4524.401 9.930E-01
  4525.688 9.926E-01
  4526.975 9.928E-01
  4528.262 9.932E-01
  4529.549 9.942E-01
  4530.836 9.954E-01
  4532.123 9.969E-01
  4533.410 9.974E-01
  4534.697 9.980E-01
  4535.984 9.989E-01
  4537.271 9.992E-01
  4538.558 9.993E-01
  4539.845 9.994E-01
  4541.132 9.996E-01
  4542.419 9.996E-01
  4543.706 9.989E-01
  4544.993 9.983E-01
  4546.280 9.968E-01
  4547.567 9.951E-01
  4548.854 9.939E-01
  4550.141 9.930E-01
  4551.428 9.926E-01
  4552.715 9.924E-01
  4554.002 9.927E-01
  4555.289 9.936E-01
  4556.576 9.950E-01
  4557.863 9.962E-01
  4559.150 9.979E-01
  4560.437 9.987E-01
  4561.724 9.983E-01
  4563.011 9.978E-01
  4564.298 9.974E-01
  4565.585 9.972E-01
  4566.872 9.969E-01
  4568.159 9.967E-01
  4569.446 9.963E-01
  4570.733 9.962E-01
  4572.020 9.964E-01
  4573.307 9.969E-01
  4574.594 9.978E-01
  4575.881 9.981E-01
  4577.168 9.981E-01
  4578.455 9.980E-01
  4579.742 9.981E-01
  4581.029 9.984E-01
  4582.316 9.984E-01
  4583.603 9.981E-01
  4584.890 9.978E-01
  4586.177 9.976E-01
  4587.464 9.975E-01
  4588.751 9.976E-01
  4590.038 9.976E-01
  4591.325 9.978E-01
  4592.612 9.978E-01
  4593.899 9.981E-01
  4595.186 9.985E-01
  4596.473 9.988E-01
  4597.760 9.991E-01
  4599.047 9.993E-01
