  3980.000 8.443E-01
  3980.200 8.496E-01
  3980.400 8.532E-01
  3980.601 8.570E-01
  3980.801 8.609E-01
  3981.001 8.649E-01
  3981.201 8.689E-01
  3981.401 8.728E-01
  3981.602 8.765E-01
  3981.802 8.799E-01
  3982.002 8.832E-01
  3982.202 8.864E-01
  3982.402 8.895E-01
  3982.603 8.925E-01
  3982.803 8.954E-01
  3983.003 8.983E-01
  3983.203 9.010E-01
  3983.403 9.038E-01
  3983.604 9.064E-01
  3983.804 9.089E-01
  3984.004 9.114E-01
  3984.204 9.137E-01
  3984.404 9.160E-01
  3984.605 9.182E-01
  3984.805 9.203E-01
  3985.005 9.224E-01
  3985.205 9.243E-01
  3985.405 9.262E-01
  3985.606 9.280E-01
  3985.806 9.298E-01
  3986.006 9.315E-01
  3986.206 9.331E-01
  3986.406 9.347E-01
  3986.607 9.363E-01
  3986.807 9.378E-01
  3987.007 9.393E-01
  3987.207 9.407E-01
  3987.407 9.421E-01
  3987.608 9.434E-01
  3987.808 9.447E-01
  3988.008 9.459E-01
  3988.208 9.471E-01
  3988.408 9.483E-01
  3988.609 9.494E-01
  3988.809 9.505E-01
  3989.009 9.515E-01
  3989.209 9.526E-01
  3989.409 9.535E-01
  3989.610 9.545E-01
  3989.810 9.553E-01
  3990.010 9.559E-01
  3990.210 9.564E-01
  3990.410 9.568E-01
  3990.611 9.572E-01
  3990.811 9.572E-01
  3991.011 9.566E-01
  3991.211 9.559E-01
  3991.411 9.554E-01
  3991.612 9.555E-01
  3991.812 9.562E-01
  3992.012 9.572E-01
  3992.212 9.586E-01
  3992.412 9.602E-01
  3992.613 9.619E-01
  3992.813 9.632E-01
  3993.013 9.641E-01
  3993.213 9.647E-01
  3993.413 9.652E-01
  3993.614 9.657E-01
  3993.814 9.662E-01
  3994.014 9.663E-01
  3994.214 9.657E-01
  3994.414 9.650E-01
  3994.615 9.645E-01
  3994.815 9.643E-01
  3995.015 9.645E-01
  3995.215 9.653E-01
  3995.415 9.665E-01
  3995.616 9.684E-01
  3995.816 9.706E-01
  3996.016 9.726E-01
  3996.216 9.737E-01
  3996.416 9.742E-01
  3996.617 9.745E-01
  3996.817 9.746E-01
  3997.017 9.743E-01
  3997.217 9.736E-01
  3997.417 9.729E-01
  3997.618 9.724E-01
  3997.818 9.719E-01
  3998.018 9.714E-01
  3998.218 9.711E-01
  3998.418 9.714E-01
  3998.619 9.723E-01
  3998.819 9.734E-01
  3999.019 9.744E-01
  3999.219 9.753E-01
  3999.419 9.761E-01
  3999.620 9.770E-01
  3999.820 9.778E-01
  4000.020 9.781E-01
  4000.220 9.783E-01
  4000.420 9.784E-01
  4000.621 9.785E-01
  4000.821 9.785E-01
  4001.021 9.785E-01
  4001.221 9.784E-01
  4001.421 9.780E-01
  4001.622 9.771E-01
  4001.822 9.753E-01
  4002.022 9.736E-01
  4002.222 9.722E-01
  4002.422 9.714E-01
  4002.623 9.710E-01
  4002.823 9.710E-01
  4003.023 9.714E-01
  4003.223 9.723E-01
  4003.423 9.733E-01
  4003.624 9.742E-01
  4003.824 9.744E-01
  4004.024 9.742E-01
  4004.224 9.736E-01
  4004.424 9.729E-01
  4004.625 9.723E-01
  4004.825 9.717E-01
  4005.025 9.710E-01
  4005.225 9.703E-01
  4005.425 9.695E-01
  4005.626 9.688E-01
  4005.826 9.681E-01
  4006.026 9.672E-01
  4006.226 9.659E-01
  4006.426 9.643E-01
  4006.627 9.623E-01
  4006.827 9.600E-01
  4007.027 9.572E-01
  4007.227 9.540E-01
  4007.427 9.505E-01
  4007.628 9.466E-01
  4007.828 9.422E-01
  4008.028 9.373E-01
  4008.228 9.320E-01
  4008.428 9.265E-01
  4008.629 9.212E-01
  4008.829 9.168E-01
  4009.029 9.138E-01
  4009.229 9.125E-01
  4009.429 9.132E-01
  4009.630 9.158E-01
  4009.830 9.201E-01
  4010.030 9.254E-01
  4010.230 9.313E-01
  4010.430 9.370E-01
  4010.631 9.422E-01
  4010.831 9.469E-01
  4011.031 9.510E-01
  4011.231 9.546E-01
  4011.431 9.577E-01
  4011.632 9.602E-01
  4011.832 9.625E-01
  4012.032 9.644E-01
  4012.232 9.661E-01
  4012.432 9.677E-01
  4012.633 9.692E-01
  4012.833 9.706E-01
  4013.033 9.719E-01
  4013.233 9.732E-01
  4013.433 9.743E-01
  4013.634 9.753E-01
  4013.834 9.760E-01
  4014.034 9.767E-01
  4014.234 9.772E-01
  4014.434 9.776E-01
  4014.635 9.777E-01
  4014.835 9.776E-01
  4015.035 9.775E-01
  4015.235 9.774E-01
  4015.435 9.770E-01
  4015.636 9.768E-01
  4015.836 9.768E-01
  4016.036 9.771E-01
  4016.236 9.775E-01
  4016.436 9.781E-01
  4016.637 9.785E-01
  4016.837 9.789E-01
  4017.037 9.793E-01
  4017.237 9.796E-01
  4017.437 9.796E-01
  4017.638 9.795E-01
  4017.838 9.793E-01
  4018.038 9.791E-01
  4018.238 9.789E-01
  4018.438 9.785E-01
  4018.639 9.781E-01
  4018.839 9.776E-01
  4019.039 9.770E-01
  4019.239 9.764E-01
  4019.439 9.758E-01
  4019.640 9.750E-01
  4019.840 9.742E-01
  4020.040 9.734E-01
  4020.240 9.724E-01
  4020.440 9.713E-01
  4020.641 9.701E-01
  4020.841 9.687E-01
  4021.041 9.670E-01
  4021.241 9.652E-01
  4021.441 9.630E-01
  4021.642 9.605E-01
  4021.842 9.578E-01
  4022.042 9.550E-01
  4022.242 9.518E-01
  4022.442 9.482E-01
  4022.643 9.437E-01
  4022.843 9.379E-01
  4023.043 9.305E-01
  4023.243 9.215E-01
  4023.443 9.113E-01
  4023.644 9.002E-01
  4023.844 8.885E-01
  4024.044 8.766E-01
  4024.244 8.647E-01
  4024.444 8.524E-01
  4024.645 8.389E-01
  4024.845 8.232E-01
  4025.045 8.047E-01
  4025.245 7.824E-01
  4025.445 7.564E-01
  4025.646 7.304E-01
  4025.846 7.089E-01
  4026.046 6.955E-01
  4026.246 6.920E-01
  4026.446 6.990E-01
  4026.647 7.153E-01
  4026.847 7.391E-01
  4027.047 7.685E-01
  4027.247 7.990E-01
  4027.447 8.259E-01
  4027.648 8.475E-01
  4027.848 8.648E-01
  4028.048 8.789E-01
  4028.248 8.912E-01
  4028.448 9.020E-01
  4028.649 9.117E-01
  4028.849 9.206E-01
  4029.049 9.289E-01
  4029.249 9.367E-01
  4029.449 9.437E-01
  4029.650 9.496E-01
  4029.850 9.543E-01
  4030.050 9.582E-01
  4030.250 9.614E-01
  4030.450 9.641E-01
  4030.651 9.664E-01
  4030.851 9.684E-01
  4031.051 9.702E-01
  4031.251 9.718E-01
  4031.451 9.732E-01
  4031.652 9.743E-01
  4031.852 9.751E-01
  4032.052 9.755E-01
  4032.252 9.758E-01
  4032.452 9.763E-01
  4032.653 9.769E-01
  4032.853 9.777E-01
  4033.053 9.787E-01
  4033.253 9.798E-01
  4033.453 9.811E-01
  4033.654 9.824E-01
  4033.854 9.835E-01
  4034.054 9.841E-01
  4034.254 9.842E-01
  4034.454 9.840E-01
  4034.655 9.838E-01
  4034.855 9.837E-01
  4035.055 9.838E-01
  4035.255 9.841E-01
  4035.455 9.845E-01
  4035.656 9.852E-01
  4035.856 9.861E-01
  4036.056 9.870E-01
  4036.256 9.878E-01
  4036.456 9.883E-01
  4036.657 9.887E-01
  4036.857 9.889E-01
  4037.057 9.890E-01
  4037.257 9.891E-01
  4037.457 9.891E-01
  4037.658 9.892E-01
  4037.858 9.893E-01
  4038.058 9.893E-01
  4038.258 9.893E-01
  4038.458 9.892E-01
  4038.659 9.892E-01
  4038.859 9.893E-01
  4039.059 9.894E-01
  4039.259 9.896E-01
  4039.459 9.898E-01
  4039.660 9.901E-01
  4039.860 9.904E-01
  4040.060 9.908E-01
  4040.260 9.908E-01
  4040.460 9.905E-01
  4040.661 9.901E-01
  4040.861 9.896E-01
  4041.061 9.894E-01
  4041.261 9.893E-01
  4041.461 9.894E-01
  4041.662 9.896E-01
  4041.862 9.900E-01
  4042.062 9.905E-01
  4042.262 9.910E-01
  4042.462 9.912E-01
  4042.663 9.910E-01
  4042.863 9.905E-01
  4043.063 9.901E-01
  4043.263 9.898E-01
  4043.463 9.896E-01
  4043.664 9.896E-01
  4043.864 9.896E-01
  4044.064 9.899E-01
  4044.264 9.903E-01
  4044.464 9.907E-01
  4044.665 9.911E-01
  4044.865 9.913E-01
  4045.065 9.915E-01
  4045.265 9.915E-01
  4045.465 9.917E-01
  4045.666 9.918E-01
  4045.866 9.918E-01
  4046.066 9.919E-01
  4046.266 9.919E-01
  4046.466 9.920E-01
  4046.667 9.921E-01
  4046.867 9.922E-01
  4047.067 9.923E-01
  4047.267 9.923E-01
  4047.467 9.923E-01
  4047.668 9.922E-01
  4047.868 9.921E-01
  4048.068 9.918E-01
  4048.268 9.915E-01
  4048.468 9.912E-01
  4048.669 9.910E-01
  4048.869 9.909E-01
  4049.069 9.909E-01
  4049.269 9.908E-01
  4049.469 9.908E-01
  4049.670 9.909E-01
  4049.870 9.911E-01
  4050.070 9.912E-01
  4050.270 9.912E-01
  4050.470 9.913E-01
  4050.671 9.914E-01
  4050.871 9.916E-01
  4051.071 9.917E-01
  4051.271 9.917E-01
  4051.471 9.917E-01
  4051.672 9.916E-01
  4051.872 9.916E-01
  4052.072 9.916E-01
  4052.272 9.916E-01
  4052.472 9.915E-01
  4052.673 9.915E-01
  4052.873 9.915E-01
  4053.073 9.915E-01
  4053.273 9.913E-01
  4053.473 9.913E-01
  4053.674 9.912E-01
  4053.874 9.912E-01
  4054.074 9.912E-01
  4054.274 9.912E-01
  4054.474 9.912E-01
  4054.675 9.913E-01
  4054.875 9.914E-01
  4055.075 9.914E-01
  4055.275 9.914E-01
  4055.475 9.914E-01
  4055.676 9.914E-01
  4055.876 9.912E-01
  4056.076 9.910E-01
  4056.276 9.907E-01
  4056.476 9.903E-01
  4056.677 9.899E-01
  4056.877 9.897E-01
  4057.077 9.895E-01
  4057.277 9.894E-01
  4057.477 9.895E-01
  4057.678 9.897E-01
  4057.878 9.900E-01
  4058.078 9.902E-01
  4058.278 9.903E-01
  4058.478 9.902E-01
  4058.679 9.901E-01
  4058.879 9.899E-01
  4059.079 9.898E-01
  4059.279 9.897E-01
  4059.479 9.896E-01
  4059.680 9.895E-01
  4059.880 9.894E-01
  4060.080 9.894E-01
  4060.280 9.893E-01
  4060.480 9.892E-01
  4060.681 9.891E-01
  4060.881 9.889E-01
  4061.081 9.887E-01
  4061.281 9.885E-01
  4061.481 9.884E-01
  4061.682 9.884E-01
  4061.882 9.883E-01
  4062.082 9.883E-01
  4062.282 9.883E-01
  4062.482 9.883E-01
  4062.683 9.883E-01
  4062.883 9.883E-01
  4063.083 9.882E-01
  4063.283 9.881E-01
  4063.483 9.879E-01
  4063.684 9.879E-01
  4063.884 9.878E-01
  4064.084 9.877E-01
  4064.284 9.876E-01
  4064.484 9.875E-01
  4064.685 9.874E-01
  4064.885 9.873E-01
  4065.085 9.872E-01
  4065.285 9.870E-01
  4065.485 9.869E-01
  4065.686 9.866E-01
  4065.886 9.856E-01
  4066.086 9.830E-01
  4066.286 9.785E-01
  4066.486 9.742E-01
  4066.687 9.711E-01
  4066.887 9.693E-01
  4067.087 9.689E-01
  4067.287 9.697E-01
  4067.487 9.719E-01
  4067.688 9.753E-01
  4067.888 9.795E-01
  4068.088 9.829E-01
  4068.288 9.843E-01
  4068.488 9.844E-01
  4068.689 9.840E-01
  4068.889 9.832E-01
  4069.089 9.821E-01
  4069.289 9.811E-01
  4069.489 9.803E-01
  4069.690 9.798E-01
  4069.890 9.796E-01
  4070.090 9.795E-01
  4070.290 9.797E-01
  4070.490 9.801E-01
  4070.691 9.806E-01
  4070.891 9.808E-01
  4071.091 9.804E-01
  4071.291 9.795E-01
  4071.491 9.784E-01
  4071.692 9.775E-01
  4071.892 9.768E-01
  4072.092 9.763E-01
  4072.292 9.760E-01
  4072.492 9.760E-01
  4072.693 9.764E-01
  4072.893 9.769E-01
  4073.093 9.774E-01
  4073.293 9.771E-01
  4073.493 9.752E-01
  4073.694 9.710E-01
  4073.894 9.651E-01
  4074.094 9.584E-01
  4074.294 9.526E-01
  4074.494 9.480E-01
  4074.695 9.443E-01
  4074.895 9.411E-01
  4075.095 9.381E-01
  4075.295 9.368E-01
  4075.495 9.374E-01
  4075.696 9.387E-01
  4075.896 9.402E-01
  4076.096 9.419E-01
  4076.296 9.450E-01
  4076.496 9.495E-01
  4076.697 9.546E-01
  4076.897 9.589E-01
  4077.097 9.612E-01
  4077.297 9.622E-01
  4077.497 9.627E-01
  4077.698 9.629E-01
  4077.898 9.630E-01
  4078.098 9.630E-01
  4078.298 9.634E-01
  4078.498 9.641E-01
  4078.699 9.647E-01
  4078.899 9.649E-01
  4079.099 9.646E-01
  4079.299 9.640E-01
  4079.499 9.634E-01
  4079.700 9.628E-01
  4079.900 9.621E-01
  4080.100 9.614E-01
  4080.300 9.607E-01
  4080.500 9.599E-01
  4080.701 9.591E-01
  4080.901 9.583E-01
  4081.101 9.575E-01
  4081.301 9.566E-01
  4081.501 9.555E-01
  4081.702 9.544E-01
  4081.902 9.534E-01
  4082.102 9.523E-01
  4082.302 9.513E-01
  4082.502 9.503E-01
  4082.703 9.493E-01
  4082.903 9.483E-01
  4083.103 9.473E-01
  4083.303 9.463E-01
  4083.503 9.452E-01
  4083.704 9.439E-01
  4083.904 9.426E-01
  4084.104 9.412E-01
  4084.304 9.398E-01
  4084.504 9.383E-01
  4084.705 9.368E-01
  4084.905 9.353E-01
  4085.105 9.338E-01
  4085.305 9.322E-01
  4085.505 9.307E-01
  4085.706 9.290E-01
  4085.906 9.274E-01
  4086.106 9.257E-01
  4086.306 9.239E-01
  4086.506 9.219E-01
  4086.707 9.199E-01
  4086.907 9.179E-01
  4087.107 9.158E-01
  4087.307 9.136E-01
  4087.507 9.114E-01
  4087.708 9.091E-01
  4087.908 9.068E-01
  4088.108 9.044E-01
  4088.308 9.018E-01
  4088.508 8.992E-01
  4088.709 8.964E-01
  4088.909 8.936E-01
  4089.109 8.907E-01
  4089.309 8.877E-01
  4089.509 8.846E-01
  4089.710 8.814E-01
  4089.910 8.782E-01
  4090.110 8.749E-01
  4090.310 8.714E-01
  4090.510 8.678E-01
  4090.711 8.640E-01
  4090.911 8.601E-01
  4091.111 8.561E-01
  4091.311 8.519E-01
  4091.511 8.476E-01
  4091.712 8.432E-01
  4091.912 8.386E-01
  4092.112 8.339E-01
  4092.312 8.290E-01
  4092.512 8.239E-01
  4092.713 8.187E-01
  4092.913 8.133E-01
  4093.113 8.077E-01
  4093.313 8.020E-01
  4093.513 7.961E-01
  4093.714 7.900E-01
  4093.914 7.837E-01
  4094.114 7.772E-01
  4094.314 7.706E-01
  4094.514 7.637E-01
  4094.715 7.566E-01
  4094.915 7.492E-01
  4095.115 7.417E-01
  4095.315 7.339E-01
  4095.515 7.260E-01
  4095.716 7.177E-01
  4095.916 7.093E-01
  4096.116 7.006E-01
  4096.316 6.917E-01
  4096.516 6.826E-01
  4096.717 6.732E-01
  4096.917 6.636E-01
  4097.117 6.538E-01
  4097.317 6.437E-01
  4097.517 6.334E-01
  4097.718 6.228E-01
  4097.918 6.121E-01
  4098.118 6.011E-01
  4098.318 5.898E-01
  4098.518 5.784E-01
  4098.719 5.667E-01
  4098.919 5.549E-01
  4099.119 5.428E-01
  4099.319 5.306E-01
  4099.519 5.181E-01
  4099.720 5.054E-01
  4099.920 4.926E-01
  4100.120 4.794E-01
  4100.320 4.658E-01
  4100.520 4.513E-01
  4100.721 4.356E-01
  4100.921 4.190E-01
  4101.121 4.034E-01
  4101.321 3.909E-01
  4101.521 3.829E-01
  4101.722 3.800E-01
  4101.922 3.823E-01
  4102.122 3.898E-01
  4102.322 4.019E-01
  4102.522 4.173E-01
  4102.723 4.339E-01
  4102.923 4.499E-01
  4103.123 4.645E-01
  4103.323 4.783E-01
  4103.523 4.916E-01
  4103.724 5.045E-01
  4103.924 5.173E-01
  4104.124 5.298E-01
  4104.324 5.422E-01
  4104.524 5.544E-01
  4104.725 5.663E-01
  4104.925 5.780E-01
  4105.125 5.896E-01
  4105.325 6.009E-01
  4105.525 6.120E-01
  4105.726 6.229E-01
  4105.926 6.335E-01
  4106.126 6.439E-01
  4106.326 6.541E-01
  4106.526 6.640E-01
  4106.727 6.737E-01
  4106.927 6.831E-01
  4107.127 6.923E-01
  4107.327 7.013E-01
  4107.527 7.100E-01
  4107.728 7.186E-01
  4107.928 7.268E-01
  4108.128 7.349E-01
  4108.328 7.427E-01
  4108.528 7.503E-01
  4108.729 7.576E-01
  4108.929 7.648E-01
  4109.129 7.717E-01
  4109.329 7.785E-01
  4109.529 7.850E-01
  4109.730 7.913E-01
  4109.930 7.974E-01
  4110.130 8.033E-01
  4110.330 8.089E-01
  4110.530 8.144E-01
  4110.731 8.197E-01
  4110.931 8.249E-01
  4111.131 8.299E-01
  4111.331 8.348E-01
  4111.531 8.396E-01
  4111.732 8.443E-01
  4111.932 8.489E-01
  4112.132 8.533E-01
  4112.332 8.575E-01
  4112.532 8.616E-01
  4112.733 8.655E-01
  4112.933 8.693E-01
  4113.133 8.730E-01
  4113.333 8.765E-01
  4113.533 8.800E-01
  4113.734 8.833E-01
  4113.934 8.865E-01
  4114.134 8.897E-01
  4114.334 8.927E-01
  4114.534 8.956E-01
  4114.735 8.984E-01
  4114.935 9.011E-01
  4115.135 9.037E-01
  4115.335 9.063E-01
  4115.535 9.087E-01
  4115.736 9.111E-01
  4115.936 9.134E-01
  4116.136 9.156E-01
  4116.336 9.177E-01
  4116.536 9.198E-01
  4116.737 9.218E-01
  4116.937 9.237E-01
  4117.137 9.256E-01
  4117.337 9.274E-01
  4117.537 9.291E-01
  4117.738 9.307E-01
  4117.938 9.322E-01
  4118.138 9.335E-01
  4118.338 9.347E-01
  4118.538 9.357E-01
  4118.739 9.365E-01
  4118.939 9.373E-01
  4119.139 9.378E-01
  4119.339 9.377E-01
  4119.539 9.356E-01
  4119.740 9.298E-01
  4119.940 9.186E-01
  4120.140 9.043E-01
  4120.340 8.909E-01
  4120.540 8.814E-01
  4120.741 8.769E-01
  4120.941 8.778E-01
  4121.141 8.841E-01
  4121.341 8.955E-01
  4121.541 9.111E-01
  4121.742 9.278E-01
  4121.942 9.413E-01
  4122.142 9.496E-01
  4122.342 9.540E-01
  4122.542 9.564E-01
  4122.743 9.581E-01
  4122.943 9.594E-01
  4123.143 9.606E-01
  4123.343 9.617E-01
  4123.543 9.628E-01
  4123.744 9.637E-01
  4123.944 9.646E-01
  4124.144 9.653E-01
  4124.344 9.660E-01
  4124.544 9.667E-01
  4124.745 9.674E-01
  4124.945 9.680E-01
  4125.145 9.687E-01
  4125.345 9.693E-01
  4125.545 9.699E-01
  4125.746 9.704E-01
  4125.946 9.710E-01
  4126.146 9.715E-01
  4126.346 9.719E-01
  4126.546 9.722E-01
  4126.747 9.716E-01
  4126.947 9.685E-01
  4127.147 9.609E-01
  4127.347 9.502E-01
  4127.547 9.408E-01
  4127.748 9.344E-01
  4127.948 9.315E-01
  4128.148 9.317E-01
  4128.348 9.352E-01
  4128.548 9.421E-01
  4128.749 9.521E-01
  4128.949 9.635E-01
  4129.149 9.723E-01
  4129.349 9.762E-01
  4129.549 9.767E-01
  4129.750 9.740E-01
  4129.950 9.660E-01
  4130.150 9.532E-01
  4130.350 9.411E-01
  4130.550 9.326E-01
  4130.751 9.281E-01
  4130.951 9.275E-01
  4131.151 9.308E-01
  4131.351 9.380E-01
  4131.551 9.491E-01
  4131.752 9.623E-01
  4131.952 9.731E-01
  4132.152 9.775E-01
  4132.352 9.783E-01
  4132.552 9.781E-01
  4132.753 9.779E-01
  4132.953 9.780E-01
  4133.153 9.785E-01
  4133.353 9.792E-01
  4133.553 9.803E-01
  4133.754 9.816E-01
  4133.954 9.828E-01
  4134.154 9.835E-01
  4134.354 9.838E-01
  4134.554 9.840E-01
  4134.755 9.841E-01
  4134.955 9.842E-01
  4135.155 9.844E-01
  4135.355 9.844E-01
  4135.555 9.845E-01
  4135.756 9.846E-01
  4135.956 9.846E-01
  4136.156 9.846E-01
  4136.356 9.845E-01
  4136.556 9.845E-01
  4136.757 9.844E-01
  4136.957 9.843E-01
  4137.157 9.842E-01
  4137.357 9.840E-01
  4137.557 9.839E-01
  4137.758 9.838E-01
  4137.958 9.836E-01
  4138.158 9.835E-01
  4138.358 9.833E-01
  4138.558 9.831E-01
  4138.759 9.828E-01
  4138.959 9.824E-01
  4139.159 9.820E-01
  4139.359 9.815E-01
  4139.559 9.808E-01
  4139.760 9.801E-01
  4139.960 9.792E-01
  4140.160 9.783E-01
  4140.360 9.771E-01
  4140.560 9.758E-01
  4140.761 9.741E-01
  4140.961 9.720E-01
  4141.161 9.692E-01
  4141.361 9.652E-01
  4141.561 9.603E-01
  4141.762 9.547E-01
  4141.962 9.483E-01
  4142.162 9.408E-01
  4142.362 9.315E-01
  4142.562 9.197E-01
  4142.763 9.051E-01
  4142.963 8.886E-01
  4143.163 8.725E-01
  4143.363 8.591E-01
  4143.563 8.503E-01
  4143.764 8.472E-01
  4143.964 8.502E-01
  4144.164 8.588E-01
  4144.364 8.721E-01
  4144.564 8.886E-01
  4144.765 9.056E-01
  4144.965 9.206E-01
  4145.165 9.328E-01
  4145.365 9.424E-01
  4145.565 9.503E-01
  4145.766 9.568E-01
  4145.966 9.618E-01
  4146.166 9.651E-01
  4146.366 9.674E-01
  4146.566 9.692E-01
  4146.767 9.710E-01
  4146.967 9.728E-01
  4147.167 9.747E-01
  4147.367 9.769E-01
  4147.567 9.792E-01
  4147.768 9.817E-01
  4147.968 9.838E-01
  4148.168 9.852E-01
  4148.368 9.861E-01
  4148.568 9.867E-01
  4148.769 9.872E-01
  4148.969 9.875E-01
  4149.169 9.876E-01
  4149.369 9.876E-01
  4149.569 9.876E-01
  4149.770 9.877E-01
  4149.970 9.878E-01
  4150.170 9.881E-01
  4150.370 9.884E-01
  4150.570 9.889E-01
  4150.771 9.896E-01
  4150.971 9.902E-01
  4151.171 9.908E-01
  4151.371 9.912E-01
  4151.571 9.915E-01
  4151.772 9.916E-01
  4151.972 9.910E-01
  4152.172 9.893E-01
  4152.372 9.869E-01
  4152.572 9.848E-01
  4152.773 9.833E-01
  4152.973 9.826E-01
  4153.173 9.826E-01
  4153.373 9.834E-01
  4153.573 9.850E-01
  4153.774 9.874E-01
  4153.974 9.901E-01
  4154.174 9.922E-01
  4154.374 9.933E-01
  4154.574 9.936E-01
  4154.775 9.938E-01
  4154.975 9.939E-01
  4155.175 9.939E-01
  4155.375 9.940E-01
  4155.575 9.941E-01
  4155.776 9.942E-01
  4155.976 9.942E-01
  4156.176 9.942E-01
  4156.376 9.943E-01
  4156.576 9.944E-01
  4156.777 9.945E-01
  4156.977 9.946E-01
  4157.177 9.947E-01
  4157.377 9.948E-01
  4157.577 9.949E-01
  4157.778 9.950E-01
  4157.978 9.951E-01
  4158.178 9.951E-01
  4158.378 9.952E-01
  4158.578 9.952E-01
  4158.779 9.953E-01
  4158.979 9.953E-01
  4159.179 9.953E-01
  4159.379 9.954E-01
  4159.579 9.954E-01
  4159.780 9.953E-01
  4159.980 9.953E-01
  4160.180 9.952E-01
  4160.380 9.952E-01
  4160.580 9.952E-01
  4160.781 9.953E-01
  4160.981 9.953E-01
  4161.181 9.953E-01
  4161.381 9.950E-01
  4161.581 9.934E-01
  4161.782 9.898E-01
  4161.982 9.853E-01
  4162.182 9.815E-01
  4162.382 9.790E-01
  4162.582 9.778E-01
  4162.783 9.778E-01
  4162.983 9.791E-01
  4163.183 9.818E-01
  4163.383 9.858E-01
  4163.583 9.903E-01
  4163.784 9.935E-01
  4163.984 9.946E-01
  4164.184 9.946E-01
  4164.384 9.942E-01
  4164.584 9.938E-01
  4164.785 9.936E-01
  4164.985 9.935E-01
  4165.185 9.936E-01
  4165.385 9.938E-01
  4165.585 9.942E-01
  4165.786 9.947E-01
  4165.986 9.952E-01
  4166.186 9.955E-01
  4166.386 9.955E-01
  4166.586 9.954E-01
  4166.787 9.951E-01
  4166.987 9.947E-01
  4167.187 9.941E-01
  4167.387 9.929E-01
  4167.587 9.908E-01
  4167.788 9.875E-01
  4167.988 9.829E-01
  4168.188 9.773E-01
  4168.388 9.718E-01
  4168.588 9.675E-01
  4168.789 9.652E-01
  4168.989 9.651E-01
  4169.189 9.670E-01
  4169.389 9.709E-01
  4169.589 9.760E-01
  4169.790 9.817E-01
  4169.990 9.869E-01
  4170.190 9.907E-01
  4170.390 9.930E-01
  4170.590 9.942E-01
  4170.791 9.948E-01
  4170.991 9.950E-01
  4171.191 9.950E-01
  4171.391 9.950E-01
  4171.591 9.951E-01
  4171.792 9.951E-01
  4171.992 9.953E-01
  4172.192 9.953E-01
  4172.392 9.950E-01
  4172.592 9.939E-01
  4172.793 9.925E-01
  4172.993 9.911E-01
  4173.193 9.896E-01
  4173.393 9.876E-01
  4173.593 9.858E-01
  4173.794 9.848E-01
  4173.994 9.848E-01
  4174.194 9.859E-01
  4174.394 9.877E-01
  4174.594 9.895E-01
  4174.795 9.913E-01
  4174.995 9.932E-01
  4175.195 9.950E-01
  4175.395 9.961E-01
  4175.595 9.964E-01
  4175.796 9.963E-01
  4175.996 9.963E-01
  4176.196 9.962E-01
  4176.396 9.963E-01
  4176.596 9.964E-01
  4176.797 9.966E-01
  4176.997 9.969E-01
  4177.197 9.971E-01
  4177.397 9.970E-01
  4177.597 9.967E-01
  4177.798 9.960E-01
  4177.998 9.950E-01
  4178.198 9.940E-01
  4178.398 9.932E-01
  4178.598 9.927E-01
  4178.799 9.925E-01
  4178.999 9.927E-01
  4179.199 9.932E-01
  4179.399 9.941E-01
  4179.599 9.951E-01
  4179.800 9.960E-01
  4180.000 9.962E-01
  4180.200 9.958E-01
  4180.400 9.952E-01
  4180.600 9.948E-01
  4180.801 9.945E-01
  4181.001 9.944E-01
  4181.201 9.946E-01
  4181.401 9.950E-01
  4181.601 9.956E-01
  4181.802 9.964E-01
  4182.002 9.972E-01
  4182.202 9.976E-01
  4182.402 9.978E-01
  4182.602 9.978E-01
  4182.803 9.978E-01
  4183.003 9.977E-01
  4183.203 9.977E-01
  4183.403 9.976E-01
  4183.603 9.975E-01
  4183.804 9.975E-01
  4184.004 9.974E-01
  4184.204 9.974E-01
  4184.404 9.974E-01
  4184.604 9.973E-01
  4184.805 9.972E-01
  4185.005 9.972E-01
  4185.205 9.971E-01
  4185.405 9.971E-01
  4185.605 9.972E-01
  4185.806 9.973E-01
  4186.006 9.973E-01
  4186.206 9.973E-01
  4186.406 9.972E-01
  4186.606 9.970E-01
  4186.807 9.968E-01
  4187.007 9.964E-01
  4187.207 9.962E-01
  4187.407 9.961E-01
  4187.607 9.962E-01
  4187.808 9.964E-01
  4188.008 9.967E-01
  4188.208 9.970E-01
  4188.408 9.970E-01
  4188.608 9.965E-01
  4188.809 9.950E-01
  4189.009 9.931E-01
  4189.209 9.915E-01
  4189.409 9.904E-01
  4189.609 9.900E-01
  4189.810 9.901E-01
  4190.010 9.909E-01
  4190.210 9.923E-01
  4190.410 9.942E-01
  4190.610 9.963E-01
  4190.811 9.977E-01
  4191.011 9.982E-01
  4191.211 9.983E-01
  4191.411 9.981E-01
  4191.611 9.980E-01
  4191.812 9.979E-01
  4192.012 9.978E-01
  4192.212 9.978E-01
  4192.412 9.976E-01
  4192.612 9.974E-01
  4192.813 9.970E-01
  4193.013 9.968E-01
  4193.213 9.966E-01
  4193.413 9.966E-01
  4193.613 9.966E-01
  4193.814 9.967E-01
  4194.014 9.970E-01
  4194.214 9.974E-01
  4194.414 9.978E-01
  4194.614 9.981E-01
  4194.815 9.982E-01
  4195.015 9.982E-01
  4195.215 9.982E-01
  4195.415 9.982E-01
  4195.615 9.982E-01
  4195.816 9.982E-01
  4196.016 9.982E-01
  4196.216 9.982E-01
  4196.416 9.982E-01
  4196.616 9.983E-01
  4196.817 9.983E-01
  4197.017 9.984E-01
  4197.217 9.984E-01
  4197.417 9.985E-01
  4197.617 9.985E-01
  4197.818 9.985E-01
  4198.018 9.985E-01
  4198.218 9.985E-01
  4198.418 9.984E-01
  4198.618 9.983E-01
  4198.819 9.981E-01
  4199.019 9.980E-01
  4199.219 9.978E-01
  4199.419 9.976E-01
  4199.619 9.973E-01
  4199.820 9.967E-01
  4200.020 9.959E-01
  4200.220 9.951E-01
  4200.420 9.946E-01
  4200.620 9.944E-01
  4200.821 9.944E-01
  4201.021 9.947E-01
  4201.221 9.952E-01
  4201.421 9.960E-01
  4201.621 9.968E-01
  4201.822 9.976E-01
  4202.022 9.980E-01
  4202.222 9.981E-01
  4202.422 9.982E-01
  4202.622 9.982E-01
  4202.823 9.982E-01
  4203.023 9.982E-01
  4203.223 9.982E-01
  4203.423 9.983E-01
  4203.623 9.983E-01
  4203.824 9.984E-01
  4204.024 9.984E-01
  4204.224 9.984E-01
  4204.424 9.984E-01
  4204.624 9.984E-01
  4204.825 9.983E-01
  4205.025 9.982E-01
  4205.225 9.982E-01
  4205.425 9.981E-01
  4205.625 9.981E-01
  4205.826 9.980E-01
  4206.026 9.981E-01
  4206.226 9.981E-01
  4206.426 9.982E-01
  4206.626 9.982E-01
  4206.827 9.982E-01
  4207.027 9.983E-01
  4207.227 9.983E-01
  4207.427 9.983E-01
  4207.627 9.984E-01
  4207.828 9.984E-01
  4208.028 9.984E-01
  4208.228 9.985E-01
  4208.428 9.985E-01
  4208.628 9.985E-01
  4208.829 9.985E-01
  4209.029 9.985E-01
  4209.229 9.985E-01
  4209.429 9.984E-01
  4209.629 9.984E-01
  4209.830 9.984E-01
  4210.030 9.984E-01
  4210.230 9.984E-01
  4210.430 9.984E-01
  4210.630 9.985E-01
  4210.831 9.985E-01
  4211.031 9.985E-01
  4211.231 9.986E-01
  4211.431 9.986E-01
  4211.631 9.986E-01
  4211.832 9.986E-01
  4212.032 9.986E-01
  4212.232 9.986E-01
  4212.432 9.985E-01
  4212.632 9.984E-01
  4212.833 9.983E-01
  4213.033 9.983E-01
  4213.233 9.982E-01
  4213.433 9.982E-01
  4213.633 9.982E-01
  4213.834 9.982E-01
  4214.034 9.982E-01
  4214.234 9.982E-01
  4214.434 9.982E-01
  4214.634 9.981E-01
  4214.835 9.979E-01
  4215.035 9.977E-01
  4215.235 9.976E-01
  4215.435 9.975E-01
  4215.635 9.976E-01
  4215.836 9.976E-01
  4216.036 9.975E-01
  4216.236 9.970E-01
  4216.436 9.963E-01
  4216.636 9.957E-01
  4216.837 9.953E-01
  4217.037 9.951E-01
  4217.237 9.951E-01
  4217.437 9.952E-01
  4217.637 9.957E-01
  4217.838 9.964E-01
  4218.038 9.972E-01
  4218.238 9.980E-01
  4218.438 9.983E-01
  4218.638 9.984E-01
  4218.839 9.985E-01
  4219.039 9.985E-01
  4219.239 9.985E-01
  4219.439 9.985E-01
  4219.639 9.985E-01
  4219.840 9.985E-01
  4220.040 9.986E-01
  4220.240 9.986E-01
  4220.440 9.986E-01
  4220.640 9.986E-01
  4220.841 9.986E-01
  4221.041 9.985E-01
  4221.241 9.983E-01
  4221.441 9.980E-01
  4221.641 9.978E-01
  4221.842 9.976E-01
  4222.042 9.974E-01
  4222.242 9.972E-01
  4222.442 9.971E-01
  4222.642 9.971E-01
  4222.843 9.972E-01
  4223.043 9.974E-01
  4223.243 9.977E-01
  4223.443 9.978E-01
  4223.643 9.978E-01
  4223.844 9.978E-01
  4224.044 9.978E-01
  4224.244 9.978E-01
  4224.444 9.977E-01
  4224.644 9.977E-01
  4224.845 9.978E-01
  4225.045 9.978E-01
  4225.245 9.980E-01
  4225.445 9.982E-01
  4225.645 9.983E-01
  4225.846 9.985E-01
  4226.046 9.985E-01
  4226.246 9.985E-01
  4226.446 9.984E-01
  4226.646 9.983E-01
  4226.847 9.981E-01
  4227.047 9.979E-01
  4227.247 9.977E-01
  4227.447 9.976E-01
  4227.647 9.976E-01
  4227.848 9.976E-01
  4228.048 9.977E-01
  4228.248 9.978E-01
  4228.448 9.981E-01
  4228.648 9.983E-01
  4228.849 9.985E-01
  4229.049 9.985E-01
  4229.249 9.986E-01
  4229.449 9.985E-01
  4229.649 9.983E-01
  4229.850 9.977E-01
  4230.050 9.966E-01
  4230.250 9.953E-01
  4230.450 9.942E-01
  4230.650 9.935E-01
  4230.851 9.932E-01
  4231.051 9.932E-01
  4231.251 9.937E-01
  4231.451 9.945E-01
  4231.651 9.956E-01
  4231.852 9.965E-01
  4232.052 9.965E-01
  4232.252 9.949E-01
  4232.452 9.924E-01
  4232.652 9.903E-01
  4232.853 9.888E-01
  4233.053 9.881E-01
  4233.253 9.882E-01
  4233.453 9.890E-01
  4233.653 9.905E-01
  4233.854 9.927E-01
  4234.054 9.952E-01
  4234.254 9.973E-01
  4234.454 9.982E-01
  4234.654 9.984E-01
  4234.855 9.985E-01
  4235.055 9.984E-01
  4235.255 9.984E-01
  4235.455 9.984E-01
  4235.655 9.983E-01
  4235.856 9.982E-01
  4236.056 9.979E-01
  4236.256 9.976E-01
  4236.456 9.972E-01
  4236.656 9.969E-01
  4236.857 9.967E-01
  4237.057 9.967E-01
  4237.257 9.967E-01
  4237.457 9.969E-01
  4237.657 9.972E-01
  4237.858 9.976E-01
  4238.058 9.979E-01
  4238.258 9.981E-01
  4238.458 9.982E-01
  4238.658 9.982E-01
  4238.859 9.983E-01
  4239.059 9.983E-01
  4239.259 9.983E-01
  4239.459 9.984E-01
  4239.659 9.984E-01
  4239.860 9.984E-01
  4240.060 9.984E-01
  4240.260 9.983E-01
  4240.460 9.982E-01
  4240.660 9.980E-01
  4240.861 9.976E-01
  4241.061 9.970E-01
  4241.261 9.961E-01
  4241.461 9.943E-01
  4241.661 9.922E-01
  4241.862 9.903E-01
  4242.062 9.891E-01
  4242.262 9.887E-01
  4242.462 9.889E-01
  4242.662 9.898E-01
  4242.863 9.912E-01
  4243.063 9.930E-01
  4243.263 9.951E-01
  4243.463 9.970E-01
  4243.663 9.979E-01
  4243.864 9.981E-01
  4244.064 9.981E-01
  4244.264 9.980E-01
  4244.464 9.979E-01
  4244.664 9.979E-01
  4244.865 9.979E-01
  4245.065 9.979E-01
  4245.265 9.979E-01
  4245.465 9.980E-01
  4245.665 9.980E-01
  4245.866 9.979E-01
  4246.066 9.976E-01
  4246.266 9.974E-01
  4246.466 9.973E-01
  4246.666 9.972E-01
  4246.867 9.972E-01
  4247.067 9.973E-01
  4247.267 9.975E-01
  4247.467 9.977E-01
  4247.667 9.979E-01
  4247.868 9.981E-01
  4248.068 9.982E-01
  4248.268 9.983E-01
  4248.468 9.982E-01
  4248.668 9.982E-01
  4248.869 9.979E-01
  4249.069 9.975E-01
  4249.269 9.971E-01
  4249.469 9.968E-01
  4249.669 9.966E-01
  4249.870 9.965E-01
  4250.070 9.965E-01
  4250.270 9.966E-01
  4250.470 9.969E-01
  4250.670 9.973E-01
  4250.871 9.976E-01
  4251.071 9.978E-01
  4251.271 9.979E-01
  4251.471 9.979E-01
  4251.671 9.978E-01
  4251.872 9.978E-01
  4252.072 9.977E-01
  4252.272 9.975E-01
  4252.472 9.972E-01
  4252.672 9.966E-01
  4252.873 9.959E-01
  4253.073 9.952E-01
  4253.273 9.947E-01
  4253.473 9.945E-01
  4253.673 9.945E-01
  4253.874 9.946E-01
  4254.074 9.949E-01
  4254.274 9.954E-01
  4254.474 9.961E-01
  4254.674 9.967E-01
  4254.875 9.971E-01
  4255.075 9.973E-01
  4255.275 9.975E-01
  4255.475 9.976E-01
  4255.675 9.977E-01
  4255.876 9.978E-01
  4256.076 9.978E-01
  4256.276 9.977E-01
  4256.476 9.974E-01
  4256.676 9.970E-01
  4256.877 9.966E-01
  4257.077 9.964E-01
  4257.277 9.961E-01
  4257.477 9.960E-01
  4257.677 9.959E-01
  4257.878 9.959E-01
  4258.078 9.959E-01
  4258.278 9.957E-01
  4258.478 9.954E-01
  4258.678 9.951E-01
  4258.879 9.949E-01
  4259.079 9.948E-01
  4259.279 9.950E-01
  4259.479 9.952E-01
  4259.679 9.957E-01
  4259.880 9.963E-01
  4260.080 9.969E-01
  4260.280 9.974E-01
  4260.480 9.976E-01
  4260.680 9.976E-01
  4260.881 9.975E-01
  4261.081 9.973E-01
  4261.281 9.971E-01
  4261.481 9.970E-01
  4261.681 9.969E-01
  4261.882 9.969E-01
  4262.082 9.970E-01
  4262.282 9.970E-01
  4262.482 9.971E-01
  4262.682 9.973E-01
  4262.883 9.974E-01
  4263.083 9.974E-01
  4263.283 9.974E-01
  4263.483 9.974E-01
  4263.683 9.974E-01
  4263.884 9.974E-01
  4264.084 9.974E-01
  4264.284 9.974E-01
  4264.484 9.974E-01
  4264.684 9.974E-01
  4264.885 9.973E-01
  4265.085 9.972E-01
  4265.285 9.971E-01
  4265.485 9.966E-01
  4265.685 9.953E-01
  4265.886 9.913E-01
  4266.086 9.822E-01
  4266.286 9.682E-01
  4266.486 9.532E-01
  4266.686 9.408E-01
  4266.887 9.322E-01
  4267.087 9.280E-01
  4267.287 9.286E-01
  4267.487 9.342E-01
  4267.687 9.447E-01
  4267.888 9.591E-01
  4268.088 9.741E-01
  4268.288 9.851E-01
  4268.488 9.910E-01
  4268.688 9.935E-01
  4268.889 9.940E-01
  4269.089 9.936E-01
  4269.289 9.929E-01
  4269.489 9.925E-01
  4269.689 9.923E-01
  4269.890 9.925E-01
  4270.090 9.929E-01
  4270.290 9.937E-01
  4270.490 9.948E-01
  4270.690 9.959E-01
  4270.891 9.966E-01
  4271.091 9.969E-01
  4271.291 9.969E-01
  4271.491 9.969E-01
  4271.691 9.969E-01
  4271.892 9.969E-01
  4272.092 9.969E-01
  4272.292 9.968E-01
  4272.492 9.967E-01
  4272.692 9.965E-01
  4272.893 9.964E-01
  4273.093 9.963E-01
  4273.293 9.963E-01
  4273.493 9.963E-01
  4273.693 9.963E-01
  4273.894 9.964E-01
  4274.094 9.965E-01
  4274.294 9.967E-01
  4274.494 9.966E-01
  4274.694 9.964E-01
  4274.895 9.961E-01
  4275.095 9.959E-01
  4275.295 9.957E-01
  4275.495 9.956E-01
  4275.695 9.954E-01
  4275.896 9.954E-01
  4276.096 9.954E-01
  4276.296 9.954E-01
  4276.496 9.956E-01
  4276.696 9.956E-01
  4276.897 9.955E-01
  4277.097 9.955E-01
  4277.297 9.953E-01
  4277.497 9.950E-01
  4277.697 9.943E-01
  4277.898 9.937E-01
  4278.098 9.932E-01
  4278.298 9.929E-01
  4278.498 9.928E-01
  4278.698 9.929E-01
  4278.899 9.932E-01
  4279.099 9.937E-01
  4279.299 9.945E-01
  4279.499 9.953E-01
  4279.699 9.958E-01
  4279.900 9.960E-01
  4280.100 9.961E-01
  4280.300 9.962E-01
  4280.500 9.962E-01
  4280.700 9.961E-01
  4280.901 9.961E-01
  4281.101 9.960E-01
  4281.301 9.959E-01
  4281.501 9.956E-01
  4281.701 9.951E-01
  4281.902 9.945E-01
  4282.102 9.939E-01
  4282.302 9.935E-01
  4282.502 9.933E-01
  4282.702 9.932E-01
  4282.903 9.932E-01
  4283.103 9.935E-01
  4283.303 9.939E-01
  4283.503 9.943E-01
  4283.703 9.947E-01
  4283.904 9.948E-01
  4284.104 9.946E-01
  4284.304 9.943E-01
  4284.504 9.940E-01
  4284.704 9.938E-01
  4284.905 9.938E-01
  4285.105 9.938E-01
  4285.305 9.939E-01
  4285.505 9.940E-01
  4285.705 9.943E-01
  4285.906 9.946E-01
  4286.106 9.948E-01
  4286.306 9.949E-01
  4286.506 9.949E-01
  4286.706 9.949E-01
  4286.907 9.949E-01
  4287.107 9.949E-01
  4287.307 9.949E-01
  4287.507 9.949E-01
  4287.707 9.948E-01
  4287.908 9.947E-01
  4288.108 9.946E-01
  4288.308 9.945E-01
  4288.508 9.945E-01
  4288.708 9.944E-01
  4288.909 9.944E-01
  4289.109 9.943E-01
  4289.309 9.942E-01
  4289.509 9.940E-01
  4289.709 9.939E-01
  4289.910 9.938E-01
  4290.110 9.937E-01
  4290.310 9.936E-01
  4290.510 9.935E-01
  4290.710 9.933E-01
  4290.911 9.931E-01
  4291.111 9.930E-01
  4291.311 9.930E-01
  4291.511 9.929E-01
  4291.711 9.929E-01
  4291.912 9.930E-01
  4292.112 9.931E-01
  4292.312 9.933E-01
  4292.512 9.934E-01
  4292.712 9.935E-01
  4292.913 9.935E-01
  4293.113 9.931E-01
  4293.313 9.919E-01
  4293.513 9.896E-01
  4293.713 9.869E-01
  4293.914 9.847E-01
  4294.114 9.832E-01
  4294.314 9.824E-01
  4294.514 9.824E-01
  4294.714 9.831E-01
  4294.915 9.845E-01
  4295.115 9.866E-01
  4295.315 9.890E-01
  4295.515 9.909E-01
  4295.715 9.915E-01
  4295.916 9.915E-01
  4296.116 9.913E-01
  4296.316 9.911E-01
  4296.516 9.910E-01
  4296.716 9.910E-01
  4296.917 9.911E-01
  4297.117 9.912E-01
  4297.317 9.914E-01
  4297.517 9.916E-01
  4297.717 9.917E-01
  4297.918 9.918E-01
  4298.118 9.917E-01
  4298.318 9.916E-01
  4298.518 9.915E-01
  4298.718 9.914E-01
  4298.919 9.912E-01
  4299.119 9.909E-01
  4299.319 9.906E-01
  4299.519 9.902E-01
  4299.719 9.900E-01
  4299.920 9.898E-01
  4300.120 9.897E-01
  4300.320 9.897E-01
  4300.520 9.897E-01
  4300.720 9.897E-01
  4300.921 9.898E-01
  4301.121 9.898E-01
  4301.321 9.897E-01
  4301.521 9.896E-01
  4301.721 9.894E-01
  4301.922 9.892E-01
  4302.122 9.887E-01
  4302.322 9.878E-01
  4302.522 9.869E-01
  4302.722 9.862E-01
  4302.923 9.856E-01
  4303.123 9.851E-01
  4303.323 9.849E-01
  4303.523 9.850E-01
  4303.723 9.853E-01
  4303.924 9.858E-01
  4304.124 9.864E-01
  4304.324 9.869E-01
  4304.524 9.871E-01
  4304.724 9.871E-01
  4304.925 9.871E-01
  4305.125 9.870E-01
  4305.325 9.869E-01
  4305.525 9.867E-01
  4305.725 9.866E-01
  4305.926 9.864E-01
  4306.126 9.862E-01
  4306.326 9.860E-01
  4306.526 9.857E-01
  4306.726 9.853E-01
  4306.927 9.850E-01
  4307.127 9.846E-01
  4307.327 9.843E-01
  4307.527 9.840E-01
  4307.727 9.838E-01
  4307.928 9.837E-01
  4308.128 9.836E-01
  4308.328 9.835E-01
  4308.528 9.835E-01
  4308.728 9.834E-01
  4308.929 9.833E-01
  4309.129 9.832E-01
  4309.329 9.829E-01
  4309.529 9.826E-01
  4309.729 9.823E-01
  4309.930 9.821E-01
  4310.130 9.818E-01
  4310.330 9.815E-01
  4310.530 9.813E-01
  4310.730 9.810E-01
  4310.931 9.808E-01
  4311.131 9.805E-01
  4311.331 9.803E-01
  4311.531 9.800E-01
  4311.731 9.797E-01
  4311.932 9.792E-01
  4312.132 9.788E-01
  4312.332 9.783E-01
  4312.532 9.778E-01
  4312.732 9.773E-01
  4312.933 9.769E-01
  4313.133 9.765E-01
  4313.333 9.761E-01
  4313.533 9.757E-01
  4313.733 9.753E-01
  4313.934 9.749E-01
  4314.134 9.744E-01
  4314.334 9.739E-01
  4314.534 9.735E-01
  4314.734 9.730E-01
  4314.935 9.726E-01
  4315.135 9.723E-01
  4315.335 9.719E-01
  4315.535 9.715E-01
  4315.735 9.712E-01
  4315.936 9.707E-01
  4316.136 9.701E-01
  4316.336 9.693E-01
  4316.536 9.684E-01
  4316.736 9.676E-01
  4316.937 9.669E-01
  4317.137 9.662E-01
  4317.337 9.655E-01
  4317.537 9.648E-01
  4317.737 9.637E-01
  4317.938 9.625E-01
  4318.138 9.615E-01
  4318.338 9.605E-01
  4318.538 9.596E-01
  4318.738 9.586E-01
  4318.939 9.578E-01
  4319.139 9.573E-01
  4319.339 9.570E-01
  4319.539 9.569E-01
  4319.739 9.568E-01
  4319.940 9.563E-01
  4320.140 9.556E-01
  4320.340 9.549E-01
  4320.540 9.543E-01
  4320.740 9.535E-01
  4320.941 9.526E-01
  4321.141 9.517E-01
  4321.341 9.507E-01
  4321.541 9.496E-01
  4321.741 9.486E-01
  4321.942 9.475E-01
  4322.142 9.463E-01
  4322.342 9.451E-01
  4322.542 9.439E-01
  4322.742 9.426E-01
  4322.943 9.413E-01
  4323.143 9.400E-01
  4323.343 9.386E-01
  4323.543 9.371E-01
  4323.743 9.356E-01
  4323.944 9.341E-01
  4324.144 9.325E-01
  4324.344 9.309E-01
  4324.544 9.291E-01
  4324.744 9.272E-01
  4324.945 9.252E-01
  4325.145 9.233E-01
  4325.345 9.213E-01
  4325.545 9.193E-01
  4325.745 9.173E-01
  4325.946 9.153E-01
  4326.146 9.132E-01
  4326.346 9.112E-01
  4326.546 9.091E-01
  4326.746 9.069E-01
  4326.947 9.046E-01
  4327.147 9.021E-01
  4327.347 8.996E-01
  4327.547 8.970E-01
  4327.747 8.943E-01
  4327.948 8.915E-01
  4328.148 8.886E-01
  4328.348 8.854E-01
  4328.548 8.820E-01
  4328.748 8.785E-01
  4328.949 8.750E-01
  4329.149 8.715E-01
  4329.349 8.678E-01
  4329.549 8.641E-01
  4329.749 8.604E-01
  4329.950 8.566E-01
  4330.150 8.528E-01
  4330.350 8.489E-01
  4330.550 8.448E-01
  4330.750 8.405E-01
  4330.951 8.359E-01
  4331.151 8.311E-01
  4331.351 8.262E-01
  4331.551 8.212E-01
  4331.751 8.160E-01
  4331.952 8.107E-01
  4332.152 8.053E-01
  4332.352 7.997E-01
  4332.552 7.940E-01
  4332.752 7.882E-01
  4332.953 7.822E-01
  4333.153 7.759E-01
  4333.353 7.694E-01
  4333.553 7.626E-01
  4333.753 7.557E-01
  4333.954 7.485E-01
  4334.154 7.412E-01
  4334.354 7.337E-01
  4334.554 7.260E-01
  4334.754 7.180E-01
  4334.955 7.099E-01
  4335.155 7.015E-01
  4335.355 6.929E-01
  4335.555 6.840E-01
  4335.755 6.750E-01
  4335.956 6.657E-01
  4336.156 6.562E-01
  4336.356 6.465E-01
  4336.556 6.366E-01
  4336.756 6.264E-01
  4336.957 6.160E-01
  4337.157 6.054E-01
  4337.357 5.946E-01
  4337.557 5.836E-01
  4337.757 5.724E-01
  4337.958 5.610E-01
  4338.158 5.493E-01
  4338.358 5.375E-01
  4338.558 5.254E-01
  4338.758 5.130E-01
  4338.959 4.999E-01
  4339.159 4.857E-01
  4339.359 4.693E-01
  4339.559 4.507E-01
  4339.759 4.321E-01
  4339.960 4.163E-01
  4340.160 4.050E-01
  4340.360 3.992E-01
  4340.560 3.992E-01
  4340.760 4.048E-01
  4340.961 4.160E-01
  4341.161 4.318E-01
  4341.361 4.504E-01
  4341.561 4.690E-01
  4341.761 4.855E-01
  4341.962 4.999E-01
  4342.162 5.131E-01
  4342.362 5.255E-01
  4342.562 5.377E-01
  4342.762 5.496E-01
  4342.963 5.613E-01
  4343.163 5.727E-01
  4343.363 5.840E-01
  4343.563 5.951E-01
  4343.763 6.060E-01
  4343.964 6.167E-01
  4344.164 6.271E-01
  4344.364 6.373E-01
  4344.564 6.473E-01
  4344.764 6.571E-01
  4344.965 6.666E-01
  4345.165 6.759E-01
  4345.365 6.850E-01
  4345.565 6.939E-01
  4345.765 7.026E-01
  4345.966 7.110E-01
  4346.166 7.192E-01
  4346.366 7.273E-01
  4346.566 7.351E-01
  4346.766 7.426E-01
  4346.967 7.500E-01
  4347.167 7.571E-01
  4347.367 7.640E-01
  4347.567 7.707E-01
  4347.767 7.773E-01
  4347.968 7.837E-01
  4348.168 7.899E-01
  4348.368 7.959E-01
  4348.568 8.017E-01
  4348.768 8.073E-01
  4348.969 8.128E-01
  4349.169 8.181E-01
  4349.369 8.233E-01
  4349.569 8.283E-01
  4349.769 8.332E-01
  4349.970 8.380E-01
  4350.170 8.426E-01
  4350.370 8.469E-01
  4350.570 8.510E-01
  4350.770 8.544E-01
  4350.971 8.573E-01
  4351.171 8.600E-01
  4351.371 8.630E-01
  4351.571 8.661E-01
  4351.771 8.694E-01
  4351.972 8.728E-01
  4352.172 8.765E-01
  4352.372 8.805E-01
  4352.572 8.847E-01
  4352.772 8.889E-01
  4352.973 8.925E-01
  4353.173 8.957E-01
  4353.373 8.986E-01
  4353.573 9.014E-01
  4353.773 9.040E-01
  4353.974 9.066E-01
  4354.174 9.090E-01
  4354.374 9.113E-01
  4354.574 9.136E-01
  4354.774 9.157E-01
  4354.975 9.179E-01
  4355.175 9.200E-01
  4355.375 9.220E-01
  4355.575 9.239E-01
  4355.775 9.257E-01
  4355.976 9.275E-01
  4356.176 9.293E-01
  4356.376 9.309E-01
  4356.576 9.325E-01
  4356.776 9.340E-01
  4356.977 9.355E-01
  4357.177 9.369E-01
  4357.377 9.383E-01
  4357.577 9.398E-01
  4357.777 9.412E-01
  4357.978 9.425E-01
  4358.178 9.439E-01
  4358.378 9.453E-01
  4358.578 9.466E-01
  4358.778 9.478E-01
  4358.979 9.489E-01
  4359.179 9.500E-01
  4359.379 9.511E-01
  4359.579 9.521E-01
  4359.779 9.532E-01
  4359.980 9.541E-01
  4360.180 9.551E-01
  4360.380 9.559E-01
  4360.580 9.567E-01
  4360.780 9.574E-01
  4360.981 9.581E-01
  4361.181 9.588E-01
  4361.381 9.594E-01
  4361.581 9.600E-01
  4361.781 9.608E-01
  4361.982 9.616E-01
  4362.182 9.625E-01
  4362.382 9.634E-01
  4362.582 9.643E-01
  4362.782 9.652E-01
  4362.983 9.661E-01
  4363.183 9.669E-01
  4363.383 9.676E-01
  4363.583 9.682E-01
  4363.783 9.688E-01
  4363.984 9.693E-01
  4364.184 9.699E-01
  4364.384 9.704E-01
  4364.584 9.708E-01
  4364.784 9.712E-01
  4364.985 9.716E-01
  4365.185 9.721E-01
  4365.385 9.725E-01
  4365.585 9.730E-01
  4365.785 9.733E-01
  4365.986 9.735E-01
  4366.186 9.737E-01
  4366.386 9.739E-01
  4366.586 9.742E-01
  4366.786 9.746E-01
  4366.987 9.748E-01
  4367.187 9.749E-01
  4367.387 9.748E-01
  4367.587 9.747E-01
  4367.787 9.749E-01
  4367.988 9.752E-01
  4368.188 9.756E-01
  4368.388 9.759E-01
  4368.588 9.765E-01
  4368.788 9.771E-01
  4368.989 9.780E-01
  4369.189 9.789E-01
  4369.389 9.796E-01
  4369.589 9.801E-01
  4369.789 9.805E-01
  4369.990 9.807E-01
  4370.190 9.810E-01
  4370.390 9.811E-01
  4370.590 9.810E-01
  4370.790 9.810E-01
  4370.991 9.811E-01
  4371.191 9.809E-01
  4371.391 9.806E-01
  4371.591 9.801E-01
  4371.791 9.797E-01
  4371.992 9.795E-01
  4372.192 9.796E-01
  4372.392 9.800E-01
  4372.592 9.804E-01
  4372.792 9.810E-01
  4372.993 9.818E-01
  4373.193 9.826E-01
  4373.393 9.833E-01
  4373.593 9.837E-01
  4373.793 9.839E-01
  4373.994 9.839E-01
  4374.194 9.839E-01
  4374.394 9.840E-01
  4374.594 9.843E-01
  4374.794 9.846E-01
  4374.995 9.850E-01
  4375.195 9.855E-01
  4375.395 9.859E-01
  4375.595 9.861E-01
  4375.795 9.860E-01
  4375.996 9.857E-01
  4376.196 9.853E-01
  4376.396 9.850E-01
  4376.596 9.848E-01
  4376.796 9.848E-01
  4376.997 9.849E-01
  4377.197 9.852E-01
  4377.397 9.856E-01
  4377.597 9.861E-01
  4377.797 9.866E-01
  4377.998 9.871E-01
  4378.198 9.873E-01
  4378.398 9.874E-01
  4378.598 9.874E-01
  4378.798 9.873E-01
  4378.999 9.872E-01
  4379.199 9.871E-01
  4379.399 9.870E-01
  4379.599 9.869E-01
  4379.799 9.868E-01
  4380.000 9.867E-01
  4380.200 9.866E-01
  4380.400 9.865E-01
  4380.600 9.863E-01
  4380.800 9.859E-01
  4381.001 9.854E-01
  4381.201 9.846E-01
  4381.401 9.838E-01
  4381.601 9.828E-01
  4381.801 9.817E-01
  4382.002 9.806E-01
  4382.202 9.796E-01
  4382.402 9.786E-01
  4382.602 9.776E-01
  4382.802 9.766E-01
  4383.003 9.758E-01
  4383.203 9.750E-01
  4383.403 9.740E-01
  4383.603 9.725E-01
  4383.803 9.703E-01
  4384.004 9.681E-01
  4384.204 9.663E-01
  4384.404 9.645E-01
  4384.604 9.627E-01
  4384.804 9.609E-01
  4385.005 9.591E-01
  4385.205 9.573E-01
  4385.405 9.552E-01
  4385.605 9.526E-01
  4385.805 9.488E-01
  4386.006 9.436E-01
  4386.206 9.369E-01
  4386.406 9.283E-01
  4386.606 9.171E-01
  4386.806 9.033E-01
  4387.007 8.867E-01
  4387.207 8.684E-01
  4387.407 8.508E-01
  4387.607 8.362E-01
  4387.807 8.264E-01
  4388.008 8.226E-01
  4388.208 8.252E-01
  4388.408 8.340E-01
  4388.608 8.475E-01
  4388.808 8.645E-01
  4389.009 8.830E-01
  4389.209 9.002E-01
  4389.409 9.140E-01
  4389.609 9.237E-01
  4389.809 9.302E-01
  4390.010 9.355E-01
  4390.210 9.403E-01
  4390.410 9.450E-01
  4390.610 9.497E-01
  4390.810 9.544E-01
  4391.011 9.593E-01
  4391.211 9.646E-01
  4391.411 9.703E-01
  4391.611 9.757E-01
  4391.811 9.793E-01
  4392.012 9.816E-01
  4392.212 9.832E-01
  4392.412 9.846E-01
  4392.612 9.858E-01
  4392.812 9.869E-01
  4393.013 9.878E-01
  4393.213 9.885E-01
  4393.413 9.891E-01
  4393.613 9.896E-01
  4393.813 9.900E-01
  4394.014 9.902E-01
  4394.214 9.903E-01
  4394.414 9.903E-01
  4394.614 9.903E-01
  4394.814 9.901E-01
  4395.015 9.900E-01
  4395.215 9.899E-01
  4395.415 9.900E-01
  4395.615 9.903E-01
  4395.815 9.908E-01
  4396.016 9.914E-01
  4396.216 9.919E-01
  4396.416 9.925E-01
  4396.616 9.931E-01
  4396.816 9.936E-01
  4397.017 9.940E-01
  4397.217 9.942E-01
  4397.417 9.943E-01
  4397.617 9.944E-01
  4397.817 9.946E-01
  4398.018 9.947E-01
  4398.218 9.948E-01
  4398.418 9.948E-01
  4398.618 9.949E-01
  4398.818 9.950E-01
  4399.019 9.950E-01
  4399.219 9.949E-01
  4399.419 9.949E-01
  4399.619 9.949E-01
  4399.819 9.949E-01
  4400.020 9.949E-01
  4400.220 9.949E-01
  4400.420 9.950E-01
  4400.620 9.951E-01
  4400.820 9.952E-01
  4401.021 9.953E-01
  4401.221 9.954E-01
  4401.421 9.955E-01
  4401.621 9.956E-01
  4401.821 9.957E-01
  4402.022 9.957E-01
  4402.222 9.957E-01
  4402.422 9.957E-01
  4402.622 9.958E-01
  4402.822 9.958E-01
  4403.023 9.959E-01
  4403.223 9.959E-01
  4403.423 9.960E-01
  4403.623 9.961E-01
  4403.823 9.962E-01
  4404.024 9.963E-01
  4404.224 9.963E-01
  4404.424 9.963E-01
  4404.624 9.964E-01
  4404.824 9.964E-01
  4405.025 9.965E-01
  4405.225 9.966E-01
  4405.425 9.966E-01
  4405.625 9.967E-01
  4405.825 9.967E-01
  4406.026 9.968E-01
  4406.226 9.968E-01
  4406.426 9.968E-01
  4406.626 9.968E-01
  4406.826 9.968E-01
  4407.027 9.968E-01
  4407.227 9.969E-01
  4407.427 9.969E-01
  4407.627 9.970E-01
  4407.827 9.970E-01
  4408.028 9.970E-01
  4408.228 9.969E-01
  4408.428 9.968E-01
  4408.628 9.966E-01
  4408.828 9.964E-01
  4409.029 9.961E-01
  4409.229 9.958E-01
  4409.429 9.956E-01
  4409.629 9.955E-01
  4409.829 9.955E-01
  4410.030 9.955E-01
  4410.230 9.954E-01
  4410.430 9.950E-01
  4410.630 9.946E-01
  4410.830 9.943E-01
  4411.031 9.941E-01
  4411.231 9.940E-01
  4411.431 9.941E-01
  4411.631 9.943E-01
  4411.831 9.948E-01
  4412.032 9.954E-01
  4412.232 9.961E-01
  4412.432 9.968E-01
  4412.632 9.972E-01
  4412.832 9.973E-01
  4413.033 9.974E-01
  4413.233 9.973E-01
  4413.433 9.973E-01
  4413.633 9.972E-01
  4413.833 9.968E-01
  4414.034 9.961E-01
  4414.234 9.953E-01
  4414.434 9.947E-01
  4414.634 9.942E-01
  4414.834 9.940E-01
  4415.035 9.941E-01
  4415.235 9.943E-01
  4415.435 9.948E-01
  4415.635 9.953E-01
  4415.835 9.955E-01
  4416.036 9.952E-01
  4416.236 9.945E-01
  4416.436 9.937E-01
  4416.636 9.932E-01
  4416.836 9.929E-01
  4417.037 9.929E-01
  4417.237 9.932E-01
  4417.437 9.939E-01
  4417.637 9.950E-01
  4417.837 9.961E-01
  4418.038 9.971E-01
  4418.238 9.975E-01
  4418.438 9.975E-01
  4418.638 9.971E-01
  4418.838 9.965E-01
  4419.039 9.960E-01
  4419.239 9.956E-01
  4419.439 9.954E-01
  4419.639 9.954E-01
  4419.839 9.954E-01
  4420.040 9.957E-01
  4420.240 9.961E-01
  4420.440 9.967E-01
  4420.640 9.973E-01
  4420.840 9.977E-01
  4421.041 9.978E-01
  4421.241 9.979E-01
  4421.441 9.980E-01
  4421.641 9.980E-01
  4421.841 9.981E-01
  4422.042 9.982E-01
  4422.242 9.982E-01
  4422.442 9.982E-01
  4422.642 9.982E-01
  4422.842 9.982E-01
  4423.043 9.982E-01
  4423.243 9.982E-01
  4423.443 9.982E-01
  4423.643 9.982E-01
  4423.843 9.982E-01
  4424.044 9.982E-01
  4424.244 9.982E-01
  4424.444 9.983E-01
  4424.644 9.982E-01
  4424.844 9.981E-01
  4425.045 9.979E-01
  4425.245 9.976E-01
  4425.445 9.974E-01
  4425.645 9.972E-01
  4425.845 9.971E-01
  4426.046 9.971E-01
  4426.246 9.971E-01
  4426.446 9.971E-01
  4426.646 9.972E-01
  4426.846 9.972E-01
  4427.047 9.967E-01
  4427.247 9.959E-01
  4427.447 9.952E-01
  4427.647 9.947E-01
  4427.847 9.944E-01
  4428.048 9.944E-01
  4428.248 9.946E-01
  4428.448 9.951E-01
  4428.648 9.958E-01
  4428.848 9.967E-01
  4429.049 9.976E-01
  4429.249 9.980E-01
  4429.449 9.980E-01
  4429.649 9.979E-01
  4429.849 9.977E-01
  4430.050 9.974E-01
  4430.250 9.970E-01
  4430.450 9.967E-01
  4430.650 9.965E-01
  4430.850 9.964E-01
  4431.051 9.965E-01
  4431.251 9.965E-01
  4431.451 9.966E-01
  4431.651 9.967E-01
  4431.851 9.967E-01
  4432.052 9.969E-01
  4432.252 9.969E-01
  4432.452 9.969E-01
  4432.652 9.966E-01
  4432.852 9.960E-01
  4433.053 9.947E-01
  4433.253 9.932E-01
  4433.453 9.920E-01
  4433.653 9.912E-01
  4433.853 9.908E-01
  4434.054 9.907E-01
  4434.254 9.910E-01
  4434.454 9.917E-01
  4434.654 9.929E-01
  4434.854 9.943E-01
  4435.055 9.957E-01
  4435.255 9.960E-01
  4435.455 9.954E-01
  4435.655 9.940E-01
  4435.855 9.921E-01
  4436.056 9.897E-01
  4436.256 9.863E-01
  4436.456 9.813E-01
  4436.656 9.747E-01
  4436.856 9.678E-01
  4437.057 9.620E-01
  4437.257 9.583E-01
  4437.457 9.570E-01
  4437.657 9.578E-01
  4437.857 9.606E-01
  4438.058 9.653E-01
  4438.258 9.717E-01
  4438.458 9.789E-01
  4438.658 9.855E-01
  4438.858 9.902E-01
  4439.059 9.930E-01
  4439.259 9.946E-01
  4439.459 9.956E-01
  4439.659 9.963E-01
  4439.859 9.967E-01
  4440.060 9.970E-01
  4440.260 9.973E-01
  4440.460 9.975E-01
  4440.660 9.976E-01
  4440.860 9.977E-01
  4441.061 9.977E-01
  4441.261 9.977E-01
  4441.461 9.977E-01
  4441.661 9.977E-01
  4441.861 9.977E-01
  4442.062 9.977E-01
  4442.262 9.978E-01
  4442.462 9.978E-01
  4442.662 9.977E-01
  4442.862 9.976E-01
  4443.063 9.974E-01
  4443.263 9.972E-01
  4443.463 9.970E-01
  4443.663 9.969E-01
  4443.863 9.969E-01
  4444.064 9.969E-01
  4444.264 9.971E-01
  4444.464 9.973E-01
  4444.664 9.976E-01
  4444.864 9.979E-01
  4445.065 9.981E-01
  4445.265 9.981E-01
  4445.465 9.981E-01
  4445.665 9.981E-01
  4445.865 9.979E-01
  4446.066 9.975E-01
  4446.266 9.970E-01
  4446.466 9.966E-01
  4446.666 9.963E-01
  4446.866 9.961E-01
  4447.067 9.961E-01
  4447.267 9.961E-01
  4447.467 9.963E-01
  4447.667 9.966E-01
  4447.867 9.970E-01
  4448.068 9.974E-01
  4448.268 9.977E-01
  4448.468 9.978E-01
  4448.668 9.979E-01
  4448.868 9.979E-01
  4449.069 9.980E-01
  4449.269 9.980E-01
  4449.469 9.981E-01
  4449.669 9.980E-01
  4449.869 9.980E-01
  4450.070 9.980E-01
  4450.270 9.979E-01
  4450.470 9.978E-01
  4450.670 9.976E-01
  4450.870 9.974E-01
  4451.071 9.973E-01
  4451.271 9.971E-01
  4451.471 9.970E-01
  4451.671 9.969E-01
  4451.871 9.968E-01
  4452.072 9.968E-01
  4452.272 9.969E-01
  4452.472 9.971E-01
  4452.672 9.973E-01
  4452.872 9.975E-01
  4453.073 9.976E-01
  4453.273 9.978E-01
  4453.473 9.979E-01
  4453.673 9.980E-01
  4453.873 9.979E-01
  4454.074 9.979E-01
  4454.274 9.978E-01
  4454.474 9.977E-01
  4454.674 9.975E-01
  4454.874 9.974E-01
  4455.075 9.973E-01
  4455.275 9.971E-01
  4455.475 9.968E-01
  4455.675 9.965E-01
  4455.875 9.963E-01
  4456.076 9.962E-01
  4456.276 9.962E-01
  4456.476 9.962E-01
  4456.676 9.962E-01
  4456.876 9.963E-01
  4457.077 9.965E-01
  4457.277 9.967E-01
  4457.477 9.970E-01
  4457.677 9.970E-01
  4457.877 9.970E-01
  4458.078 9.969E-01
  4458.278 9.969E-01
  4458.478 9.968E-01
  4458.678 9.967E-01
  4458.878 9.966E-01
  4459.079 9.964E-01
  4459.279 9.963E-01
  4459.479 9.962E-01
  4459.679 9.961E-01
  4459.879 9.959E-01
  4460.080 9.958E-01
  4460.280 9.956E-01
  4460.480 9.955E-01
  4460.680 9.952E-01
  4460.880 9.949E-01
  4461.081 9.946E-01
  4461.281 9.944E-01
  4461.481 9.941E-01
  4461.681 9.939E-01
  4461.881 9.937E-01
  4462.082 9.935E-01
  4462.282 9.932E-01
  4462.482 9.925E-01
  4462.682 9.914E-01
  4462.882 9.901E-01
  4463.083 9.889E-01
  4463.283 9.880E-01
  4463.483 9.873E-01
  4463.683 9.869E-01
  4463.883 9.867E-01
  4464.084 9.868E-01
  4464.284 9.871E-01
  4464.484 9.876E-01
  4464.684 9.879E-01
  4464.884 9.876E-01
  4465.085 9.869E-01
  4465.285 9.860E-01
  4465.485 9.849E-01
  4465.685 9.838E-01
  4465.885 9.824E-01
  4466.086 9.810E-01
  4466.286 9.793E-01
  4466.486 9.774E-01
  4466.686 9.752E-01
  4466.886 9.726E-01
  4467.087 9.698E-01
  4467.287 9.665E-01
  4467.487 9.627E-01
  4467.687 9.584E-01
  4467.887 9.535E-01
  4468.088 9.479E-01
  4468.288 9.416E-01
  4468.488 9.342E-01
  4468.688 9.254E-01
  4468.888 9.153E-01
  4469.089 9.042E-01
  4469.289 8.931E-01
  4469.489 8.831E-01
  4469.689 8.746E-01
  4469.889 8.670E-01
  4470.090 8.588E-01
  4470.290 8.469E-01
  4470.490 8.285E-01
  4470.690 8.042E-01
  4470.890 7.786E-01
  4471.091 7.562E-01
  4471.291 7.397E-01
  4471.491 7.307E-01
  4471.691 7.309E-01
  4471.891 7.414E-01
  4472.092 7.624E-01
  4472.292 7.922E-01
  4472.492 8.266E-01
  4472.692 8.589E-01
  4472.892 8.848E-01
  4473.093 9.042E-01
  4473.293 9.189E-01
  4473.493 9.305E-01
  4473.693 9.399E-01
  4473.893 9.474E-01
  4474.094 9.536E-01
  4474.294 9.587E-01
  4474.494 9.632E-01
  4474.694 9.671E-01
  4474.894 9.705E-01
  4475.095 9.737E-01
  4475.295 9.764E-01
  4475.495 9.788E-01
  4475.695 9.810E-01
  4475.895 9.828E-01
  4476.096 9.843E-01
  4476.296 9.857E-01
  4476.496 9.868E-01
  4476.696 9.878E-01
  4476.896 9.887E-01
  4477.097 9.895E-01
  4477.297 9.902E-01
  4477.497 9.908E-01
  4477.697 9.914E-01
  4477.897 9.918E-01
  4478.098 9.923E-01
  4478.298 9.926E-01
  4478.498 9.930E-01
  4478.698 9.932E-01
  4478.898 9.931E-01
  4479.099 9.928E-01
  4479.299 9.924E-01
  4479.499 9.919E-01
  4479.699 9.905E-01
  4479.899 9.850E-01
  4480.100 9.704E-01
  4480.300 9.440E-01
  4480.500 9.130E-01
  4480.700 8.869E-01
  4480.900 8.694E-01
  4481.101 8.607E-01
  4481.301 8.602E-01
  4481.501 8.681E-01
  4481.701 8.848E-01
  4481.901 9.101E-01
  4482.102 9.411E-01
  4482.302 9.694E-01
  4482.502 9.866E-01
  4482.702 9.933E-01
  4482.902 9.949E-01
  4483.103 9.952E-01
  4483.303 9.952E-01
  4483.503 9.953E-01
  4483.703 9.956E-01
  4483.903 9.959E-01
  4484.104 9.964E-01
  4484.304 9.969E-01
  4484.504 9.974E-01
  4484.704 9.978E-01
  4484.904 9.979E-01
  4485.105 9.980E-01
  4485.305 9.980E-01
  4485.505 9.978E-01
  4485.705 9.974E-01
  4485.905 9.970E-01
  4486.106 9.966E-01
  4486.306 9.964E-01
  4486.506 9.963E-01
  4486.706 9.963E-01
  4486.906 9.964E-01
  4487.107 9.967E-01
  4487.307 9.970E-01
  4487.507 9.975E-01
  4487.707 9.979E-01
  4487.907 9.981E-01
  4488.108 9.981E-01
  4488.308 9.978E-01
  4488.508 9.975E-01
  4488.708 9.973E-01
  4488.908 9.971E-01
  4489.109 9.971E-01
  4489.309 9.972E-01
  4489.509 9.973E-01
  4489.709 9.975E-01
  4489.909 9.978E-01
  4490.110 9.981E-01
  4490.310 9.983E-01
  4490.510 9.980E-01
  4490.710 9.976E-01
  4490.910 9.973E-01
  4491.111 9.971E-01
  4491.311 9.969E-01
  4491.511 9.969E-01
  4491.711 9.969E-01
  4491.911 9.972E-01
  4492.112 9.975E-01
  4492.312 9.980E-01
  4492.512 9.984E-01
  4492.712 9.987E-01
  4492.912 9.988E-01
  4493.113 9.988E-01
  4493.313 9.989E-01
  4493.513 9.989E-01
  4493.713 9.989E-01
  4493.913 9.990E-01
  4494.114 9.990E-01
  4494.314 9.990E-01
  4494.514 9.991E-01
  4494.714 9.991E-01
  4494.914 9.991E-01
  4495.115 9.991E-01
  4495.315 9.991E-01
  4495.515 9.990E-01
  4495.715 9.990E-01
  4495.915 9.991E-01
  4496.116 9.991E-01
  4496.316 9.991E-01
  4496.516 9.991E-01
  4496.716 9.991E-01
  4496.916 9.989E-01
  4497.117 9.988E-01
  4497.317 9.986E-01
  4497.517 9.985E-01
  4497.717 9.984E-01
  4497.917 9.984E-01
  4498.118 9.984E-01
  4498.318 9.984E-01
  4498.518 9.984E-01
  4498.718 9.986E-01
  4498.918 9.987E-01
  4499.119 9.988E-01
  4499.319 9.989E-01
  4499.519 9.989E-01
  4499.719 9.990E-01
  4499.919 9.990E-01
  4500.120 9.990E-01
  4500.320 9.988E-01
  4500.520 9.986E-01
  4500.720 9.984E-01
  4500.920 9.982E-01
  4501.121 9.982E-01
  4501.321 9.982E-01
  4501.521 9.982E-01
  4501.721 9.984E-01
  4501.921 9.986E-01
  4502.122 9.989E-01
  4502.322 9.992E-01
  4502.522 9.993E-01
  4502.722 9.994E-01
  4502.922 9.994E-01
  4503.123 9.994E-01
  4503.323 9.994E-01
  4503.523 9.994E-01
  4503.723 9.994E-01
  4503.923 9.994E-01
  4504.124 9.994E-01
  4504.324 9.994E-01
  4504.524 9.994E-01
  4504.724 9.994E-01
  4504.924 9.994E-01
  4505.125 9.994E-01
  4505.325 9.994E-01
  4505.525 9.994E-01
  4505.725 9.994E-01
  4505.925 9.994E-01
  4506.126 9.994E-01
  4506.326 9.994E-01
  4506.526 9.994E-01
  4506.726 9.993E-01
  4506.926 9.991E-01
  4507.127 9.986E-01
  4507.327 9.975E-01
  4507.527 9.961E-01
  4507.727 9.950E-01
  4507.927 9.941E-01
  4508.128 9.936E-01
  4508.328 9.935E-01
  4508.528 9.936E-01
  4508.728 9.941E-01
  4508.928 9.951E-01
  4509.129 9.964E-01
  4509.329 9.977E-01
  4509.529 9.986E-01
  4509.729 9.989E-01
  4509.929 9.991E-01
  4510.130 9.992E-01
  4510.330 9.993E-01
  4510.530 9.994E-01
  4510.730 9.994E-01
  4510.930 9.994E-01
  4511.131 9.993E-01
  4511.331 9.991E-01
  4511.531 9.987E-01
  4511.731 9.979E-01
  4511.931 9.972E-01
  4512.132 9.967E-01
  4512.332 9.964E-01
  4512.532 9.963E-01
  4512.732 9.964E-01
  4512.932 9.966E-01
  4513.133 9.971E-01
  4513.333 9.977E-01
  4513.533 9.985E-01
  4513.733 9.990E-01
  4513.933 9.992E-01
  4514.134 9.990E-01
  4514.334 9.985E-01
  4514.534 9.977E-01
  4514.734 9.970E-01
  4514.934 9.964E-01
  4515.135 9.961E-01
  4515.335 9.961E-01
  4515.535 9.961E-01
  4515.735 9.964E-01
  4515.935 9.968E-01
  4516.136 9.974E-01
  4516.336 9.980E-01
  4516.536 9.984E-01
  4516.736 9.985E-01
  4516.936 9.984E-01
  4517.137 9.984E-01
  4517.337 9.984E-01
  4517.537 9.984E-01
  4517.737 9.985E-01
  4517.937 9.987E-01
  4518.138 9.989E-01
  4518.338 9.990E-01
  4518.538 9.991E-01
  4518.738 9.991E-01
  4518.938 9.991E-01
  4519.139 9.988E-01
  4519.339 9.983E-01
  4519.539 9.977E-01
  4519.739 9.973E-01
  4519.939 9.970E-01
  4520.140 9.969E-01
  4520.340 9.969E-01
  4520.540 9.971E-01
  4520.740 9.974E-01
  4520.940 9.979E-01
  4521.141 9.985E-01
  4521.341 9.988E-01
  4521.541 9.981E-01
  4521.741 9.964E-01
  4521.941 9.945E-01
  4522.142 9.930E-01
  4522.342 9.920E-01
  4522.542 9.916E-01
  4522.742 9.916E-01
  4522.942 9.921E-01
  4523.143 9.930E-01
  4523.343 9.943E-01
  4523.543 9.952E-01
  4523.743 9.947E-01
  4523.943 9.922E-01
  4524.144 9.889E-01
  4524.344 9.861E-01
  4524.544 9.843E-01
  4524.744 9.835E-01
  4524.944 9.837E-01
  4525.145 9.848E-01
  4525.345 9.871E-01
  4525.545 9.903E-01
  4525.745 9.939E-01
  4525.945 9.969E-01
  4526.146 9.986E-01
  4526.346 9.993E-01
  4526.546 9.994E-01
  4526.746 9.995E-01
  4526.946 9.995E-01
  4527.147 9.995E-01
  4527.347 9.995E-01
  4527.547 9.995E-01
  4527.747 9.994E-01
  4527.947 9.990E-01
  4528.148 9.981E-01
  4528.348 9.968E-01
  4528.548 9.956E-01
  4528.748 9.947E-01
  4528.948 9.941E-01
  4529.149 9.939E-01
  4529.349 9.939E-01
  4529.549 9.943E-01
  4529.749 9.949E-01
  4529.949 9.959E-01
  4530.150 9.971E-01
  4530.350 9.981E-01
  4530.550 9.985E-01
  4530.750 9.987E-01
  4530.950 9.988E-01
  4531.151 9.989E-01
  4531.351 9.991E-01
  4531.551 9.992E-01
  4531.751 9.993E-01
  4531.951 9.993E-01
  4532.152 9.993E-01
  4532.352 9.994E-01
  4532.552 9.994E-01
  4532.752 9.993E-01
  4532.952 9.991E-01
  4533.153 9.985E-01
  4533.353 9.976E-01
  4533.553 9.966E-01
  4533.753 9.958E-01
  4533.953 9.954E-01
  4534.154 9.951E-01
  4534.354 9.952E-01
  4534.554 9.956E-01
  4534.754 9.962E-01
  4534.954 9.970E-01
  4535.155 9.981E-01
  4535.355 9.990E-01
  4535.555 9.994E-01
  4535.755 9.996E-01
  4535.955 9.996E-01
  4536.156 9.996E-01
  4536.356 9.996E-01
  4536.556 9.996E-01
  4536.756 9.996E-01
  4536.956 9.996E-01
  4537.157 9.995E-01
  4537.357 9.995E-01
  4537.557 9.995E-01
  4537.757 9.995E-01
  4537.957 9.995E-01
  4538.158 9.996E-01
  4538.358 9.996E-01
  4538.558 9.996E-01
  4538.758 9.996E-01
  4538.958 9.996E-01
  4539.159 9.996E-01
  4539.359 9.996E-01
  4539.559 9.996E-01
  4539.759 9.996E-01
  4539.959 9.996E-01
  4540.160 9.996E-01
  4540.360 9.995E-01
  4540.560 9.994E-01
  4540.760 9.992E-01
  4540.960 9.990E-01
  4541.161 9.989E-01
  4541.361 9.988E-01
  4541.561 9.988E-01
  4541.761 9.988E-01
  4541.961 9.989E-01
  4542.162 9.991E-01
  4542.362 9.993E-01
  4542.562 9.995E-01
  4542.762 9.996E-01
  4542.962 9.997E-01
  4543.163 9.997E-01
  4543.363 9.997E-01
  4543.563 9.997E-01
  4543.763 9.996E-01
  4543.963 9.996E-01
  4544.164 9.995E-01
  4544.364 9.994E-01
  4544.564 9.993E-01
  4544.764 9.993E-01
  4544.964 9.992E-01
  4545.165 9.992E-01
  4545.365 9.993E-01
  4545.565 9.993E-01
  4545.765 9.994E-01
  4545.965 9.995E-01
  4546.166 9.996E-01
  4546.366 9.996E-01
  4546.566 9.996E-01
  4546.766 9.996E-01
  4546.966 9.996E-01
  4547.167 9.996E-01
  4547.367 9.996E-01
  4547.567 9.996E-01
  4547.767 9.996E-01
  4547.967 9.995E-01
  4548.168 9.989E-01
  4548.368 9.972E-01
  4548.568 9.938E-01
  4548.768 9.901E-01
  4548.968 9.872E-01
  4549.169 9.853E-01
  4549.369 9.844E-01
  4549.569 9.844E-01
  4549.769 9.853E-01
  4549.969 9.871E-01
  4550.170 9.900E-01
  4550.370 9.936E-01
  4550.570 9.971E-01
  4550.770 9.989E-01
  4550.970 9.994E-01
  4551.171 9.990E-01
  4551.371 9.976E-01
  4551.571 9.948E-01
  4551.771 9.910E-01
  4551.971 9.876E-01
  4552.172 9.852E-01
  4552.372 9.839E-01
  4552.572 9.835E-01
  4552.772 9.840E-01
  4552.972 9.856E-01
  4553.173 9.882E-01
  4553.373 9.917E-01
  4553.573 9.953E-01
  4553.773 9.978E-01
  4553.973 9.988E-01
  4554.174 9.990E-01
  4554.374 9.989E-01
  4554.574 9.986E-01
  4554.774 9.981E-01
  4554.974 9.970E-01
  4555.175 9.960E-01
  4555.375 9.952E-01
  4555.575 9.947E-01
  4555.775 9.946E-01
  4555.975 9.948E-01
  4556.176 9.952E-01
  4556.376 9.958E-01
  4556.576 9.967E-01
  4556.776 9.978E-01
  4556.976 9.989E-01
  4557.177 9.994E-01
  4557.377 9.994E-01
  4557.577 9.989E-01
  4557.777 9.980E-01
  4557.977 9.971E-01
  4558.178 9.964E-01
  4558.378 9.960E-01
  4558.578 9.958E-01
  4558.778 9.959E-01
  4558.978 9.962E-01
  4559.179 9.967E-01
  4559.379 9.974E-01
  4559.579 9.983E-01
  4559.779 9.992E-01
  4559.979 9.996E-01
  4560.180 9.997E-01
  4560.380 9.997E-01
  4560.580 9.997E-01
  4560.780 9.997E-01
  4560.980 9.997E-01
  4561.181 9.997E-01
  4561.381 9.997E-01
  4561.581 9.997E-01
  4561.781 9.997E-01
  4561.981 9.997E-01
  4562.182 9.997E-01
  4562.382 9.997E-01
  4562.582 9.996E-01
  4562.782 9.995E-01
  4562.982 9.994E-01
  4563.183 9.992E-01
  4563.383 9.991E-01
  4563.583 9.991E-01
  4563.783 9.991E-01
  4563.983 9.991E-01
  4564.184 9.991E-01
  4564.384 9.992E-01
  4564.584 9.993E-01
  4564.784 9.994E-01
  4564.984 9.994E-01
  4565.185 9.995E-01
  4565.385 9.995E-01
  4565.585 9.995E-01
  4565.785 9.995E-01
  4565.985 9.995E-01
  4566.186 9.996E-01
  4566.386 9.995E-01
  4566.586 9.991E-01
  4566.786 9.981E-01
  4566.986 9.963E-01
  4567.187 9.946E-01
  4567.387 9.933E-01
  4567.587 9.925E-01
  4567.787 9.922E-01
  4567.987 9.923E-01
  4568.188 9.928E-01
  4568.388 9.938E-01
  4568.588 9.953E-01
  4568.788 9.971E-01
  4568.988 9.986E-01
  4569.189 9.992E-01
  4569.389 9.994E-01
  4569.589 9.994E-01
  4569.789 9.994E-01
  4569.989 9.994E-01
  4570.190 9.995E-01
  4570.390 9.995E-01
  4570.590 9.995E-01
  4570.790 9.995E-01
  4570.990 9.993E-01
  4571.191 9.990E-01
  4571.391 9.988E-01
  4571.591 9.986E-01
  4571.791 9.985E-01
  4571.991 9.985E-01
  4572.192 9.985E-01
  4572.392 9.986E-01
  4572.592 9.988E-01
  4572.792 9.991E-01
  4572.992 9.994E-01
  4573.193 9.995E-01
  4573.393 9.995E-01
  4573.593 9.993E-01
  4573.793 9.986E-01
  4573.993 9.977E-01
  4574.194 9.970E-01
  4574.394 9.965E-01
  4574.594 9.962E-01
  4574.794 9.962E-01
  4574.994 9.963E-01
  4575.195 9.966E-01
  4575.395 9.970E-01
  4575.595 9.975E-01
  4575.795 9.982E-01
  4575.995 9.986E-01
  4576.196 9.988E-01
  4576.396 9.988E-01
  4576.596 9.989E-01
  4576.796 9.990E-01
  4576.996 9.991E-01
  4577.197 9.993E-01
  4577.397 9.995E-01
  4577.597 9.997E-01
  4577.797 9.997E-01
  4577.997 9.997E-01
  4578.198 9.997E-01
  4578.398 9.996E-01
  4578.598 9.995E-01
  4578.798 9.994E-01
  4578.998 9.993E-01
  4579.199 9.992E-01
  4579.399 9.991E-01
  4579.599 9.991E-01
  4579.799 9.991E-01
  4579.999 9.992E-01
  4580.200 9.993E-01
  4580.400 9.994E-01
  4580.600 9.995E-01
  4580.800 9.996E-01
  4581.000 9.996E-01
  4581.201 9.997E-01
  4581.401 9.997E-01
  4581.601 9.996E-01
  4581.801 9.995E-01
  4582.001 9.992E-01
  4582.202 9.990E-01
  4582.402 9.988E-01
  4582.602 9.982E-01
  4582.802 9.970E-01
  4583.002 9.951E-01
  4583.203 9.934E-01
  4583.403 9.922E-01
  4583.603 9.916E-01
  4583.803 9.915E-01
  4584.003 9.918E-01
  4584.204 9.925E-01
  4584.404 9.936E-01
  4584.604 9.952E-01
  4584.804 9.971E-01
  4585.004 9.987E-01
  4585.205 9.994E-01
  4585.405 9.996E-01
  4585.605 9.996E-01
  4585.805 9.996E-01
  4586.005 9.996E-01
  4586.206 9.996E-01
  4586.406 9.996E-01
  4586.606 9.996E-01
  4586.806 9.995E-01
  4587.006 9.991E-01
  4587.207 9.982E-01
  4587.407 9.971E-01
  4587.607 9.961E-01
  4587.807 9.954E-01
  4588.007 9.950E-01
  4588.208 9.949E-01
  4588.408 9.950E-01
  4588.608 9.954E-01
  4588.808 9.960E-01
  4589.008 9.967E-01
  4589.209 9.974E-01
  4589.409 9.980E-01
  4589.609 9.981E-01
  4589.809 9.981E-01
  4590.009 9.979E-01
  4590.210 9.977E-01
  4590.410 9.976E-01
  4590.610 9.977E-01
  4590.810 9.979E-01
  4591.010 9.980E-01
  4591.211 9.979E-01
  4591.411 9.979E-01
  4591.611 9.979E-01
  4591.811 9.981E-01
  4592.011 9.984E-01
  4592.212 9.986E-01
  4592.412 9.988E-01
  4592.612 9.989E-01
  4592.812 9.991E-01
  4593.012 9.994E-01
  4593.213 9.996E-01
  4593.413 9.997E-01
  4593.613 9.997E-01
  4593.813 9.997E-01
  4594.013 9.997E-01
  4594.214 9.997E-01
  4594.414 9.997E-01
  4594.614 9.997E-01
  4594.814 9.995E-01
  4595.014 9.992E-01
  4595.215 9.988E-01
  4595.415 9.984E-01
  4595.615 9.980E-01
  4595.815 9.978E-01
  4596.015 9.977E-01
  4596.216 9.978E-01
  4596.416 9.979E-01
  4596.616 9.982E-01
  4596.816 9.986E-01
  4597.016 9.990E-01
  4597.217 9.994E-01
  4597.417 9.997E-01
  4597.617 9.997E-01
  4597.817 9.997E-01
  4598.017 9.997E-01
  4598.218 9.996E-01
  4598.418 9.996E-01
  4598.618 9.996E-01
  4598.818 9.996E-01
  4599.018 9.997E-01
  4599.219 9.997E-01
  4599.419 9.997E-01
  4599.619 9.997E-01
  4599.819 9.998E-01
