  3980.000 9.789E-01
  3981.573 9.798E-01
  3983.146 9.819E-01
  3984.719 9.844E-01
  3986.292 9.869E-01
  3987.865 9.888E-01
  3989.438 9.884E-01
  3991.011 9.887E-01
  3992.584 9.883E-01
  3994.157 9.881E-01
  3995.730 9.881E-01
  3997.303 9.884E-01
  3998.876 9.883E-01
  4000.449 9.883E-01
  4002.022 9.848E-01
  4003.595 9.721E-01
  4005.168 9.623E-01
  4006.741 9.562E-01
  4008.314 9.535E-01
  4009.887 9.540E-01
  4011.460 9.575E-01
  4013.033 9.639E-01
  4014.606 9.726E-01
  4016.179 9.836E-01
  4017.752 9.862E-01
  4019.325 9.717E-01
  4020.898 9.508E-01
  4022.471 9.350E-01
  4024.044 9.254E-01
  4025.617 9.215E-01
  4027.190 9.231E-01
  4028.763 9.293E-01
  4030.336 9.414E-01
  4031.909 9.590E-01
  4033.482 9.796E-01
  4035.055 9.877E-01
  4036.628 9.887E-01
  4038.201 9.881E-01
  4039.774 9.882E-01
  4041.347 9.888E-01
  4042.920 9.901E-01
  4044.493 9.909E-01
  4046.066 9.922E-01
  4047.639 9.937E-01
  4049.212 9.954E-01
  4050.785 9.963E-01
  4052.358 9.964E-01
  4053.931 9.955E-01
  4055.504 9.947E-01
  4057.077 9.939E-01
  4058.650 9.935E-01
  4060.223 9.936E-01
  4061.796 9.937E-01
  4063.369 9.913E-01
  4064.942 9.886E-01
  4066.515 9.854E-01
  4068.088 9.797E-01
  4069.661 9.694E-01
  4071.234 9.613E-01
  4072.807 9.558E-01
  4074.380 9.537E-01
  4075.953 9.546E-01
  4077.526 9.588E-01
  4079.099 9.625E-01
  4080.672 9.678E-01
  4082.245 9.746E-01
  4083.818 9.788E-01
  4085.391 9.784E-01
  4086.964 9.754E-01
  4088.537 9.712E-01
  4090.110 9.639E-01
  4091.683 9.518E-01
  4093.256 9.304E-01
  4094.829 8.924E-01
  4096.402 8.464E-01
  4097.975 8.062E-01
  4099.548 7.787E-01
  4101.121 7.663E-01
  4102.694 7.694E-01
  4104.267 7.871E-01
  4105.840 8.180E-01
  4107.413 8.603E-01
  4108.986 9.072E-01
  4110.559 9.422E-01
  4112.132 9.606E-01
  4113.705 9.662E-01
  4115.278 9.649E-01
  4116.851 9.641E-01
  4118.424 9.645E-01
  4119.997 9.654E-01
  4121.570 9.663E-01
  4123.143 9.684E-01
  4124.716 9.706E-01
  4126.289 9.747E-01
  4127.862 9.812E-01
  4129.435 9.855E-01
  4131.008 9.857E-01
  4132.581 9.860E-01
  4134.154 9.869E-01
  4135.727 9.874E-01
  4137.300 9.778E-01
  4138.873 9.701E-01
  4140.446 9.644E-01
  4142.019 9.604E-01
  4143.592 9.582E-01
  4145.165 9.589E-01
  4146.738 9.610E-01
  4148.311 9.660E-01
  4149.884 9.742E-01
  4151.457 9.863E-01
  4153.030 9.898E-01
  4154.603 9.911E-01
  4156.176 9.915E-01
  4157.749 9.923E-01
  4159.322 9.925E-01
  4160.895 9.934E-01
  4162.468 9.906E-01
  4164.041 9.884E-01
  4165.614 9.866E-01
  4167.187 9.855E-01
  4168.760 9.851E-01
  4170.333 9.856E-01
  4171.906 9.864E-01
  4173.479 9.878E-01
  4175.052 9.900E-01
  4176.625 9.937E-01
  4178.198 9.944E-01
  4179.771 9.944E-01
  4181.344 9.947E-01
  4182.917 9.941E-01
  4184.490 9.935E-01
  4186.063 9.929E-01
  4187.636 9.926E-01
  4189.209 9.924E-01
  4190.782 9.927E-01
  4192.355 9.937E-01
  4193.928 9.947E-01
  4195.501 9.955E-01
  4197.074 9.967E-01
  4198.647 9.975E-01
  4200.220 9.977E-01
  4201.793 9.980E-01
  4203.366 9.982E-01
  4204.939 9.983E-01
  4206.512 9.983E-01
  4208.085 9.985E-01
  4209.658 9.985E-01
  4211.231 9.985E-01
  4212.804 9.985E-01
  4214.377 9.985E-01
  4215.950 9.978E-01
  4217.523 9.974E-01
  4219.096 9.972E-01
  4220.669 9.968E-01
  4222.242 9.965E-01
  4223.815 9.963E-01
  4225.388 9.962E-01
  4226.961 9.963E-01
  4228.534 9.966E-01
  4230.107 9.965E-01
  4231.680 9.958E-01
  4233.253 9.954E-01
  4234.826 9.943E-01
  4236.399 9.934E-01
  4237.972 9.927E-01
  4239.545 9.921E-01
  4241.118 9.918E-01
  4242.691 9.921E-01
  4244.264 9.929E-01
  4245.837 9.936E-01
  4247.410 9.920E-01
  4248.983 9.917E-01
  4250.556 9.917E-01
  4252.129 9.913E-01
  4253.702 9.915E-01
  4255.275 9.919E-01
  4256.848 9.925E-01
  4258.421 9.934E-01
  4259.994 9.907E-01
  4261.567 9.881E-01
  4263.140 9.850E-01
  4264.713 9.830E-01
  4266.286 9.821E-01
  4267.859 9.817E-01
  4269.432 9.811E-01
  4271.005 9.811E-01
  4272.578 9.829E-01
  4274.151 9.866E-01
  4275.724 9.903E-01
  4277.297 9.892E-01
  4278.870 9.875E-01
  4280.443 9.869E-01
  4282.016 9.871E-01
  4283.589 9.884E-01
  4285.162 9.894E-01
  4286.735 9.898E-01
  4288.308 9.896E-01
  4289.881 9.903E-01
  4291.454 9.916E-01
  4293.027 9.932E-01
  4294.600 9.937E-01
  4296.173 9.936E-01
  4297.746 9.930E-01
  4299.319 9.927E-01
  4300.892 9.925E-01
  4302.465 9.927E-01
  4304.038 9.924E-01
  4305.611 9.919E-01
  4307.184 9.913E-01
  4308.757 9.909E-01
  4310.330 9.899E-01
  4311.903 9.895E-01
  4313.476 9.876E-01
  4315.049 9.864E-01
  4316.622 9.858E-01
  4318.195 9.855E-01
  4319.768 9.850E-01
  4321.341 9.847E-01
  4322.914 9.841E-01
  4324.487 9.833E-01
  4326.060 9.806E-01
  4327.633 9.760E-01
  4329.206 9.668E-01
  4330.779 9.513E-01
  4332.352 9.245E-01
  4333.925 8.831E-01
  4335.498 8.424E-01
  4337.071 8.103E-01
  4338.644 7.894E-01
  4340.217 7.807E-01
  4341.790 7.836E-01
  4343.363 7.983E-01
  4344.936 8.247E-01
  4346.509 8.614E-01
  4348.082 9.028E-01
  4349.655 9.351E-01
  4351.228 9.540E-01
  4352.801 9.660E-01
  4354.374 9.742E-01
  4355.947 9.806E-01
  4357.520 9.857E-01
  4359.093 9.879E-01
  4360.666 9.884E-01
  4362.239 9.878E-01
  4363.812 9.867E-01
  4365.385 9.838E-01
  4366.958 9.815E-01
  4368.531 9.803E-01
  4370.104 9.800E-01
  4371.677 9.802E-01
  4373.250 9.816E-01
  4374.823 9.841E-01
  4376.396 9.862E-01
  4377.969 9.882E-01
  4379.542 9.886E-01
  4381.115 9.784E-01
  4382.688 9.686E-01
  4384.261 9.614E-01
  4385.834 9.571E-01
  4387.407 9.553E-01
  4388.980 9.548E-01
  4390.553 9.572E-01
  4392.126 9.625E-01
  4393.699 9.710E-01
  4395.272 9.828E-01
  4396.845 9.930E-01
  4398.418 9.948E-01
  4399.991 9.956E-01
  4401.564 9.961E-01
  4403.137 9.962E-01
  4404.710 9.954E-01
  4406.283 9.942E-01
  4407.856 9.918E-01
  4409.429 9.892E-01
  4411.002 9.869E-01
  4412.575 9.849E-01
  4414.148 9.840E-01
  4415.721 9.841E-01
  4417.294 9.855E-01
  4418.867 9.874E-01
  4420.440 9.891E-01
  4422.013 9.911E-01
  4423.586 9.933E-01
  4425.159 9.944E-01
  4426.732 9.940E-01
  4428.305 9.939E-01
  4429.878 9.914E-01
  4431.451 9.881E-01
  4433.024 9.861E-01
  4434.597 9.852E-01
  4436.170 9.846E-01
  4437.743 9.849E-01
  4439.316 9.855E-01
  4440.889 9.856E-01
  4442.462 9.861E-01
  4444.035 9.877E-01
  4445.608 9.905E-01
  4447.181 9.911E-01
  4448.754 9.914E-01
  4450.327 9.922E-01
  4451.900 9.932E-01
  4453.473 9.944E-01
  4455.046 9.962E-01
  4456.619 9.973E-01
  4458.192 9.970E-01
  4459.765 9.960E-01
  4461.338 9.937E-01
  4462.911 9.865E-01
  4464.484 9.679E-01
  4466.057 9.516E-01
  4467.630 9.404E-01
  4469.203 9.336E-01
  4470.776 9.311E-01
  4472.349 9.316E-01
  4473.922 9.329E-01
  4475.495 9.385E-01
  4477.068 9.492E-01
  4478.641 9.646E-01
  4480.214 9.796E-01
  4481.787 9.828E-01
  4483.360 9.842E-01
  4484.933 9.861E-01
  4486.506 9.889E-01
  4488.079 9.930E-01
  4489.652 9.977E-01
  4491.225 9.980E-01
  4492.798 9.981E-01
  4494.371 9.982E-01
  4495.944 9.985E-01
  4497.517 9.989E-01
  4499.090 9.989E-01
  4500.663 9.987E-01
  4502.236 9.986E-01
  4503.809 9.986E-01
  4505.382 9.977E-01
  4506.955 9.968E-01
  4508.528 9.961E-01
  4510.101 9.957E-01
  4511.674 9.955E-01
  4513.247 9.955E-01
  4514.820 9.958E-01
  4516.393 9.962E-01
  4517.966 9.958E-01
  4519.539 9.960E-01
  4521.112 9.961E-01
  4522.685 9.943E-01
  4524.258 9.927E-01
  4525.831 9.916E-01
  4527.404 9.911E-01
  4528.977 9.912E-01
  4530.550 9.917E-01
  4532.123 9.929E-01
  4533.696 9.946E-01
  4535.269 9.959E-01
  4536.842 9.976E-01
  4538.415 9.992E-01
  4539.988 9.995E-01
  4541.561 9.995E-01
  4543.134 9.994E-01
  4544.707 9.976E-01
  4546.280 9.946E-01
  4547.853 9.926E-01
  4549.426 9.912E-01
  4550.999 9.904E-01
  4552.572 9.902E-01
  4554.145 9.905E-01
  4555.718 9.912E-01
  4557.291 9.925E-01
  4558.864 9.944E-01
  4560.437 9.951E-01
  4562.010 9.952E-01
  4563.583 9.938E-01
  4565.156 9.929E-01
  4566.729 9.916E-01
  4568.302 9.901E-01
  4569.875 9.894E-01
  4571.448 9.894E-01
  4573.021 9.901E-01
  4574.594 9.916E-01
  4576.167 9.944E-01
  4577.740 9.953E-01
  4579.313 9.961E-01
  4580.886 9.970E-01
  4582.459 9.981E-01
  4584.032 9.980E-01
  4585.605 9.973E-01
  4587.178 9.968E-01
  4588.751 9.957E-01
  4590.324 9.947E-01
  4591.897 9.943E-01
  4593.470 9.941E-01
  4595.043 9.944E-01
  4596.616 9.950E-01
  4598.189 9.960E-01
  4599.762 9.974E-01
