  3980.000 9.996E-01
  3980.257 9.997E-01
  3980.515 9.997E-01
  3980.772 9.997E-01
  3981.030 9.996E-01
  3981.287 9.993E-01
  3981.544 9.981E-01
  3981.802 9.961E-01
  3982.059 9.944E-01
  3982.317 9.931E-01
  3982.574 9.922E-01
  3982.831 9.914E-01
  3983.089 9.912E-01
  3983.346 9.918E-01
  3983.604 9.933E-01
  3983.861 9.953E-01
  3984.118 9.967E-01
  3984.376 9.975E-01
  3984.633 9.982E-01
  3984.891 9.989E-01
  3985.148 9.994E-01
  3985.405 9.994E-01
  3985.663 9.994E-01
  3985.920 9.994E-01
  3986.178 9.994E-01
  3986.435 9.994E-01
  3986.692 9.996E-01
  3986.950 9.997E-01
  3987.207 9.998E-01
  3987.465 9.998E-01
  3987.722 9.998E-01
  3987.979 9.998E-01
  3988.237 9.998E-01
  3988.494 9.997E-01
  3988.752 9.997E-01
  3989.009 9.997E-01
  3989.266 9.997E-01
  3989.524 9.997E-01
  3989.781 9.997E-01
  3990.039 9.997E-01
  3990.296 9.997E-01
  3990.553 9.997E-01
  3990.811 9.998E-01
  3991.068 9.998E-01
  3991.326 9.998E-01
  3991.583 9.998E-01
  3991.840 9.998E-01
  3992.098 9.999E-01
  3992.355 9.999E-01
  3992.613 9.999E-01
  3992.870 9.999E-01
  3993.127 9.999E-01
  3993.385 9.999E-01
  3993.642 9.995E-01
  3993.900 9.985E-01
  3994.157 9.971E-01
  3994.414 9.960E-01
  3994.672 9.953E-01
  3994.929 9.950E-01
  3995.187 9.951E-01
  3995.444 9.956E-01
  3995.701 9.965E-01
  3995.959 9.978E-01
  3996.216 9.991E-01
  3996.474 9.998E-01
  3996.731 9.999E-01
  3996.988 9.999E-01
  3997.246 9.999E-01
  3997.503 9.997E-01
  3997.761 9.994E-01
  3998.018 9.990E-01
  3998.275 9.988E-01
  3998.533 9.986E-01
  3998.790 9.986E-01
  3999.048 9.988E-01
  3999.305 9.990E-01
  3999.562 9.994E-01
  3999.820 9.999E-01
  4000.077 1.000E+00
  4000.335 1.000E+00
  4000.592 1.000E+00
  4000.849 1.000E+00
  4001.107 1.000E+00
  4001.364 1.000E+00
  4001.622 1.000E+00
  4001.879 1.000E+00
  4002.136 1.000E+00
  4002.394 9.998E-01
  4002.651 9.995E-01
  4002.909 9.992E-01
  4003.166 9.989E-01
  4003.423 9.988E-01
  4003.681 9.984E-01
  4003.938 9.972E-01
  4004.196 9.955E-01
  4004.453 9.941E-01
  4004.710 9.934E-01
  4004.968 9.931E-01
  4005.225 9.932E-01
  4005.483 9.938E-01
  4005.740 9.948E-01
  4005.997 9.965E-01
  4006.255 9.983E-01
  4006.512 9.995E-01
  4006.770 9.998E-01
  4007.027 9.998E-01
  4007.284 9.997E-01
  4007.542 9.993E-01
  4007.799 9.973E-01
  4008.057 9.910E-01
  4008.314 9.801E-01
  4008.571 9.697E-01
  4008.829 9.626E-01
  4009.086 9.588E-01
  4009.344 9.583E-01
  4009.601 9.610E-01
  4009.858 9.669E-01
  4010.116 9.763E-01
  4010.373 9.875E-01
  4010.631 9.957E-01
  4010.888 9.989E-01
  4011.145 9.996E-01
  4011.403 9.997E-01
  4011.660 9.998E-01
  4011.918 9.998E-01
  4012.175 9.999E-01
  4012.432 9.999E-01
  4012.690 9.999E-01
  4012.947 9.999E-01
  4013.205 9.999E-01
  4013.462 9.999E-01
  4013.719 9.999E-01
  4013.977 9.999E-01
  4014.234 1.000E+00
  4014.492 1.000E+00
  4014.749 1.000E+00
  4015.006 1.000E+00
  4015.264 1.000E+00
  4015.521 1.000E+00
  4015.779 1.000E+00
  4016.036 1.000E+00
  4016.293 1.000E+00
  4016.551 1.000E+00
  4016.808 1.000E+00
  4017.066 1.000E+00
  4017.323 1.000E+00
  4017.580 1.000E+00
  4017.838 1.000E+00
  4018.095 1.000E+00
  4018.353 9.999E-01
  4018.610 9.998E-01
  4018.867 9.997E-01
  4019.125 9.997E-01
  4019.382 9.997E-01
  4019.640 9.997E-01
  4019.897 9.997E-01
  4020.154 9.997E-01
  4020.412 9.998E-01
  4020.669 9.998E-01
  4020.927 9.997E-01
  4021.184 9.995E-01
  4021.441 9.992E-01
  4021.699 9.988E-01
  4021.956 9.986E-01
  4022.214 9.984E-01
  4022.471 9.982E-01
  4022.728 9.976E-01
  4022.986 9.964E-01
  4023.243 9.951E-01
  4023.501 9.941E-01
  4023.758 9.931E-01
  4024.015 9.916E-01
  4024.273 9.893E-01
  4024.530 9.850E-01
  4024.788 9.742E-01
  4025.045 9.501E-01
  4025.302 9.162E-01
  4025.560 8.859E-01
  4025.817 8.662E-01
  4026.075 8.579E-01
  4026.332 8.604E-01
  4026.589 8.733E-01
  4026.847 8.963E-01
  4027.104 9.284E-01
  4027.362 9.630E-01
  4027.619 9.865E-01
  4027.876 9.958E-01
  4028.134 9.981E-01
  4028.391 9.988E-01
  4028.649 9.991E-01
  4028.906 9.993E-01
  4029.163 9.994E-01
  4029.421 9.995E-01
  4029.678 9.996E-01
  4029.936 9.996E-01
  4030.193 9.997E-01
  4030.450 9.996E-01
  4030.708 9.995E-01
  4030.965 9.994E-01
  4031.223 9.993E-01
  4031.480 9.993E-01
  4031.737 9.992E-01
  4031.995 9.991E-01
  4032.252 9.985E-01
  4032.510 9.974E-01
  4032.767 9.963E-01
  4033.024 9.955E-01
  4033.282 9.952E-01
  4033.539 9.951E-01
  4033.797 9.952E-01
  4034.054 9.954E-01
  4034.311 9.960E-01
  4034.569 9.970E-01
  4034.826 9.980E-01
  4035.084 9.985E-01
  4035.341 9.986E-01
  4035.598 9.988E-01
  4035.856 9.992E-01
  4036.113 9.996E-01
  4036.371 9.999E-01
  4036.628 9.999E-01
  4036.885 9.999E-01
  4037.143 9.998E-01
  4037.400 9.997E-01
  4037.658 9.997E-01
  4037.915 9.996E-01
  4038.172 9.993E-01
  4038.430 9.991E-01
  4038.687 9.990E-01
  4038.945 9.990E-01
  4039.202 9.990E-01
  4039.459 9.991E-01
  4039.717 9.992E-01
  4039.974 9.991E-01
  4040.232 9.986E-01
  4040.489 9.979E-01
  4040.746 9.973E-01
  4041.004 9.968E-01
  4041.261 9.965E-01
  4041.519 9.965E-01
  4041.776 9.968E-01
  4042.033 9.973E-01
  4042.291 9.979E-01
  4042.548 9.983E-01
  4042.806 9.982E-01
  4043.063 9.980E-01
  4043.320 9.978E-01
  4043.578 9.974E-01
  4043.835 9.967E-01
  4044.093 9.959E-01
  4044.350 9.956E-01
  4044.607 9.957E-01
  4044.865 9.960E-01
  4045.122 9.963E-01
  4045.380 9.967E-01
  4045.637 9.974E-01
  4045.894 9.984E-01
  4046.152 9.994E-01
  4046.409 9.998E-01
  4046.667 9.999E-01
  4046.924 9.997E-01
  4047.181 9.993E-01
  4047.439 9.989E-01
  4047.696 9.985E-01
  4047.954 9.983E-01
  4048.211 9.982E-01
  4048.468 9.983E-01
  4048.726 9.985E-01
  4048.983 9.988E-01
  4049.241 9.993E-01
  4049.498 9.997E-01
  4049.755 9.999E-01
  4050.013 1.000E+00
  4050.270 1.000E+00
  4050.528 1.000E+00
  4050.785 1.000E+00
  4051.042 1.000E+00
  4051.300 1.000E+00
  4051.557 1.000E+00
  4051.815 1.000E+00
  4052.072 1.001E+00
  4052.329 1.001E+00
  4052.587 1.001E+00
  4052.844 1.001E+00
  4053.102 1.001E+00
  4053.359 1.002E+00
  4053.616 1.002E+00
  4053.874 1.002E+00
  4054.131 1.002E+00
  4054.389 1.002E+00
  4054.646 1.001E+00
  4054.903 9.997E-01
  4055.161 9.973E-01
  4055.418 9.951E-01
  4055.676 9.935E-01
  4055.933 9.926E-01
  4056.190 9.924E-01
  4056.448 9.929E-01
  4056.705 9.940E-01
  4056.963 9.957E-01
  4057.220 9.978E-01
  4057.477 9.991E-01
  4057.735 9.996E-01
  4057.992 9.997E-01
  4058.250 9.998E-01
  4058.507 9.999E-01
  4058.764 9.999E-01
  4059.022 1.000E+00
  4059.279 1.001E+00
  4059.537 1.002E+00
  4059.794 1.003E+00
  4060.051 1.005E+00
  4060.309 1.006E+00
  4060.566 1.007E+00
  4060.824 1.007E+00
  4061.081 1.007E+00
  4061.338 1.005E+00
  4061.596 1.003E+00
  4061.853 1.001E+00
  4062.111 9.986E-01
  4062.368 9.970E-01
  4062.625 9.962E-01
  4062.883 9.959E-01
  4063.140 9.961E-01
  4063.398 9.966E-01
  4063.655 9.974E-01
  4063.912 9.983E-01
  4064.170 9.992E-01
  4064.427 9.996E-01
  4064.685 9.996E-01
  4064.942 9.996E-01
  4065.199 9.997E-01
  4065.457 9.997E-01
  4065.714 9.998E-01
  4065.972 9.998E-01
  4066.229 9.998E-01
  4066.486 9.991E-01
  4066.744 9.964E-01
  4067.001 9.916E-01
  4067.259 9.871E-01
  4067.516 9.829E-01
  4067.773 9.776E-01
  4068.031 9.719E-01
  4068.288 9.682E-01
  4068.546 9.671E-01
  4068.803 9.678E-01
  4069.060 9.682E-01
  4069.318 9.665E-01
  4069.575 9.649E-01
  4069.833 9.659E-01
  4070.090 9.690E-01
  4070.347 9.718E-01
  4070.605 9.742E-01
  4070.862 9.774E-01
  4071.120 9.814E-01
  4071.377 9.861E-01
  4071.634 9.897E-01
  4071.892 9.908E-01
  4072.149 9.913E-01
  4072.407 9.922E-01
  4072.664 9.930E-01
  4072.921 9.939E-01
  4073.179 9.954E-01
  4073.436 9.971E-01
  4073.694 9.982E-01
  4073.951 9.988E-01
  4074.208 9.991E-01
  4074.466 9.982E-01
  4074.723 9.949E-01
  4074.981 9.900E-01
  4075.238 9.860E-01
  4075.495 9.831E-01
  4075.753 9.815E-01
  4076.010 9.813E-01
  4076.268 9.826E-01
  4076.525 9.855E-01
  4076.782 9.901E-01
  4077.040 9.954E-01
  4077.297 9.987E-01
  4077.555 9.998E-01
  4077.812 1.000E+00
  4078.069 1.000E+00
  4078.327 1.001E+00
  4078.584 1.001E+00
  4078.842 1.001E+00
  4079.099 1.001E+00
  4079.356 1.001E+00
  4079.614 1.000E+00
  4079.871 9.997E-01
  4080.129 9.988E-01
  4080.386 9.981E-01
  4080.643 9.978E-01
  4080.901 9.976E-01
  4081.158 9.977E-01
  4081.416 9.979E-01
  4081.673 9.984E-01
  4081.930 9.991E-01
  4082.188 9.998E-01
  4082.445 1.000E+00
  4082.703 9.995E-01
  4082.960 9.980E-01
  4083.217 9.966E-01
  4083.475 9.955E-01
  4083.732 9.948E-01
  4083.990 9.947E-01
  4084.247 9.952E-01
  4084.504 9.960E-01
  4084.762 9.972E-01
  4085.019 9.987E-01
  4085.277 1.000E+00
  4085.534 1.000E+00
  4085.791 9.996E-01
  4086.049 9.973E-01
  4086.306 9.941E-01
  4086.564 9.915E-01
  4086.821 9.898E-01
  4087.078 9.888E-01
  4087.336 9.867E-01
  4087.593 9.781E-01
  4087.851 9.583E-01
  4088.108 9.374E-01
  4088.365 9.209E-01
  4088.623 9.104E-01
  4088.880 9.058E-01
  4089.138 9.077E-01
  4089.395 9.166E-01
  4089.652 9.331E-01
  4089.910 9.564E-01
  4090.167 9.801E-01
  4090.425 9.932E-01
  4090.682 9.985E-01
  4090.939 1.000E+00
  4091.197 1.000E+00
  4091.454 1.001E+00
  4091.712 1.001E+00
  4091.969 1.002E+00
  4092.226 1.002E+00
  4092.484 1.003E+00
  4092.741 1.003E+00
  4092.999 1.003E+00
  4093.256 1.002E+00
  4093.513 1.001E+00
  4093.771 9.995E-01
  4094.028 9.978E-01
  4094.286 9.957E-01
  4094.543 9.922E-01
  4094.800 9.887E-01
  4095.058 9.859E-01
  4095.315 9.841E-01
  4095.573 9.833E-01
  4095.830 9.821E-01
  4096.087 9.770E-01
  4096.345 9.669E-01
  4096.602 9.585E-01
  4096.860 9.538E-01
  4097.117 9.506E-01
  4097.374 9.492E-01
  4097.632 9.503E-01
  4097.889 9.544E-01
  4098.147 9.617E-01
  4098.404 9.711E-01
  4098.661 9.780E-01
  4098.919 9.776E-01
  4099.176 9.729E-01
  4099.434 9.659E-01
  4099.691 9.548E-01
  4099.948 9.360E-01
  4100.206 9.059E-01
  4100.463 8.637E-01
  4100.721 8.128E-01
  4100.978 7.605E-01
  4101.235 7.157E-01
  4101.493 6.862E-01
  4101.750 6.763E-01
  4102.008 6.867E-01
  4102.265 7.152E-01
  4102.522 7.580E-01
  4102.780 8.087E-01
  4103.037 8.583E-01
  4103.295 8.997E-01
  4103.552 9.294E-01
  4103.809 9.490E-01
  4104.067 9.623E-01
  4104.324 9.729E-01
  4104.582 9.817E-01
  4104.839 9.873E-01
  4105.096 9.902E-01
  4105.354 9.919E-01
  4105.611 9.933E-01
  4105.869 9.942E-01
  4106.126 9.947E-01
  4106.383 9.948E-01
  4106.641 9.948E-01
  4106.898 9.948E-01
  4107.156 9.949E-01
  4107.413 9.950E-01
  4107.670 9.949E-01
  4107.928 9.949E-01
  4108.185 9.952E-01
  4108.443 9.956E-01
  4108.700 9.958E-01
  4108.957 9.960E-01
  4109.215 9.961E-01
  4109.472 9.960E-01
  4109.730 9.953E-01
  4109.987 9.945E-01
  4110.244 9.938E-01
  4110.502 9.932E-01
  4110.759 9.930E-01
  4111.017 9.932E-01
  4111.274 9.938E-01
  4111.531 9.949E-01
  4111.789 9.965E-01
  4112.046 9.981E-01
  4112.304 9.989E-01
  4112.561 9.992E-01
  4112.818 9.992E-01
  4113.076 9.991E-01
  4113.333 9.988E-01
  4113.591 9.982E-01
  4113.848 9.977E-01
  4114.105 9.974E-01
  4114.363 9.970E-01
  4114.620 9.947E-01
  4114.878 9.858E-01
  4115.135 9.688E-01
  4115.392 9.533E-01
  4115.650 9.431E-01
  4115.907 9.377E-01
  4116.165 9.367E-01
  4116.422 9.400E-01
  4116.679 9.480E-01
  4116.937 9.611E-01
  4117.194 9.782E-01
  4117.452 9.932E-01
  4117.709 9.990E-01
  4117.966 9.994E-01
  4118.224 9.976E-01
  4118.481 9.959E-01
  4118.739 9.950E-01
  4118.996 9.943E-01
  4119.253 9.927E-01
  4119.511 9.870E-01
  4119.768 9.748E-01
  4120.026 9.614E-01
  4120.283 9.518E-01
  4120.540 9.464E-01
  4120.798 9.439E-01
  4121.055 9.450E-01
  4121.313 9.505E-01
  4121.570 9.606E-01
  4121.827 9.749E-01
  4122.085 9.894E-01
  4122.342 9.979E-01
  4122.600 1.001E+00
  4122.857 1.001E+00
  4123.114 1.001E+00
  4123.372 1.001E+00
  4123.629 1.001E+00
  4123.887 1.000E+00
  4124.144 1.000E+00
  4124.401 1.000E+00
  4124.659 9.999E-01
  4124.916 9.999E-01
  4125.174 9.999E-01
  4125.431 9.999E-01
  4125.688 1.000E+00
  4125.946 1.000E+00
  4126.203 1.000E+00
  4126.461 1.000E+00
  4126.718 1.000E+00
  4126.975 1.000E+00
  4127.233 1.000E+00
  4127.490 1.000E+00
  4127.748 9.999E-01
  4128.005 9.997E-01
  4128.262 9.996E-01
  4128.520 9.995E-01
  4128.777 9.995E-01
  4129.035 9.995E-01
  4129.292 9.995E-01
  4129.549 9.996E-01
  4129.807 9.996E-01
  4130.064 9.997E-01
  4130.322 9.998E-01
  4130.579 9.999E-01
  4130.836 1.000E+00
  4131.094 9.999E-01
  4131.351 9.997E-01
  4131.609 9.990E-01
  4131.866 9.978E-01
  4132.123 9.968E-01
  4132.381 9.961E-01
  4132.638 9.956E-01
  4132.896 9.955E-01
  4133.153 9.957E-01
  4133.410 9.964E-01
  4133.668 9.974E-01
  4133.925 9.986E-01
  4134.183 9.996E-01
  4134.440 1.000E+00
  4134.697 1.000E+00
  4134.955 1.000E+00
  4135.212 1.000E+00
  4135.470 1.000E+00
  4135.727 9.999E-01
  4135.984 1.000E+00
  4136.242 1.000E+00
  4136.499 1.001E+00
  4136.757 1.002E+00
  4137.014 1.002E+00
  4137.271 1.003E+00
  4137.529 1.003E+00
  4137.786 1.003E+00
  4138.044 1.003E+00
  4138.301 1.003E+00
  4138.558 1.002E+00
  4138.816 1.002E+00
  4139.073 1.002E+00
  4139.331 1.002E+00
  4139.588 1.002E+00
  4139.845 1.002E+00
  4140.103 1.001E+00
  4140.360 1.001E+00
  4140.618 1.001E+00
  4140.875 1.000E+00
  4141.132 1.000E+00
  4141.390 1.000E+00
  4141.647 1.000E+00
  4141.905 9.999E-01
  4142.162 9.986E-01
  4142.419 9.927E-01
  4142.677 9.795E-01
  4142.934 9.640E-01
  4143.192 9.520E-01
  4143.449 9.445E-01
  4143.706 9.414E-01
  4143.964 9.424E-01
  4144.221 9.479E-01
  4144.479 9.582E-01
  4144.736 9.731E-01
  4144.993 9.887E-01
  4145.251 9.981E-01
  4145.508 1.001E+00
  4145.766 1.002E+00
  4146.023 1.002E+00
  4146.280 1.002E+00
  4146.538 1.001E+00
  4146.795 1.001E+00
  4147.053 1.000E+00
  4147.310 1.000E+00
  4147.567 1.000E+00
  4147.825 1.001E+00
  4148.082 1.001E+00
  4148.340 1.001E+00
  4148.597 1.001E+00
  4148.854 1.000E+00
  4149.112 1.000E+00
  4149.369 9.996E-01
  4149.627 9.991E-01
  4149.884 9.987E-01
  4150.141 9.984E-01
  4150.399 9.984E-01
  4150.656 9.985E-01
  4150.914 9.987E-01
  4151.171 9.988E-01
  4151.428 9.983E-01
  4151.686 9.975E-01
  4151.943 9.966E-01
  4152.201 9.949E-01
  4152.458 9.933E-01
  4152.715 9.922E-01
  4152.973 9.918E-01
  4153.230 9.922E-01
  4153.488 9.933E-01
  4153.745 9.950E-01
  4154.002 9.970E-01
  4154.260 9.989E-01
  4154.517 1.001E+00
  4154.775 1.002E+00
  4155.032 1.002E+00
  4155.289 1.001E+00
  4155.547 9.988E-01
  4155.804 9.968E-01
  4156.062 9.953E-01
  4156.319 9.943E-01
  4156.576 9.940E-01
  4156.834 9.942E-01
  4157.091 9.949E-01
  4157.349 9.961E-01
  4157.606 9.977E-01
  4157.863 9.992E-01
  4158.121 9.998E-01
  4158.378 1.000E+00
  4158.636 1.000E+00
  4158.893 1.000E+00
  4159.150 1.000E+00
  4159.408 1.000E+00
  4159.665 1.000E+00
  4159.923 1.000E+00
  4160.180 1.000E+00
  4160.437 1.000E+00
  4160.695 1.000E+00
  4160.952 1.000E+00
  4161.210 1.000E+00
  4161.467 9.996E-01
  4161.724 9.982E-01
  4161.982 9.964E-01
  4162.239 9.948E-01
  4162.497 9.938E-01
  4162.754 9.933E-01
  4163.011 9.933E-01
  4163.269 9.939E-01
  4163.526 9.957E-01
  4163.784 9.987E-01
  4164.041 1.002E+00
  4164.298 1.004E+00
  4164.556 1.006E+00
  4164.813 1.006E+00
  4165.071 1.006E+00
  4165.328 1.005E+00
  4165.585 1.004E+00
  4165.843 1.003E+00
  4166.100 1.002E+00
  4166.358 1.001E+00
  4166.615 1.001E+00
  4166.872 1.001E+00
  4167.130 1.001E+00
  4167.387 1.001E+00
  4167.645 9.996E-01
  4167.902 9.971E-01
  4168.159 9.941E-01
  4168.417 9.917E-01
  4168.674 9.901E-01
  4168.932 9.894E-01
  4169.189 9.894E-01
  4169.446 9.901E-01
  4169.704 9.917E-01
  4169.961 9.942E-01
  4170.219 9.970E-01
  4170.476 9.988E-01
  4170.733 9.994E-01
  4170.991 9.993E-01
  4171.248 9.991E-01
  4171.506 9.989E-01
  4171.763 9.988E-01
  4172.020 9.988E-01
  4172.278 9.988E-01
  4172.535 9.990E-01
  4172.793 9.993E-01
  4173.050 1.000E+00
  4173.307 1.001E+00
  4173.565 1.002E+00
  4173.822 1.002E+00
  4174.080 1.002E+00
  4174.337 1.003E+00
  4174.594 1.003E+00
  4174.852 1.002E+00
  4175.109 1.002E+00
  4175.367 1.001E+00
  4175.624 1.000E+00
  4175.881 9.998E-01
  4176.139 9.997E-01
  4176.396 9.997E-01
  4176.654 9.998E-01
  4176.911 9.999E-01
  4177.168 1.000E+00
  4177.426 1.000E+00
  4177.683 1.000E+00
  4177.941 1.000E+00
  4178.198 1.000E+00
  4178.455 1.000E+00
  4178.713 1.000E+00
  4178.970 1.000E+00
  4179.228 1.000E+00
  4179.485 1.000E+00
  4179.742 1.000E+00
  4180.000 1.000E+00
  4180.257 1.000E+00
  4180.515 1.000E+00
  4180.772 1.000E+00
  4181.029 1.000E+00
  4181.287 9.999E-01
  4181.544 1.000E+00
  4181.802 1.000E+00
  4182.059 1.000E+00
  4182.316 1.000E+00
  4182.574 1.000E+00
  4182.831 9.997E-01
  4183.089 9.991E-01
  4183.346 9.985E-01
  4183.603 9.981E-01
  4183.861 9.979E-01
  4184.118 9.975E-01
  4184.376 9.966E-01
  4184.633 9.958E-01
  4184.890 9.953E-01
  4185.148 9.951E-01
  4185.405 9.948E-01
  4185.663 9.932E-01
  4185.920 9.905E-01
  4186.177 9.882E-01
  4186.435 9.873E-01
  4186.692 9.874E-01
  4186.950 9.879E-01
  4187.207 9.888E-01
  4187.464 9.903E-01
  4187.722 9.927E-01
  4187.979 9.957E-01
  4188.237 9.983E-01
  4188.494 9.984E-01
  4188.751 9.961E-01
  4189.009 9.936E-01
  4189.266 9.919E-01
  4189.524 9.908E-01
  4189.781 9.905E-01
  4190.038 9.908E-01
  4190.296 9.917E-01
  4190.553 9.934E-01
  4190.811 9.959E-01
  4191.068 9.985E-01
  4191.325 9.996E-01
  4191.583 9.997E-01
  4191.840 9.996E-01
  4192.098 9.996E-01
  4192.355 9.996E-01
  4192.612 9.996E-01
  4192.870 9.998E-01
  4193.127 1.000E+00
  4193.385 1.000E+00
  4193.642 1.000E+00
  4193.899 1.000E+00
  4194.157 1.000E+00
  4194.414 1.000E+00
  4194.672 1.000E+00
  4194.929 9.996E-01
  4195.186 9.992E-01
  4195.444 9.990E-01
  4195.701 9.988E-01
  4195.959 9.987E-01
  4196.216 9.987E-01
  4196.473 9.988E-01
  4196.731 9.990E-01
  4196.988 9.992E-01
  4197.246 9.992E-01
  4197.503 9.990E-01
  4197.760 9.986E-01
  4198.018 9.977E-01
  4198.275 9.959E-01
  4198.533 9.930E-01
  4198.790 9.891E-01
  4199.047 9.852E-01
  4199.305 9.820E-01
  4199.562 9.801E-01
  4199.820 9.796E-01
  4200.077 9.805E-01
  4200.334 9.827E-01
  4200.592 9.861E-01
  4200.849 9.901E-01
  4201.107 9.939E-01
  4201.364 9.966E-01
  4201.621 9.982E-01
  4201.879 9.990E-01
  4202.136 9.994E-01
  4202.394 9.996E-01
  4202.651 9.999E-01
  4202.908 1.000E+00
  4203.166 1.000E+00
  4203.423 1.000E+00
  4203.681 1.001E+00
  4203.938 1.001E+00
  4204.195 1.001E+00
  4204.453 1.000E+00
  4204.710 1.000E+00
  4204.968 1.000E+00
  4205.225 1.000E+00
  4205.482 9.999E-01
  4205.740 9.999E-01
  4205.997 9.998E-01
  4206.255 9.998E-01
  4206.512 9.998E-01
  4206.769 9.997E-01
  4207.027 9.998E-01
  4207.284 9.998E-01
  4207.542 9.998E-01
  4207.799 9.999E-01
  4208.056 1.000E+00
  4208.314 1.000E+00
  4208.571 1.000E+00
  4208.829 1.000E+00
  4209.086 1.000E+00
  4209.343 1.000E+00
  4209.601 1.000E+00
  4209.858 1.001E+00
  4210.116 1.001E+00
  4210.373 1.001E+00
  4210.630 1.001E+00
  4210.888 1.000E+00
  4211.145 9.993E-01
  4211.403 9.969E-01
  4211.660 9.947E-01
  4211.917 9.930E-01
  4212.175 9.921E-01
  4212.432 9.918E-01
  4212.690 9.921E-01
  4212.947 9.930E-01
  4213.204 9.945E-01
  4213.462 9.966E-01
  4213.719 9.988E-01
  4213.977 9.997E-01
  4214.234 9.999E-01
  4214.491 9.999E-01
  4214.749 9.999E-01
  4215.006 9.998E-01
  4215.264 9.998E-01
  4215.521 9.998E-01
  4215.778 9.997E-01
  4216.036 9.995E-01
  4216.293 9.992E-01
  4216.551 9.990E-01
  4216.808 9.990E-01
  4217.065 9.990E-01
  4217.323 9.990E-01
  4217.580 9.990E-01
  4217.838 9.991E-01
  4218.095 9.991E-01
  4218.352 9.986E-01
  4218.610 9.974E-01
  4218.867 9.960E-01
  4219.125 9.950E-01
  4219.382 9.943E-01
  4219.639 9.940E-01
  4219.897 9.940E-01
  4220.154 9.943E-01
  4220.412 9.952E-01
  4220.669 9.965E-01
  4220.926 9.980E-01
  4221.184 9.991E-01
  4221.441 9.996E-01
  4221.699 9.999E-01
  4221.956 1.000E+00
  4222.213 1.000E+00
  4222.471 1.001E+00
  4222.728 1.001E+00
  4222.986 1.000E+00
  4223.243 1.000E+00
  4223.500 1.000E+00
  4223.758 9.998E-01
  4224.015 9.997E-01
  4224.273 9.997E-01
  4224.530 9.996E-01
  4224.787 9.996E-01
  4225.045 9.996E-01
  4225.302 9.997E-01
  4225.560 9.997E-01
  4225.817 9.998E-01
  4226.074 9.999E-01
  4226.332 1.000E+00
  4226.589 1.000E+00
  4226.847 1.000E+00
  4227.104 1.000E+00
  4227.361 1.001E+00
  4227.619 1.001E+00
  4227.876 1.001E+00
  4228.134 1.001E+00
  4228.391 1.000E+00
  4228.648 1.000E+00
  4228.906 1.000E+00
  4229.163 1.000E+00
  4229.421 1.000E+00
  4229.678 1.000E+00
  4229.935 1.000E+00
  4230.193 9.998E-01
  4230.450 9.994E-01
  4230.708 9.988E-01
  4230.965 9.984E-01
  4231.222 9.981E-01
  4231.480 9.980E-01
  4231.737 9.980E-01
  4231.995 9.981E-01
  4232.252 9.984E-01
  4232.509 9.987E-01
  4232.767 9.989E-01
  4233.024 9.990E-01
  4233.282 9.990E-01
  4233.539 9.988E-01
  4233.796 9.988E-01
  4234.054 9.988E-01
  4234.311 9.989E-01
  4234.569 9.991E-01
  4234.826 9.994E-01
  4235.083 9.997E-01
  4235.341 9.999E-01
  4235.598 1.000E+00
  4235.856 1.000E+00
  4236.113 1.000E+00
  4236.370 1.000E+00
  4236.628 1.000E+00
  4236.885 1.000E+00
  4237.143 1.000E+00
  4237.400 1.000E+00
  4237.657 1.000E+00
  4237.915 1.000E+00
  4238.172 1.000E+00
  4238.430 1.000E+00
  4238.687 9.999E-01
  4238.944 9.996E-01
  4239.202 9.993E-01
  4239.459 9.990E-01
  4239.717 9.989E-01
  4239.974 9.988E-01
  4240.231 9.989E-01
  4240.489 9.992E-01
  4240.746 9.995E-01
  4241.004 9.997E-01
  4241.261 9.999E-01
  4241.518 1.000E+00
  4241.776 1.000E+00
  4242.033 9.999E-01
  4242.291 1.000E+00
  4242.548 1.000E+00
  4242.805 1.000E+00
  4243.063 1.001E+00
  4243.320 1.001E+00
  4243.578 1.001E+00
  4243.835 1.001E+00
  4244.092 1.000E+00
  4244.350 1.000E+00
  4244.607 1.000E+00
  4244.865 1.000E+00
  4245.122 1.000E+00
  4245.379 1.000E+00
  4245.637 1.001E+00
  4245.894 1.001E+00
  4246.152 1.001E+00
  4246.409 1.002E+00
  4246.666 1.003E+00
  4246.924 1.003E+00
  4247.181 1.003E+00
  4247.439 1.003E+00
  4247.696 1.003E+00
  4247.953 1.002E+00
  4248.211 1.002E+00
  4248.468 1.001E+00
  4248.726 1.001E+00
  4248.983 1.000E+00
  4249.240 1.000E+00
  4249.498 1.000E+00
  4249.755 9.998E-01
  4250.013 9.996E-01
  4250.270 9.996E-01
  4250.527 9.997E-01
  4250.785 9.998E-01
  4251.042 9.999E-01
  4251.300 1.000E+00
  4251.557 1.000E+00
  4251.814 1.000E+00
  4252.072 9.997E-01
  4252.329 9.970E-01
  4252.587 9.922E-01
  4252.844 9.890E-01
  4253.101 9.877E-01
  4253.359 9.876E-01
  4253.616 9.881E-01
  4253.874 9.894E-01
  4254.131 9.914E-01
  4254.388 9.943E-01
  4254.646 9.982E-01
  4254.903 1.001E+00
  4255.161 1.002E+00
  4255.418 1.000E+00
  4255.675 1.000E+00
  4255.933 9.999E-01
  4256.190 1.000E+00
  4256.448 9.999E-01
  4256.705 9.997E-01
  4256.962 9.993E-01
  4257.220 9.991E-01
  4257.477 9.990E-01
  4257.735 9.989E-01
  4257.992 9.990E-01
  4258.249 9.992E-01
  4258.507 9.994E-01
  4258.764 9.997E-01
  4259.022 1.000E+00
  4259.279 1.000E+00
  4259.536 1.000E+00
  4259.794 1.000E+00
  4260.051 1.000E+00
  4260.309 1.000E+00
  4260.566 1.000E+00
  4260.823 1.000E+00
  4261.081 1.000E+00
  4261.338 1.000E+00
  4261.596 1.000E+00
  4261.853 1.000E+00
  4262.110 1.000E+00
  4262.368 1.000E+00
  4262.625 1.000E+00
  4262.883 1.000E+00
  4263.140 1.000E+00
  4263.397 1.000E+00
  4263.655 1.000E+00
  4263.912 1.000E+00
  4264.170 1.000E+00
  4264.427 1.000E+00
  4264.684 1.000E+00
  4264.942 1.000E+00
  4265.199 9.999E-01
  4265.457 9.995E-01
  4265.714 9.974E-01
  4265.971 9.925E-01
  4266.229 9.865E-01
  4266.486 9.817E-01
  4266.744 9.787E-01
  4267.001 9.773E-01
  4267.258 9.774E-01
  4267.516 9.790E-01
  4267.773 9.823E-01
  4268.031 9.873E-01
  4268.288 9.934E-01
  4268.545 9.980E-01
  4268.803 9.996E-01
  4269.060 9.999E-01
  4269.318 1.000E+00
  4269.575 1.000E+00
  4269.832 1.000E+00
  4270.090 1.000E+00
  4270.347 1.000E+00
  4270.605 1.000E+00
  4270.862 1.000E+00
  4271.119 1.000E+00
  4271.377 1.000E+00
  4271.634 1.000E+00
  4271.892 1.000E+00
  4272.149 1.000E+00
  4272.406 1.000E+00
  4272.664 1.001E+00
  4272.921 1.001E+00
  4273.179 1.001E+00
  4273.436 1.001E+00
  4273.693 1.000E+00
  4273.951 1.000E+00
  4274.208 9.989E-01
  4274.466 9.966E-01
  4274.723 9.942E-01
  4274.980 9.924E-01
  4275.238 9.910E-01
  4275.495 9.894E-01
  4275.753 9.877E-01
  4276.010 9.868E-01
  4276.267 9.875E-01
  4276.525 9.894E-01
  4276.782 9.918E-01
  4277.040 9.935E-01
  4277.297 9.948E-01
  4277.554 9.961E-01
  4277.812 9.976E-01
  4278.069 9.987E-01
  4278.327 9.989E-01
  4278.584 9.986E-01
  4278.841 9.983E-01
  4279.099 9.984E-01
  4279.356 9.988E-01
  4279.614 9.991E-01
  4279.871 9.994E-01
  4280.128 9.995E-01
  4280.386 9.994E-01
  4280.643 9.991E-01
  4280.901 9.989E-01
  4281.158 9.988E-01
  4281.415 9.987E-01
  4281.673 9.982E-01
  4281.930 9.970E-01
  4282.188 9.957E-01
  4282.445 9.946E-01
  4282.702 9.938E-01
  4282.960 9.932E-01
  4283.217 9.929E-01
  4283.475 9.924E-01
  4283.732 9.903E-01
  4283.989 9.868E-01
  4284.247 9.842E-01
  4284.504 9.825E-01
  4284.762 9.819E-01
  4285.019 9.823E-01
  4285.276 9.837E-01
  4285.534 9.860E-01
  4285.791 9.895E-01
  4286.049 9.943E-01
  4286.306 9.990E-01
  4286.563 1.001E+00
  4286.821 1.001E+00
  4287.078 1.001E+00
  4287.336 1.000E+00
  4287.593 9.997E-01
  4287.850 9.991E-01
  4288.108 9.987E-01
  4288.365 9.984E-01
  4288.623 9.983E-01
  4288.880 9.983E-01
  4289.137 9.988E-01
  4289.395 9.998E-01
  4289.652 1.001E+00
  4289.910 1.002E+00
  4290.167 1.003E+00
  4290.424 1.003E+00
  4290.682 1.003E+00
  4290.939 1.002E+00
  4291.197 1.002E+00
  4291.454 1.001E+00
  4291.711 1.000E+00
  4291.969 9.997E-01
  4292.226 9.997E-01
  4292.484 9.998E-01
  4292.741 9.999E-01
  4292.998 9.999E-01
  4293.256 9.999E-01
  4293.513 9.997E-01
  4293.771 9.991E-01
  4294.028 9.984E-01
  4294.285 9.979E-01
  4294.543 9.976E-01
  4294.800 9.975E-01
  4295.058 9.976E-01
  4295.315 9.978E-01
  4295.572 9.985E-01
  4295.830 9.995E-01
  4296.087 1.001E+00
  4296.345 1.001E+00
  4296.602 1.002E+00
  4296.859 1.001E+00
  4297.117 1.001E+00
  4297.374 1.000E+00
  4297.632 9.999E-01
  4297.889 9.993E-01
  4298.146 9.989E-01
  4298.404 9.987E-01
  4298.661 9.989E-01
  4298.919 9.991E-01
  4299.176 9.995E-01
  4299.433 9.998E-01
  4299.691 9.999E-01
  4299.948 1.000E+00
  4300.206 1.000E+00
  4300.463 1.000E+00
  4300.720 1.000E+00
  4300.978 1.000E+00
  4301.235 1.000E+00
  4301.493 1.000E+00
  4301.750 1.000E+00
  4302.007 1.000E+00
  4302.265 1.000E+00
  4302.522 9.989E-01
  4302.780 9.969E-01
  4303.037 9.952E-01
  4303.294 9.941E-01
  4303.552 9.938E-01
  4303.809 9.941E-01
  4304.067 9.948E-01
  4304.324 9.958E-01
  4304.581 9.974E-01
  4304.839 9.994E-01
  4305.096 1.001E+00
  4305.354 1.002E+00
  4305.611 1.001E+00
  4305.868 1.001E+00
  4306.126 1.000E+00
  4306.383 9.996E-01
  4306.641 9.994E-01
  4306.898 9.992E-01
  4307.155 9.991E-01
  4307.413 9.991E-01
  4307.670 9.994E-01
  4307.928 9.999E-01
  4308.185 1.001E+00
  4308.442 1.001E+00
  4308.700 1.002E+00
  4308.957 1.002E+00
  4309.215 1.003E+00
  4309.472 1.003E+00
  4309.729 1.004E+00
  4309.987 1.004E+00
  4310.244 1.003E+00
  4310.502 1.003E+00
  4310.759 1.003E+00
  4311.016 1.002E+00
  4311.274 1.001E+00
  4311.531 1.000E+00
  4311.789 9.996E-01
  4312.046 9.992E-01
  4312.303 9.985E-01
  4312.561 9.978E-01
  4312.818 9.971E-01
  4313.076 9.966E-01
  4313.333 9.963E-01
  4313.590 9.962E-01
  4313.848 9.961E-01
  4314.105 9.961E-01
  4314.363 9.962E-01
  4314.620 9.966E-01
  4314.877 9.970E-01
  4315.135 9.972E-01
  4315.392 9.972E-01
  4315.650 9.966E-01
  4315.907 9.945E-01
  4316.164 9.916E-01
  4316.422 9.893E-01
  4316.679 9.879E-01
  4316.937 9.872E-01
  4317.194 9.872E-01
  4317.451 9.879E-01
  4317.709 9.895E-01
  4317.966 9.918E-01
  4318.224 9.939E-01
  4318.481 9.940E-01
  4318.738 9.916E-01
  4318.996 9.890E-01
  4319.253 9.872E-01
  4319.511 9.862E-01
  4319.768 9.860E-01
  4320.025 9.868E-01
  4320.283 9.886E-01
  4320.540 9.915E-01
  4320.798 9.953E-01
  4321.055 9.985E-01
  4321.312 9.999E-01
  4321.570 1.000E+00
  4321.827 1.000E+00
  4322.085 1.000E+00
  4322.342 1.000E+00
  4322.599 1.000E+00
  4322.857 1.000E+00
  4323.114 1.000E+00
  4323.372 1.000E+00
  4323.629 9.999E-01
  4323.886 9.999E-01
  4324.144 9.999E-01
  4324.401 9.998E-01
  4324.659 9.995E-01
  4324.916 9.992E-01
  4325.173 9.991E-01
  4325.431 9.990E-01
  4325.688 9.990E-01
  4325.946 9.990E-01
  4326.203 9.988E-01
  4326.460 9.985E-01
  4326.718 9.981E-01
  4326.975 9.977E-01
  4327.233 9.971E-01
  4327.490 9.963E-01
  4327.747 9.958E-01
  4328.005 9.957E-01
  4328.262 9.958E-01
  4328.520 9.963E-01
  4328.777 9.970E-01
  4329.034 9.976E-01
  4329.292 9.983E-01
  4329.549 9.989E-01
  4329.807 9.992E-01
  4330.064 9.992E-01
  4330.321 9.992E-01
  4330.579 9.989E-01
  4330.836 9.985E-01
  4331.094 9.980E-01
  4331.351 9.966E-01
  4331.608 9.937E-01
  4331.866 9.908E-01
  4332.123 9.887E-01
  4332.381 9.876E-01
  4332.638 9.872E-01
  4332.895 9.873E-01
  4333.153 9.880E-01
  4333.410 9.893E-01
  4333.668 9.914E-01
  4333.925 9.940E-01
  4334.182 9.958E-01
  4334.440 9.963E-01
  4334.697 9.963E-01
  4334.955 9.962E-01
  4335.212 9.960E-01
  4335.469 9.954E-01
  4335.727 9.936E-01
  4335.984 9.913E-01
  4336.242 9.892E-01
  4336.499 9.873E-01
  4336.756 9.852E-01
  4337.014 9.826E-01
  4337.271 9.791E-01
  4337.529 9.746E-01
  4337.786 9.692E-01
  4338.043 9.621E-01
  4338.301 9.510E-01
  4338.558 9.322E-01
  4338.816 9.030E-01
  4339.073 8.630E-01
  4339.330 8.148E-01
  4339.588 7.640E-01
  4339.845 7.177E-01
  4340.103 6.833E-01
  4340.360 6.658E-01
  4340.617 6.676E-01
  4340.875 6.888E-01
  4341.132 7.269E-01
  4341.390 7.764E-01
  4341.647 8.294E-01
  4341.904 8.784E-01
  4342.162 9.183E-01
  4342.419 9.467E-01
  4342.677 9.650E-01
  4342.934 9.763E-01
  4343.191 9.835E-01
  4343.449 9.880E-01
  4343.706 9.903E-01
  4343.964 9.911E-01
  4344.221 9.901E-01
  4344.478 9.867E-01
  4344.736 9.834E-01
  4344.993 9.812E-01
  4345.251 9.802E-01
  4345.508 9.802E-01
  4345.765 9.807E-01
  4346.023 9.807E-01
  4346.280 9.791E-01
  4346.538 9.782E-01
  4346.795 9.790E-01
  4347.052 9.798E-01
  4347.310 9.799E-01
  4347.567 9.803E-01
  4347.825 9.810E-01
  4348.082 9.803E-01
  4348.339 9.768E-01
  4348.597 9.740E-01
  4348.854 9.722E-01
  4349.112 9.702E-01
  4349.369 9.691E-01
  4349.626 9.693E-01
  4349.884 9.696E-01
  4350.141 9.685E-01
  4350.399 9.691E-01
  4350.656 9.722E-01
  4350.913 9.747E-01
  4351.171 9.751E-01
  4351.428 9.753E-01
  4351.686 9.768E-01
  4351.943 9.799E-01
  4352.200 9.846E-01
  4352.458 9.902E-01
  4352.715 9.945E-01
  4352.973 9.959E-01
  4353.230 9.960E-01
  4353.487 9.959E-01
  4353.745 9.960E-01
  4354.002 9.963E-01
  4354.260 9.968E-01
  4354.517 9.974E-01
  4354.774 9.981E-01
  4355.032 9.988E-01
  4355.289 9.992E-01
  4355.547 9.995E-01
  4355.804 1.000E+00
  4356.061 1.000E+00
  4356.319 1.000E+00
  4356.576 1.001E+00
  4356.834 1.001E+00
  4357.091 1.001E+00
  4357.348 1.000E+00
  4357.606 1.000E+00
  4357.863 9.998E-01
  4358.121 9.995E-01
  4358.378 9.994E-01
  4358.635 9.993E-01
  4358.893 9.994E-01
  4359.150 9.994E-01
  4359.408 9.995E-01
  4359.665 9.996E-01
  4359.922 9.995E-01
  4360.180 9.990E-01
  4360.437 9.975E-01
  4360.695 9.961E-01
  4360.952 9.951E-01
  4361.209 9.944E-01
  4361.467 9.942E-01
  4361.724 9.943E-01
  4361.982 9.947E-01
  4362.239 9.956E-01
  4362.496 9.969E-01
  4362.754 9.984E-01
  4363.011 9.994E-01
  4363.269 9.995E-01
  4363.526 9.989E-01
  4363.783 9.979E-01
  4364.041 9.971E-01
  4364.298 9.965E-01
  4364.556 9.961E-01
  4364.813 9.959E-01
  4365.070 9.959E-01
  4365.328 9.957E-01
  4365.585 9.944E-01
  4365.843 9.913E-01
  4366.100 9.886E-01
  4366.357 9.865E-01
  4366.615 9.852E-01
  4366.872 9.848E-01
  4367.130 9.853E-01
  4367.387 9.867E-01
  4367.644 9.890E-01
  4367.902 9.922E-01
  4368.159 9.955E-01
  4368.417 9.970E-01
  4368.674 9.969E-01
  4368.931 9.963E-01
  4369.189 9.959E-01
  4369.446 9.958E-01
  4369.704 9.959E-01
  4369.961 9.961E-01
  4370.218 9.964E-01
  4370.476 9.970E-01
  4370.733 9.982E-01
  4370.991 1.001E+00
  4371.248 1.004E+00
  4371.505 1.009E+00
  4371.763 1.013E+00
  4372.020 1.017E+00
  4372.278 1.019E+00
  4372.535 1.020E+00
  4372.792 1.019E+00
  4373.050 1.017E+00
  4373.307 1.013E+00
  4373.565 1.009E+00
  4373.822 1.005E+00
  4374.079 1.002E+00
  4374.337 1.000E+00
  4374.594 1.000E+00
  4374.852 1.000E+00
  4375.109 1.000E+00
  4375.366 1.000E+00
  4375.624 1.000E+00
  4375.881 1.000E+00
  4376.139 1.000E+00
  4376.396 1.000E+00
  4376.653 1.000E+00
  4376.911 1.000E+00
  4377.168 1.000E+00
  4377.426 1.001E+00
  4377.683 1.002E+00
  4377.940 1.002E+00
  4378.198 1.002E+00
  4378.455 1.002E+00
  4378.713 1.001E+00
  4378.970 9.999E-01
  4379.227 9.991E-01
  4379.485 9.982E-01
  4379.742 9.973E-01
  4380.000 9.969E-01
  4380.257 9.970E-01
  4380.514 9.978E-01
  4380.772 9.988E-01
  4381.029 9.995E-01
  4381.287 9.998E-01
  4381.544 9.997E-01
  4381.801 9.994E-01
  4382.059 9.991E-01
  4382.316 9.988E-01
  4382.574 9.985E-01
  4382.831 9.983E-01
  4383.088 9.981E-01
  4383.346 9.980E-01
  4383.603 9.981E-01
  4383.861 9.982E-01
  4384.118 9.985E-01
  4384.375 9.988E-01
  4384.633 9.991E-01
  4384.890 9.993E-01
  4385.148 9.995E-01
  4385.405 9.997E-01
  4385.662 9.998E-01
  4385.920 9.998E-01
  4386.177 9.986E-01
  4386.435 9.932E-01
  4386.692 9.790E-01
  4386.949 9.592E-01
  4387.207 9.419E-01
  4387.464 9.300E-01
  4387.722 9.235E-01
  4387.979 9.220E-01
  4388.236 9.254E-01
  4388.494 9.338E-01
  4388.751 9.478E-01
  4389.009 9.667E-01
  4389.266 9.852E-01
  4389.523 9.955E-01
  4389.781 9.986E-01
  4390.038 9.991E-01
  4390.296 9.990E-01
  4390.553 9.985E-01
  4390.810 9.973E-01
  4391.068 9.958E-01
  4391.325 9.947E-01
  4391.583 9.941E-01
  4391.840 9.939E-01
  4392.097 9.940E-01
  4392.355 9.944E-01
  4392.612 9.951E-01
  4392.870 9.962E-01
  4393.127 9.975E-01
  4393.384 9.985E-01
  4393.642 9.987E-01
  4393.899 9.985E-01
  4394.157 9.983E-01
  4394.414 9.979E-01
  4394.671 9.969E-01
  4394.929 9.955E-01
  4395.186 9.943E-01
  4395.444 9.936E-01
  4395.701 9.934E-01
  4395.958 9.935E-01
  4396.216 9.938E-01
  4396.473 9.943E-01
  4396.731 9.952E-01
  4396.988 9.965E-01
  4397.245 9.979E-01
  4397.503 9.987E-01
  4397.760 9.989E-01
  4398.018 9.990E-01
  4398.275 9.991E-01
  4398.532 9.992E-01
  4398.790 9.993E-01
  4399.047 9.996E-01
  4399.305 1.000E+00
  4399.562 1.000E+00
  4399.819 1.001E+00
  4400.077 1.001E+00
  4400.334 1.001E+00
  4400.592 1.001E+00
  4400.849 1.001E+00
  4401.106 1.001E+00
  4401.364 1.000E+00
  4401.621 1.000E+00
  4401.879 1.000E+00
  4402.136 9.999E-01
  4402.393 9.997E-01
  4402.651 9.994E-01
  4402.908 9.992E-01
  4403.166 9.989E-01
  4403.423 9.988E-01
  4403.680 9.987E-01
  4403.938 9.987E-01
  4404.195 9.989E-01
  4404.453 9.990E-01
  4404.710 9.993E-01
  4404.967 9.995E-01
  4405.225 9.997E-01
  4405.482 9.998E-01
  4405.740 9.999E-01
  4405.997 9.999E-01
  4406.254 9.999E-01
  4406.512 9.999E-01
  4406.769 1.000E+00
  4407.027 1.000E+00
  4407.284 1.000E+00
  4407.541 1.000E+00
  4407.799 9.997E-01
  4408.056 9.988E-01
  4408.314 9.976E-01
  4408.571 9.965E-01
  4408.828 9.958E-01
  4409.086 9.954E-01
  4409.343 9.953E-01
  4409.601 9.955E-01
  4409.858 9.960E-01
  4410.115 9.968E-01
  4410.373 9.980E-01
  4410.630 9.992E-01
  4410.888 9.998E-01
  4411.145 9.998E-01
  4411.402 9.996E-01
  4411.660 9.993E-01
  4411.917 9.988E-01
  4412.175 9.983E-01
  4412.432 9.978E-01
  4412.689 9.974E-01
  4412.947 9.973E-01
  4413.204 9.970E-01
  4413.462 9.954E-01
  4413.719 9.911E-01
  4413.976 9.862E-01
  4414.234 9.824E-01
  4414.491 9.802E-01
  4414.749 9.791E-01
  4415.006 9.791E-01
  4415.263 9.801E-01
  4415.521 9.815E-01
  4415.778 9.825E-01
  4416.036 9.842E-01
  4416.293 9.864E-01
  4416.550 9.866E-01
  4416.808 9.860E-01
  4417.065 9.859E-01
  4417.323 9.867E-01
  4417.580 9.885E-01
  4417.837 9.911E-01
  4418.095 9.947E-01
  4418.352 9.978E-01
  4418.610 9.988E-01
  4418.867 9.987E-01
  4419.124 9.984E-01
  4419.382 9.982E-01
  4419.639 9.981E-01
  4419.897 9.982E-01
  4420.154 9.983E-01
  4420.411 9.985E-01
  4420.669 9.989E-01
  4420.926 9.994E-01
  4421.184 9.996E-01
  4421.441 9.996E-01
  4421.698 9.997E-01
  4421.956 9.997E-01
  4422.213 9.998E-01
  4422.471 9.998E-01
  4422.728 9.999E-01
  4422.985 1.000E+00
  4423.243 1.000E+00
  4423.500 1.000E+00
  4423.758 1.000E+00
  4424.015 1.000E+00
  4424.272 1.000E+00
  4424.530 1.000E+00
  4424.787 1.000E+00
  4425.045 1.000E+00
  4425.302 1.000E+00
  4425.559 1.000E+00
  4425.817 1.000E+00
  4426.074 1.000E+00
  4426.332 1.000E+00
  4426.589 1.000E+00
  4426.846 9.999E-01
  4427.104 9.997E-01
  4427.361 9.993E-01
  4427.619 9.986E-01
  4427.876 9.981E-01
  4428.133 9.977E-01
  4428.391 9.974E-01
  4428.648 9.972E-01
  4428.906 9.972E-01
  4429.163 9.974E-01
  4429.420 9.978E-01
  4429.678 9.982E-01
  4429.935 9.984E-01
  4430.193 9.983E-01
  4430.450 9.982E-01
  4430.707 9.982E-01
  4430.965 9.985E-01
  4431.222 9.988E-01
  4431.480 9.991E-01
  4431.737 9.995E-01
  4431.994 9.999E-01
  4432.252 1.000E+00
  4432.509 1.001E+00
  4432.767 1.001E+00
  4433.024 1.001E+00
  4433.281 1.000E+00
  4433.539 1.000E+00
  4433.796 1.000E+00
  4434.054 9.999E-01
  4434.311 9.999E-01
  4434.568 9.999E-01
  4434.826 9.999E-01
  4435.083 9.998E-01
  4435.341 9.993E-01
  4435.598 9.986E-01
  4435.855 9.978E-01
  4436.113 9.960E-01
  4436.370 9.925E-01
  4436.628 9.886E-01
  4436.885 9.855E-01
  4437.142 9.838E-01
  4437.400 9.832E-01
  4437.657 9.837E-01
  4437.915 9.851E-01
  4438.172 9.871E-01
  4438.429 9.898E-01
  4438.687 9.933E-01
  4438.944 9.967E-01
  4439.202 9.982E-01
  4439.459 9.986E-01
  4439.716 9.987E-01
  4439.974 9.988E-01
  4440.231 9.990E-01
  4440.489 9.993E-01
  4440.746 9.996E-01
  4441.003 9.998E-01
  4441.261 9.999E-01
  4441.518 9.997E-01
  4441.776 9.994E-01
  4442.033 9.990E-01
  4442.290 9.987E-01
  4442.548 9.985E-01
  4442.805 9.985E-01
  4443.063 9.985E-01
  4443.320 9.986E-01
  4443.577 9.988E-01
  4443.835 9.991E-01
  4444.092 9.995E-01
  4444.350 9.998E-01
  4444.607 9.999E-01
  4444.864 1.000E+00
  4445.122 9.999E-01
  4445.379 9.998E-01
  4445.637 9.995E-01
  4445.894 9.989E-01
  4446.151 9.983E-01
  4446.409 9.978E-01
  4446.666 9.975E-01
  4446.924 9.971E-01
  4447.181 9.967E-01
  4447.438 9.965E-01
  4447.696 9.967E-01
  4447.953 9.972E-01
  4448.211 9.977E-01
  4448.468 9.983E-01
  4448.725 9.986E-01
  4448.983 9.989E-01
  4449.240 9.992E-01
  4449.498 9.997E-01
  4449.755 9.999E-01
  4450.012 9.997E-01
  4450.270 9.992E-01
  4450.527 9.987E-01
  4450.785 9.982E-01
  4451.042 9.975E-01
  4451.299 9.965E-01
  4451.557 9.953E-01
  4451.814 9.943E-01
  4452.072 9.938E-01
  4452.329 9.937E-01
  4452.586 9.941E-01
  4452.844 9.948E-01
  4453.101 9.955E-01
  4453.359 9.965E-01
  4453.616 9.976E-01
  4453.873 9.987E-01
  4454.131 9.996E-01
  4454.388 9.999E-01
  4454.646 1.000E+00
  4454.903 1.000E+00
  4455.160 1.000E+00
  4455.418 1.000E+00
  4455.675 1.000E+00
  4455.933 1.000E+00
  4456.190 1.000E+00
  4456.447 1.000E+00
  4456.705 9.999E-01
  4456.962 9.999E-01
  4457.220 9.998E-01
  4457.477 9.998E-01
  4457.734 9.998E-01
  4457.992 9.998E-01
  4458.249 9.999E-01
  4458.507 9.999E-01
  4458.764 9.999E-01
  4459.021 9.999E-01
  4459.279 9.999E-01
  4459.536 9.999E-01
  4459.794 9.999E-01
  4460.051 9.999E-01
  4460.308 9.999E-01
  4460.566 9.998E-01
  4460.823 9.996E-01
  4461.081 9.995E-01
  4461.338 9.994E-01
  4461.595 9.993E-01
  4461.853 9.993E-01
  4462.110 9.993E-01
  4462.368 9.994E-01
  4462.625 9.995E-01
  4462.882 9.996E-01
  4463.140 9.998E-01
  4463.397 9.999E-01
  4463.655 9.999E-01
  4463.912 9.994E-01
  4464.169 9.978E-01
  4464.427 9.954E-01
  4464.684 9.933E-01
  4464.942 9.918E-01
  4465.199 9.909E-01
  4465.456 9.905E-01
  4465.714 9.907E-01
  4465.971 9.915E-01
  4466.229 9.927E-01
  4466.486 9.939E-01
  4466.743 9.943E-01
  4467.001 9.935E-01
  4467.258 9.919E-01
  4467.516 9.902E-01
  4467.773 9.888E-01
  4468.030 9.878E-01
  4468.288 9.868E-01
  4468.545 9.863E-01
  4468.803 9.870E-01
  4469.060 9.885E-01
  4469.317 9.902E-01
  4469.575 9.904E-01
  4469.832 9.858E-01
  4470.090 9.691E-01
  4470.347 9.370E-01
  4470.604 8.984E-01
  4470.862 8.655E-01
  4471.119 8.428E-01
  4471.377 8.310E-01
  4471.634 8.296E-01
  4471.891 8.387E-01
  4472.149 8.587E-01
  4472.406 8.901E-01
  4472.664 9.296E-01
  4472.921 9.660E-01
  4473.178 9.883E-01
  4473.436 9.968E-01
  4473.693 9.988E-01
  4473.951 9.993E-01
  4474.208 9.995E-01
  4474.465 9.996E-01
  4474.723 9.997E-01
  4474.980 9.997E-01
  4475.238 9.998E-01
  4475.495 9.998E-01
  4475.752 9.998E-01
  4476.010 9.998E-01
  4476.267 9.999E-01
  4476.525 9.999E-01
  4476.782 9.999E-01
  4477.039 9.999E-01
  4477.297 9.999E-01
  4477.554 9.998E-01
  4477.812 9.998E-01
  4478.069 9.998E-01
  4478.326 9.998E-01
  4478.584 9.997E-01
  4478.841 9.995E-01
  4479.099 9.994E-01
  4479.356 9.991E-01
  4479.613 9.982E-01
  4479.871 9.951E-01
  4480.128 9.900E-01
  4480.386 9.851E-01
  4480.643 9.816E-01
  4480.900 9.796E-01
  4481.158 9.789E-01
  4481.415 9.794E-01
  4481.673 9.811E-01
  4481.930 9.841E-01
  4482.187 9.886E-01
  4482.445 9.941E-01
  4482.702 9.982E-01
  4482.960 9.997E-01
  4483.217 1.000E+00
  4483.474 1.000E+00
  4483.732 1.000E+00
  4483.989 1.000E+00
  4484.247 1.000E+00
  4484.504 1.000E+00
  4484.761 1.000E+00
  4485.019 1.000E+00
  4485.276 1.000E+00
  4485.534 1.000E+00
  4485.791 1.000E+00
  4486.048 1.000E+00
  4486.306 1.000E+00
  4486.563 1.000E+00
  4486.821 1.001E+00
  4487.078 1.002E+00
  4487.335 1.003E+00
  4487.593 1.003E+00
  4487.850 1.003E+00
  4488.108 1.003E+00
  4488.365 1.003E+00
  4488.622 1.003E+00
  4488.880 1.002E+00
  4489.137 1.002E+00
  4489.395 1.001E+00
  4489.652 1.000E+00
  4489.909 1.000E+00
  4490.167 1.000E+00
  4490.424 1.000E+00
  4490.682 1.000E+00
  4490.939 1.000E+00
  4491.196 1.000E+00
  4491.454 9.999E-01
  4491.711 1.000E+00
  4491.969 1.000E+00
  4492.226 1.000E+00
  4492.483 1.000E+00
  4492.741 1.000E+00
  4492.998 1.000E+00
  4493.256 1.000E+00
  4493.513 1.000E+00
  4493.770 1.000E+00
  4494.028 1.000E+00
  4494.285 1.000E+00
  4494.543 1.000E+00
  4494.800 1.000E+00
  4495.057 1.000E+00
  4495.315 9.999E-01
  4495.572 9.998E-01
  4495.830 9.998E-01
  4496.087 9.998E-01
  4496.344 9.998E-01
  4496.602 9.998E-01
  4496.859 9.998E-01
  4497.117 9.999E-01
  4497.374 9.999E-01
  4497.631 9.998E-01
  4497.889 9.996E-01
  4498.146 9.992E-01
  4498.404 9.989E-01
  4498.661 9.986E-01
  4498.918 9.985E-01
  4499.176 9.985E-01
  4499.433 9.985E-01
  4499.691 9.987E-01
  4499.948 9.990E-01
  4500.205 9.994E-01
  4500.463 9.997E-01
  4500.720 1.000E+00
  4500.978 1.000E+00
  4501.235 1.000E+00
  4501.492 1.000E+00
  4501.750 1.000E+00
  4502.007 1.000E+00
  4502.265 1.000E+00
  4502.522 1.000E+00
  4502.779 1.000E+00
  4503.037 1.000E+00
  4503.294 1.000E+00
  4503.552 1.000E+00
  4503.809 1.000E+00
  4504.066 1.000E+00
  4504.324 9.999E-01
  4504.581 9.998E-01
  4504.839 9.993E-01
  4505.096 9.987E-01
  4505.353 9.984E-01
  4505.611 9.981E-01
  4505.868 9.980E-01
  4506.126 9.981E-01
  4506.383 9.982E-01
  4506.640 9.985E-01
  4506.898 9.989E-01
  4507.155 9.994E-01
  4507.413 9.999E-01
  4507.670 1.000E+00
  4507.927 1.000E+00
  4508.185 1.000E+00
  4508.442 1.000E+00
  4508.700 1.000E+00
  4508.957 1.000E+00
  4509.214 9.998E-01
  4509.472 9.991E-01
  4509.729 9.972E-01
  4509.987 9.952E-01
  4510.244 9.939E-01
  4510.501 9.933E-01
  4510.759 9.932E-01
  4511.016 9.933E-01
  4511.274 9.936E-01
  4511.531 9.942E-01
  4511.788 9.953E-01
  4512.046 9.970E-01
  4512.303 9.987E-01
  4512.561 9.993E-01
  4512.818 9.990E-01
  4513.075 9.988E-01
  4513.333 9.983E-01
  4513.590 9.966E-01
  4513.848 9.941E-01
  4514.105 9.919E-01
  4514.362 9.902E-01
  4514.620 9.890E-01
  4514.877 9.883E-01
  4515.135 9.884E-01
  4515.392 9.890E-01
  4515.649 9.902E-01
  4515.907 9.923E-01
  4516.164 9.950E-01
  4516.422 9.967E-01
  4516.679 9.973E-01
  4516.936 9.971E-01
  4517.194 9.968E-01
  4517.451 9.966E-01
  4517.709 9.965E-01
  4517.966 9.968E-01
  4518.223 9.971E-01
  4518.481 9.973E-01
  4518.738 9.975E-01
  4518.996 9.980E-01
  4519.253 9.988E-01
  4519.510 9.995E-01
  4519.768 9.999E-01
  4520.025 1.000E+00
  4520.283 1.000E+00
  4520.540 1.000E+00
  4520.797 1.000E+00
  4521.055 9.999E-01
  4521.312 9.997E-01
  4521.570 9.993E-01
  4521.827 9.989E-01
  4522.084 9.983E-01
  4522.342 9.974E-01
  4522.599 9.964E-01
  4522.857 9.957E-01
  4523.114 9.953E-01
  4523.371 9.953E-01
  4523.629 9.955E-01
  4523.886 9.961E-01
  4524.144 9.968E-01
  4524.401 9.976E-01
  4524.658 9.985E-01
  4524.916 9.994E-01
  4525.173 9.999E-01
  4525.431 1.000E+00
  4525.688 1.000E+00
  4525.945 1.000E+00
  4526.203 1.000E+00
  4526.460 9.998E-01
  4526.718 9.995E-01
  4526.975 9.992E-01
  4527.232 9.989E-01
  4527.490 9.987E-01
  4527.747 9.983E-01
  4528.005 9.977E-01
  4528.262 9.971E-01
  4528.519 9.968E-01
  4528.777 9.968E-01
  4529.034 9.970E-01
  4529.292 9.974E-01
  4529.549 9.977E-01
  4529.806 9.979E-01
  4530.064 9.983E-01
  4530.321 9.988E-01
  4530.579 9.993E-01
  4530.836 9.995E-01
  4531.093 9.995E-01
  4531.351 9.995E-01
  4531.608 9.995E-01
  4531.866 9.996E-01
  4532.123 9.998E-01
  4532.380 9.999E-01
  4532.638 1.000E+00
  4532.895 9.999E-01
  4533.153 9.996E-01
  4533.410 9.987E-01
  4533.667 9.975E-01
  4533.925 9.962E-01
  4534.182 9.952E-01
  4534.440 9.945E-01
  4534.697 9.942E-01
  4534.954 9.942E-01
  4535.212 9.946E-01
  4535.469 9.954E-01
  4535.727 9.965E-01
  4535.984 9.978E-01
  4536.241 9.988E-01
  4536.499 9.994E-01
  4536.756 9.996E-01
  4537.014 9.996E-01
  4537.271 9.996E-01
  4537.528 9.996E-01
  4537.786 9.996E-01
  4538.043 9.995E-01
  4538.301 9.994E-01
  4538.558 9.990E-01
  4538.815 9.986E-01
  4539.073 9.981E-01
  4539.330 9.975E-01
  4539.588 9.967E-01
  4539.845 9.951E-01
  4540.102 9.922E-01
  4540.360 9.883E-01
  4540.617 9.840E-01
  4540.875 9.803E-01
  4541.132 9.778E-01
  4541.389 9.764E-01
  4541.647 9.764E-01
  4541.904 9.777E-01
  4542.162 9.804E-01
  4542.419 9.842E-01
  4542.676 9.888E-01
  4542.934 9.930E-01
  4543.191 9.960E-01
  4543.449 9.974E-01
  4543.706 9.977E-01
  4543.963 9.975E-01
  4544.221 9.973E-01
  4544.478 9.972E-01
  4544.736 9.970E-01
  4544.993 9.966E-01
  4545.250 9.960E-01
  4545.508 9.956E-01
  4545.765 9.955E-01
  4546.023 9.958E-01
  4546.280 9.962E-01
  4546.537 9.964E-01
  4546.795 9.966E-01
  4547.052 9.971E-01
  4547.310 9.977E-01
  4547.567 9.986E-01
  4547.824 9.993E-01
  4548.082 9.996E-01
  4548.339 9.998E-01
  4548.597 9.999E-01
  4548.854 9.999E-01
  4549.111 1.000E+00
  4549.369 1.000E+00
  4549.626 1.000E+00
  4549.884 1.000E+00
  4550.141 1.000E+00
  4550.398 1.000E+00
  4550.656 9.999E-01
  4550.913 9.994E-01
  4551.171 9.966E-01
  4551.428 9.894E-01
  4551.685 9.816E-01
  4551.943 9.755E-01
  4552.200 9.715E-01
  4552.458 9.694E-01
  4552.715 9.691E-01
  4552.972 9.706E-01
  4553.230 9.740E-01
  4553.487 9.795E-01
  4553.745 9.871E-01
  4554.002 9.951E-01
  4554.259 9.990E-01
  4554.517 1.000E+00
  4554.774 1.000E+00
  4555.032 1.000E+00
  4555.289 1.000E+00
  4555.546 1.000E+00
  4555.804 1.000E+00
  4556.061 1.000E+00
  4556.319 1.000E+00
  4556.576 1.000E+00
  4556.833 1.000E+00
  4557.091 1.000E+00
  4557.348 1.000E+00
  4557.606 1.001E+00
  4557.863 1.001E+00
  4558.120 1.001E+00
  4558.378 1.001E+00
  4558.635 1.000E+00
  4558.893 1.000E+00
  4559.150 1.000E+00
  4559.407 1.000E+00
  4559.665 1.000E+00
  4559.922 1.000E+00
  4560.180 1.000E+00
  4560.437 1.000E+00
  4560.694 1.000E+00
  4560.952 9.999E-01
  4561.209 9.998E-01
  4561.467 9.998E-01
  4561.724 9.997E-01
  4561.981 9.996E-01
  4562.239 9.995E-01
  4562.496 9.995E-01
  4562.754 9.995E-01
  4563.011 9.995E-01
  4563.268 9.995E-01
  4563.526 9.996E-01
  4563.783 9.997E-01
  4564.041 9.997E-01
  4564.298 9.998E-01
  4564.555 9.999E-01
  4564.813 9.999E-01
  4565.070 1.000E+00
  4565.328 9.999E-01
  4565.585 9.999E-01
  4565.842 9.999E-01
  4566.100 9.996E-01
  4566.357 9.976E-01
  4566.615 9.925E-01
  4566.872 9.866E-01
  4567.129 9.819E-01
  4567.387 9.787E-01
  4567.644 9.769E-01
  4567.902 9.763E-01
  4568.159 9.769E-01
  4568.416 9.789E-01
  4568.674 9.824E-01
  4568.931 9.877E-01
  4569.189 9.936E-01
  4569.446 9.970E-01
  4569.703 9.980E-01
  4569.961 9.983E-01
  4570.218 9.987E-01
  4570.476 9.991E-01
  4570.733 9.995E-01
  4570.990 9.997E-01
  4571.248 9.998E-01
  4571.505 9.999E-01
  4571.763 1.000E+00
  4572.020 1.000E+00
  4572.277 1.000E+00
  4572.535 1.000E+00
  4572.792 9.999E-01
  4573.050 9.997E-01
  4573.307 9.986E-01
  4573.564 9.960E-01
  4573.822 9.932E-01
  4574.079 9.910E-01
  4574.337 9.897E-01
  4574.594 9.890E-01
  4574.851 9.889E-01
  4575.109 9.895E-01
  4575.366 9.907E-01
  4575.624 9.927E-01
  4575.881 9.955E-01
  4576.138 9.983E-01
  4576.396 9.996E-01
  4576.653 1.000E+00
  4576.911 1.000E+00
  4577.168 1.000E+00
  4577.425 1.000E+00
  4577.683 1.000E+00
  4577.940 9.999E-01
  4578.198 9.998E-01
  4578.455 9.996E-01
  4578.712 9.996E-01
  4578.970 9.995E-01
  4579.227 9.995E-01
  4579.485 9.995E-01
  4579.742 9.995E-01
  4579.999 9.996E-01
  4580.257 9.997E-01
  4580.514 9.998E-01
  4580.772 9.999E-01
  4581.029 9.999E-01
  4581.286 9.999E-01
  4581.544 9.998E-01
  4581.801 9.998E-01
  4582.059 9.998E-01
  4582.316 9.998E-01
  4582.573 9.998E-01
  4582.831 9.998E-01
  4583.088 9.999E-01
  4583.346 9.999E-01
  4583.603 1.000E+00
  4583.860 1.000E+00
  4584.118 1.000E+00
  4584.375 1.000E+00
  4584.633 9.999E-01
  4584.890 9.999E-01
  4585.147 9.999E-01
  4585.405 9.999E-01
  4585.662 9.999E-01
  4585.920 1.000E+00
  4586.177 1.000E+00
  4586.434 9.999E-01
  4586.692 9.998E-01
  4586.949 9.997E-01
  4587.207 9.996E-01
  4587.464 9.995E-01
  4587.721 9.995E-01
  4587.979 9.995E-01
  4588.236 9.995E-01
  4588.494 9.995E-01
  4588.751 9.996E-01
  4589.008 9.997E-01
  4589.266 9.992E-01
  4589.523 9.966E-01
  4589.781 9.899E-01
  4590.038 9.828E-01
  4590.295 9.773E-01
  4590.553 9.738E-01
  4590.810 9.719E-01
  4591.068 9.717E-01
  4591.325 9.731E-01
  4591.582 9.761E-01
  4591.840 9.811E-01
  4592.097 9.880E-01
  4592.355 9.952E-01
  4592.612 9.989E-01
  4592.869 9.998E-01
  4593.127 1.000E+00
  4593.384 1.000E+00
  4593.642 1.000E+00
  4593.899 1.000E+00
  4594.156 9.999E-01
  4594.414 9.995E-01
  4594.671 9.973E-01
  4594.929 9.919E-01
  4595.186 9.856E-01
  4595.443 9.805E-01
  4595.701 9.771E-01
  4595.958 9.753E-01
  4596.216 9.747E-01
  4596.473 9.753E-01
  4596.730 9.772E-01
  4596.988 9.809E-01
  4597.245 9.863E-01
  4597.503 9.924E-01
  4597.760 9.962E-01
  4598.017 9.974E-01
  4598.275 9.977E-01
  4598.532 9.980E-01
  4598.790 9.985E-01
  4599.047 9.991E-01
  4599.304 9.996E-01
  4599.562 9.998E-01
  4599.819 9.998E-01
