  3980.000 8.972E-01
  3981.144 9.128E-01
  3982.288 9.215E-01
  3983.432 9.304E-01
  3984.576 9.397E-01
  3985.720 9.486E-01
  3986.864 9.557E-01
  3988.008 9.619E-01
  3989.152 9.663E-01
  3990.296 9.673E-01
  3991.440 9.679E-01
  3992.584 9.687E-01
  3993.728 9.694E-01
  3994.872 9.704E-01
  3996.016 9.718E-01
  3997.160 9.734E-01
  3998.304 9.750E-01
  3999.448 9.766E-01
  4000.592 9.778E-01
  4001.736 9.754E-01
  4002.880 9.708E-01
  4004.024 9.616E-01
  4005.168 9.474E-01
  4006.312 9.349E-01
  4007.456 9.263E-01
  4008.600 9.220E-01
  4009.744 9.221E-01
  4010.888 9.265E-01
  4012.032 9.345E-01
  4013.176 9.460E-01
  4014.320 9.593E-01
  4015.464 9.681E-01
  4016.608 9.704E-01
  4017.752 9.679E-01
  4018.896 9.596E-01
  4020.040 9.417E-01
  4021.184 9.102E-01
  4022.328 8.711E-01
  4023.472 8.379E-01
  4024.616 8.159E-01
  4025.760 8.071E-01
  4026.904 8.112E-01
  4028.048 8.282E-01
  4029.192 8.570E-01
  4030.336 8.934E-01
  4031.480 9.310E-01
  4032.624 9.569E-01
  4033.768 9.703E-01
  4034.912 9.768E-01
  4036.056 9.802E-01
  4037.200 9.815E-01
  4038.344 9.823E-01
  4039.488 9.824E-01
  4040.632 9.833E-01
  4041.776 9.837E-01
  4042.920 9.843E-01
  4044.064 9.853E-01
  4045.208 9.869E-01
  4046.352 9.889E-01
  4047.496 9.908E-01
  4048.640 9.921E-01
  4049.784 9.924E-01
  4050.928 9.922E-01
  4052.072 9.919E-01
  4053.216 9.917E-01
  4054.360 9.914E-01
  4055.504 9.905E-01
  4056.648 9.890E-01
  4057.792 9.880E-01
  4058.936 9.874E-01
  4060.080 9.871E-01
  4061.224 9.869E-01
  4062.368 9.870E-01
  4063.512 9.872E-01
  4064.656 9.858E-01
  4065.800 9.832E-01
  4066.944 9.796E-01
  4068.088 9.749E-01
  4069.232 9.699E-01
  4070.376 9.586E-01
  4071.520 9.436E-01
  4072.664 9.331E-01
  4073.808 9.269E-01
  4074.952 9.259E-01
  4076.096 9.272E-01
  4077.240 9.308E-01
  4078.384 9.367E-01
  4079.528 9.446E-01
  4080.672 9.539E-01
  4081.816 9.588E-01
  4082.960 9.565E-01
  4084.104 9.518E-01
  4085.248 9.452E-01
  4086.392 9.380E-01
  4087.536 9.298E-01
  4088.680 9.197E-01
  4089.824 9.080E-01
  4090.968 8.933E-01
  4092.112 8.746E-01
  4093.256 8.517E-01
  4094.400 8.238E-01
  4095.544 7.891E-01
  4096.688 7.465E-01
  4097.832 7.020E-01
  4098.976 6.638E-01
  4100.120 6.363E-01
  4101.264 6.230E-01
  4102.408 6.248E-01
  4103.552 6.416E-01
  4104.696 6.717E-01
  4105.840 7.118E-01
  4106.984 7.569E-01
  4108.128 7.981E-01
  4109.272 8.321E-01
  4110.416 8.601E-01
  4111.560 8.827E-01
  4112.704 9.013E-01
  4113.848 9.157E-01
  4114.992 9.248E-01
  4116.136 9.244E-01
  4117.280 9.234E-01
  4118.424 9.239E-01
  4119.568 9.262E-01
  4120.712 9.301E-01
  4121.856 9.356E-01
  4123.000 9.423E-01
  4124.144 9.512E-01
  4125.288 9.624E-01
  4126.432 9.733E-01
  4127.576 9.760E-01
  4128.720 9.758E-01
  4129.864 9.758E-01
  4131.008 9.764E-01
  4132.152 9.774E-01
  4133.296 9.785E-01
  4134.440 9.793E-01
  4135.584 9.795E-01
  4136.728 9.784E-01
  4137.872 9.716E-01
  4139.016 9.530E-01
  4140.160 9.328E-01
  4141.304 9.176E-01
  4142.448 9.082E-01
  4143.592 9.049E-01
  4144.736 9.070E-01
  4145.880 9.143E-01
  4147.024 9.277E-01
  4148.168 9.459E-01
  4149.312 9.665E-01
  4150.456 9.771E-01
  4151.600 9.811E-01
  4152.744 9.832E-01
  4153.888 9.850E-01
  4155.032 9.869E-01
  4156.176 9.889E-01
  4157.320 9.902E-01
  4158.464 9.916E-01
  4159.608 9.923E-01
  4160.752 9.921E-01
  4161.896 9.919E-01
  4163.040 9.911E-01
  4164.184 9.870E-01
  4165.328 9.835E-01
  4166.472 9.813E-01
  4167.616 9.803E-01
  4168.760 9.804E-01
  4169.904 9.806E-01
  4171.048 9.815E-01
  4172.192 9.830E-01
  4173.336 9.858E-01
  4174.480 9.900E-01
  4175.624 9.918E-01
  4176.768 9.925E-01
  4177.912 9.934E-01
  4179.056 9.944E-01
  4180.200 9.948E-01
  4181.344 9.945E-01
  4182.488 9.944E-01
  4183.632 9.940E-01
  4184.776 9.921E-01
  4185.920 9.905E-01
  4187.064 9.895E-01
  4188.208 9.891E-01
  4189.352 9.893E-01
  4190.496 9.904E-01
  4191.640 9.916E-01
  4192.784 9.925E-01
  4193.928 9.938E-01
  4195.072 9.957E-01
  4196.216 9.966E-01
  4197.360 9.967E-01
  4198.504 9.970E-01
  4199.648 9.971E-01
  4200.792 9.973E-01
  4201.936 9.975E-01
  4203.080 9.977E-01
  4204.224 9.978E-01
  4205.368 9.981E-01
  4206.512 9.982E-01
  4207.656 9.982E-01
  4208.800 9.982E-01
  4209.944 9.982E-01
  4211.088 9.982E-01
  4212.232 9.982E-01
  4213.376 9.982E-01
  4214.520 9.982E-01
  4215.664 9.982E-01
  4216.808 9.980E-01
  4217.952 9.974E-01
  4219.096 9.971E-01
  4220.240 9.968E-01
  4221.384 9.966E-01
  4222.528 9.963E-01
  4223.672 9.960E-01
  4224.816 9.960E-01
  4225.960 9.960E-01
  4227.104 9.962E-01
  4228.248 9.966E-01
  4229.392 9.967E-01
  4230.536 9.968E-01
  4231.680 9.964E-01
  4232.824 9.956E-01
  4233.968 9.952E-01
  4235.112 9.947E-01
  4236.256 9.940E-01
  4237.400 9.925E-01
  4238.544 9.915E-01
  4239.688 9.911E-01
  4240.832 9.911E-01
  4241.976 9.915E-01
  4243.120 9.925E-01
  4244.264 9.928E-01
  4245.408 9.934E-01
  4246.552 9.944E-01
  4247.696 9.957E-01
  4248.840 9.934E-01
  4249.984 9.914E-01
  4251.128 9.902E-01
  4252.272 9.895E-01
  4253.416 9.891E-01
  4254.560 9.890E-01
  4255.704 9.896E-01
  4256.848 9.907E-01
  4257.992 9.925E-01
  4259.136 9.952E-01
  4260.280 9.966E-01
  4261.424 9.954E-01
  4262.568 9.888E-01
  4263.712 9.844E-01
  4264.856 9.814E-01
  4266.000 9.796E-01
  4267.144 9.790E-01
  4268.288 9.795E-01
  4269.432 9.810E-01
  4270.576 9.826E-01
  4271.720 9.848E-01
  4272.864 9.888E-01
  4274.008 9.881E-01
  4275.152 9.871E-01
  4276.296 9.864E-01
  4277.440 9.859E-01
  4278.584 9.852E-01
  4279.728 9.848E-01
  4280.872 9.850E-01
  4282.016 9.862E-01
  4283.160 9.870E-01
  4284.304 9.866E-01
  4285.448 9.864E-01
  4286.592 9.867E-01
  4287.736 9.878E-01
  4288.880 9.895E-01
  4290.024 9.898E-01
  4291.168 9.902E-01
  4292.312 9.897E-01
  4293.456 9.895E-01
  4294.600 9.900E-01
  4295.744 9.902E-01
  4296.888 9.906E-01
  4298.032 9.906E-01
  4299.176 9.892E-01
  4300.320 9.886E-01
  4301.464 9.879E-01
  4302.608 9.868E-01
  4303.752 9.855E-01
  4304.896 9.844E-01
  4306.040 9.837E-01
  4307.184 9.834E-01
  4308.328 9.832E-01
  4309.472 9.837E-01
  4310.616 9.828E-01
  4311.760 9.806E-01
  4312.904 9.780E-01
  4314.048 9.752E-01
  4315.192 9.720E-01
  4316.336 9.693E-01
  4317.480 9.670E-01
  4318.624 9.652E-01
  4319.768 9.634E-01
  4320.912 9.610E-01
  4322.056 9.583E-01
  4323.200 9.553E-01
  4324.344 9.503E-01
  4325.488 9.444E-01
  4326.632 9.353E-01
  4327.776 9.240E-01
  4328.920 9.106E-01
  4330.064 8.944E-01
  4331.208 8.750E-01
  4332.352 8.511E-01
  4333.496 8.219E-01
  4334.640 7.859E-01
  4335.784 7.436E-01
  4336.928 7.042E-01
  4338.072 6.729E-01
  4339.216 6.524E-01
  4340.360 6.444E-01
  4341.504 6.498E-01
  4342.648 6.678E-01
  4343.792 6.969E-01
  4344.936 7.338E-01
  4346.080 7.746E-01
  4347.224 8.109E-01
  4348.368 8.405E-01
  4349.512 8.651E-01
  4350.656 8.859E-01
  4351.800 9.036E-01
  4352.944 9.186E-01
  4354.088 9.314E-01
  4355.232 9.427E-01
  4356.376 9.509E-01
  4357.520 9.579E-01
  4358.664 9.632E-01
  4359.808 9.672E-01
  4360.952 9.703E-01
  4362.096 9.713E-01
  4363.240 9.721E-01
  4364.384 9.726E-01
  4365.528 9.732E-01
  4366.672 9.730E-01
  4367.816 9.712E-01
  4368.960 9.698E-01
  4370.104 9.695E-01
  4371.248 9.700E-01
  4372.392 9.716E-01
  4373.536 9.731E-01
  4374.680 9.747E-01
  4375.824 9.766E-01
  4376.968 9.785E-01
  4378.112 9.805E-01
  4379.256 9.800E-01
  4380.400 9.771E-01
  4381.544 9.686E-01
  4382.688 9.487E-01
  4383.832 9.245E-01
  4384.976 9.048E-01
  4386.120 8.913E-01
  4387.264 8.848E-01
  4388.408 8.852E-01
  4389.552 8.919E-01
  4390.696 9.040E-01
  4391.840 9.225E-01
  4392.984 9.465E-01
  4394.128 9.702E-01
  4395.272 9.821E-01
  4396.416 9.875E-01
  4397.560 9.901E-01
  4398.704 9.918E-01
  4399.848 9.930E-01
  4400.992 9.942E-01
  4402.136 9.954E-01
  4403.280 9.957E-01
  4404.424 9.950E-01
  4405.568 9.938E-01
  4406.712 9.916E-01
  4407.856 9.901E-01
  4409.000 9.888E-01
  4410.144 9.858E-01
  4411.288 9.833E-01
  4412.432 9.810E-01
  4413.576 9.800E-01
  4414.720 9.800E-01
  4415.864 9.815E-01
  4417.008 9.836E-01
  4418.152 9.856E-01
  4419.296 9.878E-01
  4420.440 9.909E-01
  4421.584 9.936E-01
  4422.728 9.954E-01
  4423.872 9.961E-01
  4425.016 9.962E-01
  4426.160 9.959E-01
  4427.304 9.950E-01
  4428.448 9.938E-01
  4429.592 9.931E-01
  4430.736 9.923E-01
  4431.880 9.894E-01
  4433.024 9.842E-01
  4434.168 9.805E-01
  4435.312 9.782E-01
  4436.456 9.772E-01
  4437.600 9.770E-01
  4438.744 9.780E-01
  4439.888 9.797E-01
  4441.032 9.822E-01
  4442.176 9.846E-01
  4443.320 9.881E-01
  4444.464 9.894E-01
  4445.608 9.892E-01
  4446.752 9.888E-01
  4447.896 9.887E-01
  4449.040 9.891E-01
  4450.184 9.896E-01
  4451.328 9.905E-01
  4452.472 9.922E-01
  4453.616 9.939E-01
  4454.760 9.947E-01
  4455.904 9.945E-01
  4457.048 9.944E-01
  4458.192 9.941E-01
  4459.336 9.929E-01
  4460.480 9.904E-01
  4461.624 9.865E-01
  4462.768 9.799E-01
  4463.912 9.684E-01
  4465.056 9.492E-01
  4466.200 9.200E-01
  4467.344 8.887E-01
  4468.488 8.643E-01
  4469.632 8.487E-01
  4470.776 8.424E-01
  4471.920 8.454E-01
  4473.064 8.571E-01
  4474.208 8.767E-01
  4475.352 9.011E-01
  4476.496 9.257E-01
  4477.640 9.506E-01
  4478.784 9.642E-01
  4479.928 9.705E-01
  4481.072 9.740E-01
  4482.216 9.767E-01
  4483.360 9.792E-01
  4484.504 9.823E-01
  4485.648 9.867E-01
  4486.792 9.918E-01
  4487.936 9.952E-01
  4489.080 9.958E-01
  4490.224 9.962E-01
  4491.368 9.966E-01
  4492.512 9.972E-01
  4493.656 9.978E-01
  4494.800 9.983E-01
  4495.944 9.984E-01
  4497.088 9.983E-01
  4498.232 9.983E-01
  4499.376 9.983E-01
  4500.520 9.983E-01
  4501.664 9.984E-01
  4502.808 9.983E-01
  4503.952 9.984E-01
  4505.096 9.985E-01
  4506.240 9.985E-01
  4507.384 9.975E-01
  4508.528 9.964E-01
  4509.672 9.954E-01
  4510.816 9.947E-01
  4511.960 9.944E-01
  4513.104 9.943E-01
  4514.248 9.945E-01
  4515.392 9.949E-01
  4516.536 9.956E-01
  4517.680 9.967E-01
  4518.824 9.980E-01
  4519.968 9.978E-01
  4521.112 9.977E-01
  4522.256 9.974E-01
  4523.400 9.963E-01
  4524.544 9.942E-01
  4525.688 9.923E-01
  4526.832 9.912E-01
  4527.976 9.907E-01
  4529.120 9.907E-01
  4530.264 9.913E-01
  4531.408 9.923E-01
  4532.552 9.933E-01
  4533.696 9.948E-01
  4534.840 9.970E-01
  4535.984 9.988E-01
  4537.128 9.993E-01
  4538.272 9.994E-01
  4539.416 9.994E-01
  4540.560 9.995E-01
  4541.704 9.995E-01
  4542.848 9.995E-01
  4543.992 9.994E-01
  4545.136 9.994E-01
  4546.280 9.991E-01
  4547.424 9.954E-01
  4548.568 9.925E-01
  4549.712 9.906E-01
  4550.856 9.893E-01
  4552.000 9.887E-01
  4553.144 9.886E-01
  4554.288 9.891E-01
  4555.432 9.903E-01
  4556.576 9.922E-01
  4557.720 9.950E-01
  4558.864 9.989E-01
  4560.008 9.992E-01
  4561.152 9.991E-01
  4562.296 9.970E-01
  4563.440 9.947E-01
  4564.584 9.930E-01
  4565.728 9.918E-01
  4566.872 9.911E-01
  4568.016 9.908E-01
  4569.160 9.899E-01
  4570.304 9.892E-01
  4571.448 9.894E-01
  4572.592 9.906E-01
  4573.736 9.929E-01
  4574.880 9.940E-01
  4576.024 9.943E-01
  4577.168 9.948E-01
  4578.312 9.956E-01
  4579.456 9.968E-01
  4580.600 9.985E-01
  4581.744 9.994E-01
  4582.888 9.995E-01
  4584.032 9.994E-01
  4585.176 9.986E-01
  4586.320 9.972E-01
  4587.464 9.962E-01
  4588.608 9.956E-01
  4589.752 9.951E-01
  4590.896 9.936E-01
  4592.040 9.927E-01
  4593.184 9.923E-01
  4594.328 9.925E-01
  4595.472 9.933E-01
  4596.616 9.946E-01
  4597.760 9.958E-01
  4598.904 9.963E-01
