  3980.000 9.984E-01
  3980.172 9.982E-01
  3980.343 9.982E-01
  3980.515 9.983E-01
  3980.686 9.984E-01
  3980.858 9.985E-01
  3981.030 9.986E-01
  3981.201 9.987E-01
  3981.373 9.987E-01
  3981.544 9.985E-01
  3981.716 9.977E-01
  3981.888 9.957E-01
  3982.059 9.922E-01
  3982.231 9.886E-01
  3982.402 9.858E-01
  3982.574 9.842E-01
  3982.746 9.836E-01
  3982.917 9.837E-01
  3983.089 9.844E-01
  3983.260 9.861E-01
  3983.432 9.887E-01
  3983.604 9.910E-01
  3983.775 9.924E-01
  3983.947 9.933E-01
  3984.118 9.943E-01
  3984.290 9.956E-01
  3984.462 9.971E-01
  3984.633 9.985E-01
  3984.805 9.991E-01
  3984.976 9.993E-01
  3985.148 9.992E-01
  3985.320 9.989E-01
  3985.491 9.987E-01
  3985.663 9.985E-01
  3985.834 9.984E-01
  3986.006 9.985E-01
  3986.178 9.986E-01
  3986.349 9.988E-01
  3986.521 9.990E-01
  3986.692 9.993E-01
  3986.864 9.995E-01
  3987.036 9.996E-01
  3987.207 9.996E-01
  3987.379 9.996E-01
  3987.550 9.995E-01
  3987.722 9.995E-01
  3987.894 9.995E-01
  3988.065 9.995E-01
  3988.237 9.995E-01
  3988.408 9.995E-01
  3988.580 9.995E-01
  3988.752 9.995E-01
  3988.923 9.995E-01
  3989.095 9.994E-01
  3989.266 9.994E-01
  3989.438 9.994E-01
  3989.610 9.994E-01
  3989.781 9.995E-01
  3989.953 9.995E-01
  3990.124 9.996E-01
  3990.296 9.996E-01
  3990.468 9.996E-01
  3990.639 9.995E-01
  3990.811 9.995E-01
  3990.982 9.995E-01
  3991.154 9.995E-01
  3991.326 9.995E-01
  3991.497 9.995E-01
  3991.669 9.996E-01
  3991.840 9.996E-01
  3992.012 9.997E-01
  3992.184 9.997E-01
  3992.355 9.997E-01
  3992.527 9.997E-01
  3992.698 9.997E-01
  3992.870 9.997E-01
  3993.042 9.997E-01
  3993.213 9.997E-01
  3993.385 9.997E-01
  3993.556 9.998E-01
  3993.728 9.997E-01
  3993.900 9.993E-01
  3994.071 9.982E-01
  3994.243 9.958E-01
  3994.414 9.927E-01
  3994.586 9.897E-01
  3994.758 9.877E-01
  3994.929 9.868E-01
  3995.101 9.869E-01
  3995.272 9.881E-01
  3995.444 9.903E-01
  3995.616 9.934E-01
  3995.787 9.965E-01
  3995.959 9.986E-01
  3996.130 9.995E-01
  3996.302 9.998E-01
  3996.474 9.998E-01
  3996.645 9.998E-01
  3996.817 9.998E-01
  3996.988 9.998E-01
  3997.160 9.998E-01
  3997.332 9.998E-01
  3997.503 9.997E-01
  3997.675 9.994E-01
  3997.846 9.988E-01
  3998.018 9.979E-01
  3998.190 9.969E-01
  3998.361 9.961E-01
  3998.533 9.956E-01
  3998.704 9.954E-01
  3998.876 9.956E-01
  3999.048 9.962E-01
  3999.219 9.972E-01
  3999.391 9.982E-01
  3999.562 9.991E-01
  3999.734 9.997E-01
  3999.906 1.000E+00
  4000.077 1.000E+00
  4000.249 1.000E+00
  4000.420 1.000E+00
  4000.592 1.000E+00
  4000.764 1.000E+00
  4000.935 1.000E+00
  4001.107 1.000E+00
  4001.278 1.000E+00
  4001.450 9.999E-01
  4001.622 9.998E-01
  4001.793 9.998E-01
  4001.965 9.998E-01
  4002.136 9.998E-01
  4002.308 9.997E-01
  4002.480 9.996E-01
  4002.651 9.993E-01
  4002.823 9.984E-01
  4002.994 9.972E-01
  4003.166 9.960E-01
  4003.338 9.952E-01
  4003.509 9.948E-01
  4003.681 9.947E-01
  4003.852 9.950E-01
  4004.024 9.955E-01
  4004.196 9.956E-01
  4004.367 9.947E-01
  4004.539 9.931E-01
  4004.710 9.914E-01
  4004.882 9.901E-01
  4005.054 9.895E-01
  4005.225 9.897E-01
  4005.397 9.907E-01
  4005.568 9.925E-01
  4005.740 9.949E-01
  4005.912 9.973E-01
  4006.083 9.987E-01
  4006.255 9.992E-01
  4006.426 9.994E-01
  4006.598 9.993E-01
  4006.770 9.993E-01
  4006.941 9.992E-01
  4007.113 9.990E-01
  4007.284 9.988E-01
  4007.456 9.985E-01
  4007.628 9.981E-01
  4007.799 9.973E-01
  4007.971 9.956E-01
  4008.142 9.917E-01
  4008.314 9.831E-01
  4008.486 9.684E-01
  4008.657 9.494E-01
  4008.829 9.311E-01
  4009.000 9.175E-01
  4009.172 9.104E-01
  4009.344 9.104E-01
  4009.515 9.174E-01
  4009.687 9.309E-01
  4009.858 9.492E-01
  4010.030 9.682E-01
  4010.202 9.830E-01
  4010.373 9.916E-01
  4010.545 9.956E-01
  4010.716 9.972E-01
  4010.888 9.980E-01
  4011.060 9.985E-01
  4011.231 9.988E-01
  4011.403 9.990E-01
  4011.574 9.991E-01
  4011.746 9.992E-01
  4011.918 9.993E-01
  4012.089 9.994E-01
  4012.261 9.994E-01
  4012.432 9.995E-01
  4012.604 9.995E-01
  4012.776 9.995E-01
  4012.947 9.996E-01
  4013.119 9.996E-01
  4013.290 9.996E-01
  4013.462 9.996E-01
  4013.634 9.996E-01
  4013.805 9.996E-01
  4013.977 9.996E-01
  4014.148 9.996E-01
  4014.320 9.997E-01
  4014.492 9.997E-01
  4014.663 9.997E-01
  4014.835 9.998E-01
  4015.006 1.000E+00
  4015.178 1.000E+00
  4015.350 1.000E+00
  4015.521 1.000E+00
  4015.693 1.000E+00
  4015.864 1.000E+00
  4016.036 1.000E+00
  4016.208 9.999E-01
  4016.379 9.998E-01
  4016.551 9.998E-01
  4016.722 9.998E-01
  4016.894 9.999E-01
  4017.066 9.999E-01
  4017.237 9.999E-01
  4017.409 9.999E-01
  4017.580 9.999E-01
  4017.752 9.998E-01
  4017.924 9.997E-01
  4018.095 9.997E-01
  4018.267 9.996E-01
  4018.438 9.996E-01
  4018.610 9.995E-01
  4018.782 9.994E-01
  4018.953 9.993E-01
  4019.125 9.992E-01
  4019.296 9.992E-01
  4019.468 9.992E-01
  4019.640 9.992E-01
  4019.811 9.992E-01
  4019.983 9.992E-01
  4020.154 9.993E-01
  4020.326 9.993E-01
  4020.498 9.993E-01
  4020.669 9.993E-01
  4020.841 9.992E-01
  4021.012 9.992E-01
  4021.184 9.990E-01
  4021.356 9.988E-01
  4021.527 9.985E-01
  4021.699 9.980E-01
  4021.870 9.975E-01
  4022.042 9.970E-01
  4022.214 9.967E-01
  4022.385 9.965E-01
  4022.557 9.964E-01
  4022.728 9.962E-01
  4022.900 9.957E-01
  4023.072 9.945E-01
  4023.243 9.921E-01
  4023.415 9.889E-01
  4023.586 9.857E-01
  4023.758 9.830E-01
  4023.930 9.808E-01
  4024.101 9.790E-01
  4024.273 9.773E-01
  4024.444 9.758E-01
  4024.616 9.739E-01
  4024.788 9.705E-01
  4024.959 9.633E-01
  4025.131 9.489E-01
  4025.302 9.231E-01
  4025.474 8.858E-01
  4025.646 8.432E-01
  4025.817 8.056E-01
  4025.989 7.806E-01
  4026.160 7.714E-01
  4026.332 7.785E-01
  4026.504 8.013E-01
  4026.675 8.378E-01
  4026.847 8.824E-01
  4027.018 9.253E-01
  4027.190 9.575E-01
  4027.362 9.764E-01
  4027.533 9.858E-01
  4027.705 9.903E-01
  4027.876 9.927E-01
  4028.048 9.942E-01
  4028.220 9.952E-01
  4028.391 9.960E-01
  4028.563 9.966E-01
  4028.734 9.971E-01
  4028.906 9.974E-01
  4029.078 9.978E-01
  4029.249 9.980E-01
  4029.421 9.982E-01
  4029.592 9.984E-01
  4029.764 9.986E-01
  4029.936 9.987E-01
  4030.107 9.988E-01
  4030.279 9.989E-01
  4030.450 9.989E-01
  4030.622 9.989E-01
  4030.794 9.988E-01
  4030.965 9.987E-01
  4031.137 9.986E-01
  4031.308 9.985E-01
  4031.480 9.984E-01
  4031.652 9.983E-01
  4031.823 9.984E-01
  4031.995 9.984E-01
  4032.166 9.985E-01
  4032.338 9.985E-01
  4032.510 9.980E-01
  4032.681 9.970E-01
  4032.853 9.954E-01
  4033.024 9.938E-01
  4033.196 9.926E-01
  4033.368 9.920E-01
  4033.539 9.920E-01
  4033.711 9.926E-01
  4033.882 9.937E-01
  4034.054 9.950E-01
  4034.226 9.961E-01
  4034.397 9.965E-01
  4034.569 9.961E-01
  4034.740 9.955E-01
  4034.912 9.950E-01
  4035.084 9.950E-01
  4035.255 9.952E-01
  4035.427 9.959E-01
  4035.598 9.969E-01
  4035.770 9.981E-01
  4035.942 9.991E-01
  4036.113 9.996E-01
  4036.285 9.998E-01
  4036.456 9.998E-01
  4036.628 9.998E-01
  4036.800 9.998E-01
  4036.971 9.998E-01
  4037.143 9.997E-01
  4037.314 9.996E-01
  4037.486 9.994E-01
  4037.658 9.992E-01
  4037.829 9.991E-01
  4038.001 9.991E-01
  4038.172 9.990E-01
  4038.344 9.989E-01
  4038.516 9.987E-01
  4038.687 9.986E-01
  4038.859 9.985E-01
  4039.030 9.985E-01
  4039.202 9.985E-01
  4039.374 9.986E-01
  4039.545 9.988E-01
  4039.717 9.991E-01
  4039.888 9.994E-01
  4040.060 9.996E-01
  4040.232 9.994E-01
  4040.403 9.986E-01
  4040.575 9.969E-01
  4040.746 9.948E-01
  4040.918 9.929E-01
  4041.090 9.916E-01
  4041.261 9.910E-01
  4041.433 9.910E-01
  4041.604 9.917E-01
  4041.776 9.931E-01
  4041.948 9.951E-01
  4042.119 9.971E-01
  4042.291 9.984E-01
  4042.462 9.989E-01
  4042.634 9.986E-01
  4042.806 9.976E-01
  4042.977 9.962E-01
  4043.149 9.950E-01
  4043.320 9.942E-01
  4043.492 9.939E-01
  4043.664 9.940E-01
  4043.835 9.943E-01
  4044.007 9.947E-01
  4044.178 9.949E-01
  4044.350 9.948E-01
  4044.522 9.945E-01
  4044.693 9.940E-01
  4044.865 9.938E-01
  4045.036 9.940E-01
  4045.208 9.946E-01
  4045.380 9.957E-01
  4045.551 9.971E-01
  4045.723 9.985E-01
  4045.894 9.993E-01
  4046.066 9.997E-01
  4046.238 9.998E-01
  4046.409 9.998E-01
  4046.581 9.998E-01
  4046.752 9.999E-01
  4046.924 9.999E-01
  4047.096 9.998E-01
  4047.267 9.995E-01
  4047.439 9.988E-01
  4047.610 9.979E-01
  4047.782 9.970E-01
  4047.954 9.963E-01
  4048.125 9.959E-01
  4048.297 9.959E-01
  4048.468 9.962E-01
  4048.640 9.968E-01
  4048.812 9.977E-01
  4048.983 9.986E-01
  4049.155 9.994E-01
  4049.326 9.998E-01
  4049.498 9.999E-01
  4049.670 9.999E-01
  4049.841 9.999E-01
  4050.013 9.999E-01
  4050.184 9.999E-01
  4050.356 9.999E-01
  4050.528 9.999E-01
  4050.699 9.999E-01
  4050.871 9.999E-01
  4051.042 9.999E-01
  4051.214 1.000E+00
  4051.386 1.000E+00
  4051.557 1.000E+00
  4051.729 1.000E+00
  4051.900 1.000E+00
  4052.072 1.000E+00
  4052.244 1.001E+00
  4052.415 1.001E+00
  4052.587 1.001E+00
  4052.758 1.001E+00
  4052.930 1.001E+00
  4053.102 1.001E+00
  4053.273 1.001E+00
  4053.445 1.001E+00
  4053.616 1.001E+00
  4053.788 1.001E+00
  4053.960 1.001E+00
  4054.131 1.002E+00
  4054.303 1.002E+00
  4054.474 1.002E+00
  4054.646 1.002E+00
  4054.818 1.002E+00
  4054.989 1.001E+00
  4055.161 9.982E-01
  4055.332 9.944E-01
  4055.504 9.899E-01
  4055.676 9.860E-01
  4055.847 9.834E-01
  4056.019 9.823E-01
  4056.190 9.826E-01
  4056.362 9.842E-01
  4056.534 9.871E-01
  4056.705 9.911E-01
  4056.877 9.950E-01
  4057.048 9.975E-01
  4057.220 9.985E-01
  4057.392 9.989E-01
  4057.563 9.990E-01
  4057.735 9.991E-01
  4057.906 9.992E-01
  4058.078 9.993E-01
  4058.250 9.994E-01
  4058.421 9.995E-01
  4058.593 9.994E-01
  4058.764 9.992E-01
  4058.936 9.991E-01
  4059.108 9.989E-01
  4059.279 9.989E-01
  4059.451 9.991E-01
  4059.622 9.998E-01
  4059.794 1.001E+00
  4059.966 1.003E+00
  4060.137 1.004E+00
  4060.309 1.006E+00
  4060.480 1.007E+00
  4060.652 1.008E+00
  4060.824 1.008E+00
  4060.995 1.007E+00
  4061.167 1.006E+00
  4061.338 1.005E+00
  4061.510 1.003E+00
  4061.682 1.002E+00
  4061.853 1.000E+00
  4062.025 9.984E-01
  4062.196 9.963E-01
  4062.368 9.942E-01
  4062.540 9.925E-01
  4062.711 9.915E-01
  4062.883 9.913E-01
  4063.054 9.917E-01
  4063.226 9.927E-01
  4063.398 9.942E-01
  4063.569 9.961E-01
  4063.741 9.980E-01
  4063.912 9.991E-01
  4064.084 9.996E-01
  4064.256 9.996E-01
  4064.427 9.995E-01
  4064.599 9.993E-01
  4064.770 9.992E-01
  4064.942 9.991E-01
  4065.114 9.991E-01
  4065.285 9.992E-01
  4065.457 9.993E-01
  4065.628 9.994E-01
  4065.800 9.996E-01
  4065.972 9.998E-01
  4066.143 9.999E-01
  4066.315 9.999E-01
  4066.486 9.999E-01
  4066.658 9.997E-01
  4066.830 9.987E-01
  4067.001 9.956E-01
  4067.173 9.895E-01
  4067.344 9.813E-01
  4067.516 9.736E-01
  4067.688 9.679E-01
  4067.859 9.636E-01
  4068.031 9.591E-01
  4068.202 9.537E-01
  4068.374 9.496E-01
  4068.546 9.488E-01
  4068.717 9.504E-01
  4068.889 9.511E-01
  4069.060 9.493E-01
  4069.232 9.459E-01
  4069.404 9.422E-01
  4069.575 9.384E-01
  4069.747 9.354E-01
  4069.918 9.333E-01
  4070.090 9.332E-01
  4070.262 9.364E-01
  4070.433 9.431E-01
  4070.605 9.523E-01
  4070.776 9.632E-01
  4070.948 9.742E-01
  4071.120 9.827E-01
  4071.291 9.855E-01
  4071.463 9.829E-01
  4071.634 9.785E-01
  4071.806 9.749E-01
  4071.978 9.731E-01
  4072.149 9.728E-01
  4072.321 9.736E-01
  4072.492 9.761E-01
  4072.664 9.805E-01
  4072.836 9.863E-01
  4073.007 9.918E-01
  4073.179 9.947E-01
  4073.350 9.953E-01
  4073.522 9.950E-01
  4073.694 9.943E-01
  4073.865 9.935E-01
  4074.037 9.926E-01
  4074.208 9.921E-01
  4074.380 9.920E-01
  4074.552 9.924E-01
  4074.723 9.924E-01
  4074.895 9.901E-01
  4075.066 9.835E-01
  4075.238 9.732E-01
  4075.410 9.631E-01
  4075.581 9.557E-01
  4075.753 9.517E-01
  4075.924 9.512E-01
  4076.096 9.543E-01
  4076.268 9.611E-01
  4076.439 9.712E-01
  4076.611 9.827E-01
  4076.782 9.919E-01
  4076.954 9.965E-01
  4077.126 9.981E-01
  4077.297 9.984E-01
  4077.469 9.984E-01
  4077.640 9.984E-01
  4077.812 9.983E-01
  4077.984 9.980E-01
  4078.155 9.974E-01
  4078.327 9.968E-01
  4078.498 9.964E-01
  4078.670 9.962E-01
  4078.842 9.962E-01
  4079.013 9.964E-01
  4079.185 9.967E-01
  4079.356 9.973E-01
  4079.528 9.979E-01
  4079.700 9.985E-01
  4079.871 9.986E-01
  4080.043 9.981E-01
  4080.214 9.970E-01
  4080.386 9.952E-01
  4080.558 9.936E-01
  4080.729 9.924E-01
  4080.901 9.919E-01
  4081.072 9.920E-01
  4081.244 9.926E-01
  4081.416 9.935E-01
  4081.587 9.949E-01
  4081.759 9.965E-01
  4081.930 9.979E-01
  4082.102 9.987E-01
  4082.274 9.990E-01
  4082.445 9.991E-01
  4082.617 9.992E-01
  4082.788 9.992E-01
  4082.960 9.986E-01
  4083.132 9.968E-01
  4083.303 9.940E-01
  4083.475 9.913E-01
  4083.646 9.891E-01
  4083.818 9.879E-01
  4083.990 9.873E-01
  4084.161 9.874E-01
  4084.333 9.881E-01
  4084.504 9.893E-01
  4084.676 9.911E-01
  4084.848 9.927E-01
  4085.019 9.936E-01
  4085.191 9.942E-01
  4085.362 9.949E-01
  4085.534 9.958E-01
  4085.706 9.969E-01
  4085.877 9.978E-01
  4086.049 9.981E-01
  4086.220 9.967E-01
  4086.392 9.931E-01
  4086.564 9.877E-01
  4086.735 9.824E-01
  4086.907 9.785E-01
  4087.078 9.764E-01
  4087.250 9.761E-01
  4087.422 9.773E-01
  4087.593 9.795E-01
  4087.765 9.804E-01
  4087.936 9.748E-01
  4088.108 9.569E-01
  4088.280 9.291E-01
  4088.451 8.997E-01
  4088.623 8.744E-01
  4088.794 8.578E-01
  4088.966 8.521E-01
  4089.138 8.582E-01
  4089.309 8.761E-01
  4089.481 9.040E-01
  4089.652 9.361E-01
  4089.824 9.629E-01
  4089.996 9.809E-01
  4090.167 9.918E-01
  4090.339 9.968E-01
  4090.510 9.985E-01
  4090.682 9.989E-01
  4090.854 9.990E-01
  4091.025 9.990E-01
  4091.197 9.990E-01
  4091.368 9.990E-01
  4091.540 9.990E-01
  4091.712 9.992E-01
  4091.883 9.993E-01
  4092.055 9.991E-01
  4092.226 9.986E-01
  4092.398 9.981E-01
  4092.570 9.977E-01
  4092.741 9.973E-01
  4092.913 9.970E-01
  4093.084 9.967E-01
  4093.256 9.966E-01
  4093.428 9.966E-01
  4093.599 9.966E-01
  4093.771 9.962E-01
  4093.942 9.950E-01
  4094.114 9.935E-01
  4094.286 9.922E-01
  4094.457 9.910E-01
  4094.629 9.891E-01
  4094.800 9.855E-01
  4094.972 9.798E-01
  4095.144 9.742E-01
  4095.315 9.699E-01
  4095.487 9.669E-01
  4095.658 9.649E-01
  4095.830 9.643E-01
  4096.002 9.652E-01
  4096.173 9.667E-01
  4096.345 9.655E-01
  4096.516 9.569E-01
  4096.688 9.403E-01
  4096.860 9.223E-01
  4097.031 9.083E-01
  4097.203 9.002E-01
  4097.374 8.977E-01
  4097.546 9.006E-01
  4097.718 9.095E-01
  4097.889 9.238E-01
  4098.061 9.407E-01
  4098.232 9.540E-01
  4098.404 9.597E-01
  4098.576 9.596E-01
  4098.747 9.565E-01
  4098.919 9.521E-01
  4099.090 9.466E-01
  4099.262 9.397E-01
  4099.434 9.311E-01
  4099.605 9.210E-01
  4099.777 9.090E-01
  4099.948 8.943E-01
  4100.120 8.757E-01
  4100.292 8.520E-01
  4100.463 8.222E-01
  4100.635 7.859E-01
  4100.806 7.442E-01
  4100.978 6.995E-01
  4101.150 6.557E-01
  4101.321 6.173E-01
  4101.493 5.891E-01
  4101.664 5.748E-01
  4101.836 5.763E-01
  4102.008 5.933E-01
  4102.179 6.230E-01
  4102.351 6.607E-01
  4102.522 7.009E-01
  4102.694 7.389E-01
  4102.866 7.734E-01
  4103.037 8.042E-01
  4103.209 8.312E-01
  4103.380 8.550E-01
  4103.552 8.761E-01
  4103.724 8.954E-01
  4103.895 9.132E-01
  4104.067 9.292E-01
  4104.238 9.420E-01
  4104.410 9.503E-01
  4104.582 9.554E-01
  4104.753 9.591E-01
  4104.925 9.626E-01
  4105.096 9.662E-01
  4105.268 9.703E-01
  4105.440 9.747E-01
  4105.611 9.791E-01
  4105.783 9.829E-01
  4105.954 9.856E-01
  4106.126 9.868E-01
  4106.298 9.869E-01
  4106.469 9.864E-01
  4106.641 9.858E-01
  4106.812 9.855E-01
  4106.984 9.857E-01
  4107.156 9.862E-01
  4107.327 9.872E-01
  4107.499 9.885E-01
  4107.670 9.901E-01
  4107.842 9.913E-01
  4108.014 9.916E-01
  4108.185 9.911E-01
  4108.357 9.902E-01
  4108.528 9.896E-01
  4108.700 9.894E-01
  4108.872 9.897E-01
  4109.043 9.904E-01
  4109.215 9.915E-01
  4109.386 9.930E-01
  4109.558 9.943E-01
  4109.730 9.948E-01
  4109.901 9.941E-01
  4110.073 9.920E-01
  4110.244 9.895E-01
  4110.416 9.875E-01
  4110.588 9.863E-01
  4110.759 9.860E-01
  4110.931 9.864E-01
  4111.102 9.875E-01
  4111.274 9.890E-01
  4111.446 9.910E-01
  4111.617 9.931E-01
  4111.789 9.944E-01
  4111.960 9.950E-01
  4112.132 9.954E-01
  4112.304 9.958E-01
  4112.475 9.963E-01
  4112.647 9.970E-01
  4112.818 9.977E-01
  4112.990 9.981E-01
  4113.162 9.981E-01
  4113.333 9.978E-01
  4113.505 9.974E-01
  4113.676 9.966E-01
  4113.848 9.955E-01
  4114.020 9.944E-01
  4114.191 9.937E-01
  4114.363 9.934E-01
  4114.534 9.936E-01
  4114.706 9.940E-01
  4114.878 9.937E-01
  4115.049 9.905E-01
  4115.221 9.805E-01
  4115.392 9.613E-01
  4115.564 9.389E-01
  4115.736 9.201E-01
  4115.907 9.081E-01
  4116.079 9.035E-01
  4116.250 9.060E-01
  4116.422 9.159E-01
  4116.594 9.330E-01
  4116.765 9.554E-01
  4116.937 9.775E-01
  4117.108 9.914E-01
  4117.280 9.973E-01
  4117.452 9.990E-01
  4117.623 9.993E-01
  4117.795 9.995E-01
  4117.966 9.995E-01
  4118.138 9.990E-01
  4118.310 9.969E-01
  4118.481 9.925E-01
  4118.653 9.872E-01
  4118.824 9.827E-01
  4118.996 9.798E-01
  4119.168 9.785E-01
  4119.339 9.784E-01
  4119.511 9.790E-01
  4119.682 9.788E-01
  4119.854 9.750E-01
  4120.026 9.644E-01
  4120.197 9.466E-01
  4120.369 9.270E-01
  4120.540 9.112E-01
  4120.712 9.017E-01
  4120.884 8.993E-01
  4121.055 9.039E-01
  4121.227 9.155E-01
  4121.398 9.333E-01
  4121.570 9.541E-01
  4121.742 9.721E-01
  4121.913 9.840E-01
  4122.085 9.904E-01
  4122.256 9.942E-01
  4122.428 9.969E-01
  4122.600 9.991E-01
  4122.771 1.000E+00
  4122.943 1.001E+00
  4123.114 1.001E+00
  4123.286 1.001E+00
  4123.458 1.000E+00
  4123.629 1.000E+00
  4123.801 1.000E+00
  4123.972 9.999E-01
  4124.144 9.999E-01
  4124.316 9.998E-01
  4124.487 9.998E-01
  4124.659 9.998E-01
  4124.830 9.997E-01
  4125.002 9.996E-01
  4125.174 9.996E-01
  4125.345 9.996E-01
  4125.517 9.996E-01
  4125.688 9.997E-01
  4125.860 9.998E-01
  4126.032 9.999E-01
  4126.203 1.000E+00
  4126.375 1.000E+00
  4126.546 1.000E+00
  4126.718 1.000E+00
  4126.890 1.000E+00
  4127.061 1.000E+00
  4127.233 9.997E-01
  4127.404 9.993E-01
  4127.576 9.990E-01
  4127.748 9.988E-01
  4127.919 9.987E-01
  4128.091 9.987E-01
  4128.262 9.988E-01
  4128.434 9.988E-01
  4128.606 9.988E-01
  4128.777 9.988E-01
  4128.949 9.987E-01
  4129.120 9.987E-01
  4129.292 9.986E-01
  4129.464 9.987E-01
  4129.635 9.988E-01
  4129.807 9.990E-01
  4129.978 9.993E-01
  4130.150 9.996E-01
  4130.322 9.997E-01
  4130.493 9.998E-01
  4130.665 9.998E-01
  4130.836 9.998E-01
  4131.008 9.998E-01
  4131.180 9.998E-01
  4131.351 9.998E-01
  4131.523 9.997E-01
  4131.694 9.994E-01
  4131.866 9.983E-01
  4132.038 9.962E-01
  4132.209 9.936E-01
  4132.381 9.911E-01
  4132.552 9.895E-01
  4132.724 9.886E-01
  4132.896 9.885E-01
  4133.067 9.891E-01
  4133.239 9.906E-01
  4133.410 9.929E-01
  4133.582 9.956E-01
  4133.754 9.977E-01
  4133.925 9.987E-01
  4134.097 9.993E-01
  4134.268 9.996E-01
  4134.440 9.998E-01
  4134.612 1.000E+00
  4134.783 1.000E+00
  4134.955 1.000E+00
  4135.126 1.000E+00
  4135.298 9.999E-01
  4135.470 9.998E-01
  4135.641 9.997E-01
  4135.813 9.995E-01
  4135.984 9.994E-01
  4136.156 9.994E-01
  4136.328 9.995E-01
  4136.499 9.999E-01
  4136.671 1.000E+00
  4136.842 1.001E+00
  4137.014 1.002E+00
  4137.186 1.002E+00
  4137.357 1.003E+00
  4137.529 1.003E+00
  4137.700 1.003E+00
  4137.872 1.002E+00
  4138.044 1.002E+00
  4138.215 1.001E+00
  4138.387 1.001E+00
  4138.558 1.001E+00
  4138.730 1.001E+00
  4138.902 1.001E+00
  4139.073 1.001E+00
  4139.245 1.001E+00
  4139.416 1.001E+00
  4139.588 1.001E+00
  4139.760 1.001E+00
  4139.931 1.001E+00
  4140.103 1.000E+00
  4140.274 1.000E+00
  4140.446 9.999E-01
  4140.618 9.998E-01
  4140.789 9.997E-01
  4140.961 9.995E-01
  4141.132 9.993E-01
  4141.304 9.992E-01
  4141.476 9.991E-01
  4141.647 9.990E-01
  4141.819 9.990E-01
  4141.990 9.990E-01
  4142.162 9.989E-01
  4142.334 9.983E-01
  4142.505 9.963E-01
  4142.677 9.905E-01
  4142.848 9.775E-01
  4143.020 9.561E-01
  4143.192 9.308E-01
  4143.363 9.082E-01
  4143.535 8.926E-01
  4143.706 8.855E-01
  4143.878 8.870E-01
  4144.050 8.971E-01
  4144.221 9.154E-01
  4144.393 9.395E-01
  4144.564 9.641E-01
  4144.736 9.829E-01
  4144.908 9.934E-01
  4145.079 9.982E-01
  4145.251 1.000E+00
  4145.422 1.001E+00
  4145.594 1.001E+00
  4145.766 1.002E+00
  4145.937 1.002E+00
  4146.109 1.001E+00
  4146.280 1.001E+00
  4146.452 1.001E+00
  4146.624 1.000E+00
  4146.795 1.000E+00
  4146.967 1.000E+00
  4147.138 1.000E+00
  4147.310 1.000E+00
  4147.482 1.000E+00
  4147.653 1.000E+00
  4147.825 1.000E+00
  4147.996 1.000E+00
  4148.168 1.000E+00
  4148.340 1.001E+00
  4148.511 1.001E+00
  4148.683 1.001E+00
  4148.854 1.001E+00
  4149.026 1.000E+00
  4149.198 9.995E-01
  4149.369 9.987E-01
  4149.541 9.978E-01
  4149.712 9.970E-01
  4149.884 9.963E-01
  4150.056 9.958E-01
  4150.227 9.956E-01
  4150.399 9.957E-01
  4150.570 9.962E-01
  4150.742 9.969E-01
  4150.914 9.976E-01
  4151.085 9.982E-01
  4151.257 9.987E-01
  4151.428 9.989E-01
  4151.600 9.984E-01
  4151.772 9.969E-01
  4151.943 9.948E-01
  4152.115 9.928E-01
  4152.286 9.908E-01
  4152.458 9.883E-01
  4152.630 9.851E-01
  4152.801 9.825E-01
  4152.973 9.814E-01
  4153.144 9.819E-01
  4153.316 9.835E-01
  4153.488 9.856E-01
  4153.659 9.881E-01
  4153.831 9.912E-01
  4154.002 9.948E-01
  4154.174 9.983E-01
  4154.346 1.001E+00
  4154.517 1.002E+00
  4154.689 1.002E+00
  4154.860 1.002E+00
  4155.032 1.002E+00
  4155.204 1.002E+00
  4155.375 1.001E+00
  4155.547 9.996E-01
  4155.718 9.967E-01
  4155.890 9.929E-01
  4156.062 9.892E-01
  4156.233 9.866E-01
  4156.405 9.851E-01
  4156.576 9.848E-01
  4156.748 9.856E-01
  4156.920 9.876E-01
  4157.091 9.906E-01
  4157.263 9.942E-01
  4157.434 9.972E-01
  4157.606 9.990E-01
  4157.778 9.997E-01
  4157.949 9.999E-01
  4158.121 1.000E+00
  4158.292 1.000E+00
  4158.464 1.000E+00
  4158.636 1.000E+00
  4158.807 1.000E+00
  4158.979 1.000E+00
  4159.150 1.000E+00
  4159.322 1.000E+00
  4159.494 1.000E+00
  4159.665 1.000E+00
  4159.837 1.000E+00
  4160.008 1.000E+00
  4160.180 1.000E+00
  4160.352 1.000E+00
  4160.523 1.000E+00
  4160.695 1.000E+00
  4160.866 1.000E+00
  4161.038 1.000E+00
  4161.210 1.000E+00
  4161.381 9.999E-01
  4161.553 9.998E-01
  4161.724 9.995E-01
  4161.896 9.983E-01
  4162.068 9.958E-01
  4162.239 9.922E-01
  4162.411 9.886E-01
  4162.582 9.857E-01
  4162.754 9.839E-01
  4162.926 9.834E-01
  4163.097 9.840E-01
  4163.269 9.860E-01
  4163.440 9.892E-01
  4163.612 9.931E-01
  4163.784 9.969E-01
  4163.955 9.999E-01
  4164.127 1.002E+00
  4164.298 1.004E+00
  4164.470 1.005E+00
  4164.642 1.006E+00
  4164.813 1.006E+00
  4164.985 1.006E+00
  4165.156 1.005E+00
  4165.328 1.004E+00
  4165.500 1.003E+00
  4165.671 1.002E+00
  4165.843 1.001E+00
  4166.014 1.000E+00
  4166.186 1.001E+00
  4166.358 1.001E+00
  4166.529 1.001E+00
  4166.701 1.001E+00
  4166.872 1.001E+00
  4167.044 1.001E+00
  4167.216 1.001E+00
  4167.387 1.000E+00
  4167.559 1.000E+00
  4167.730 9.997E-01
  4167.902 9.987E-01
  4168.074 9.962E-01
  4168.245 9.919E-01
  4168.417 9.865E-01
  4168.588 9.814E-01
  4168.760 9.775E-01
  4168.932 9.753E-01
  4169.103 9.750E-01
  4169.275 9.766E-01
  4169.446 9.801E-01
  4169.618 9.851E-01
  4169.790 9.906E-01
  4169.961 9.950E-01
  4170.133 9.978E-01
  4170.304 9.991E-01
  4170.476 9.996E-01
  4170.648 9.997E-01
  4170.819 9.996E-01
  4170.991 9.992E-01
  4171.162 9.987E-01
  4171.334 9.981E-01
  4171.506 9.976E-01
  4171.677 9.974E-01
  4171.849 9.973E-01
  4172.020 9.974E-01
  4172.192 9.977E-01
  4172.364 9.981E-01
  4172.535 9.986E-01
  4172.707 9.990E-01
  4172.878 9.993E-01
  4173.050 9.995E-01
  4173.222 9.997E-01
  4173.393 1.000E+00
  4173.565 1.001E+00
  4173.736 1.001E+00
  4173.908 1.002E+00
  4174.080 1.003E+00
  4174.251 1.003E+00
  4174.423 1.003E+00
  4174.594 1.003E+00
  4174.766 1.002E+00
  4174.938 1.002E+00
  4175.109 1.001E+00
  4175.281 1.000E+00
  4175.452 9.994E-01
  4175.624 9.988E-01
  4175.796 9.983E-01
  4175.967 9.981E-01
  4176.139 9.980E-01
  4176.310 9.981E-01
  4176.482 9.983E-01
  4176.654 9.987E-01
  4176.825 9.992E-01
  4176.997 9.997E-01
  4177.168 1.000E+00
  4177.340 1.000E+00
  4177.512 1.000E+00
  4177.683 1.000E+00
  4177.855 1.000E+00
  4178.026 1.000E+00
  4178.198 1.000E+00
  4178.370 1.000E+00
  4178.541 1.000E+00
  4178.713 1.000E+00
  4178.884 1.000E+00
  4179.056 1.000E+00
  4179.228 9.999E-01
  4179.399 9.999E-01
  4179.571 9.998E-01
  4179.742 9.998E-01
  4179.914 9.998E-01
  4180.086 9.998E-01
  4180.257 9.998E-01
  4180.429 9.999E-01
  4180.600 9.999E-01
  4180.772 9.999E-01
  4180.944 9.999E-01
  4181.115 9.999E-01
  4181.287 9.999E-01
  4181.458 9.999E-01
  4181.630 9.999E-01
  4181.802 9.999E-01
  4181.973 1.000E+00
  4182.145 1.000E+00
  4182.316 1.000E+00
  4182.488 1.000E+00
  4182.660 1.000E+00
  4182.831 1.000E+00
  4183.003 9.999E-01
  4183.174 9.996E-01
  4183.346 9.990E-01
  4183.518 9.981E-01
  4183.689 9.974E-01
  4183.861 9.968E-01
  4184.032 9.966E-01
  4184.204 9.965E-01
  4184.376 9.963E-01
  4184.547 9.954E-01
  4184.719 9.935E-01
  4184.890 9.914E-01
  4185.062 9.895E-01
  4185.234 9.881E-01
  4185.405 9.873E-01
  4185.577 9.870E-01
  4185.748 9.871E-01
  4185.920 9.867E-01
  4186.092 9.847E-01
  4186.263 9.811E-01
  4186.435 9.768E-01
  4186.606 9.732E-01
  4186.778 9.712E-01
  4186.950 9.711E-01
  4187.121 9.729E-01
  4187.293 9.768E-01
  4187.464 9.825E-01
  4187.636 9.893E-01
  4187.808 9.950E-01
  4187.979 9.983E-01
  4188.151 9.996E-01
  4188.322 9.999E-01
  4188.494 9.998E-01
  4188.666 9.990E-01
  4188.837 9.967E-01
  4189.009 9.920E-01
  4189.180 9.859E-01
  4189.352 9.804E-01
  4189.524 9.766E-01
  4189.695 9.746E-01
  4189.867 9.745E-01
  4190.038 9.763E-01
  4190.210 9.800E-01
  4190.382 9.854E-01
  4190.553 9.915E-01
  4190.725 9.963E-01
  4190.896 9.988E-01
  4191.068 9.997E-01
  4191.240 9.998E-01
  4191.411 9.998E-01
  4191.583 9.997E-01
  4191.754 9.994E-01
  4191.926 9.991E-01
  4192.098 9.988E-01
  4192.269 9.986E-01
  4192.441 9.985E-01
  4192.612 9.985E-01
  4192.784 9.986E-01
  4192.956 9.988E-01
  4193.127 9.992E-01
  4193.299 9.996E-01
  4193.470 1.000E+00
  4193.642 1.000E+00
  4193.814 1.000E+00
  4193.985 1.000E+00
  4194.157 1.000E+00
  4194.328 1.000E+00
  4194.500 1.000E+00
  4194.672 9.997E-01
  4194.843 9.991E-01
  4195.015 9.982E-01
  4195.186 9.973E-01
  4195.358 9.964E-01
  4195.530 9.958E-01
  4195.701 9.954E-01
  4195.873 9.952E-01
  4196.044 9.953E-01
  4196.216 9.957E-01
  4196.388 9.963E-01
  4196.559 9.970E-01
  4196.731 9.975E-01
  4196.902 9.977E-01
  4197.074 9.976E-01
  4197.246 9.975E-01
  4197.417 9.973E-01
  4197.589 9.969E-01
  4197.760 9.962E-01
  4197.932 9.951E-01
  4198.104 9.936E-01
  4198.275 9.916E-01
  4198.447 9.888E-01
  4198.618 9.851E-01
  4198.790 9.805E-01
  4198.962 9.751E-01
  4199.133 9.692E-01
  4199.305 9.636E-01
  4199.476 9.589E-01
  4199.648 9.559E-01
  4199.820 9.550E-01
  4199.991 9.563E-01
  4200.163 9.596E-01
  4200.334 9.645E-01
  4200.506 9.703E-01
  4200.678 9.763E-01
  4200.849 9.818E-01
  4201.021 9.864E-01
  4201.192 9.899E-01
  4201.364 9.925E-01
  4201.536 9.943E-01
  4201.707 9.957E-01
  4201.879 9.966E-01
  4202.050 9.973E-01
  4202.222 9.978E-01
  4202.394 9.982E-01
  4202.565 9.985E-01
  4202.737 9.987E-01
  4202.908 9.990E-01
  4203.080 9.993E-01
  4203.252 9.995E-01
  4203.423 9.998E-01
  4203.595 1.000E+00
  4203.766 1.000E+00
  4203.938 1.000E+00
  4204.110 1.000E+00
  4204.281 1.000E+00
  4204.453 1.000E+00
  4204.624 9.999E-01
  4204.796 9.997E-01
  4204.968 9.997E-01
  4205.139 9.996E-01
  4205.311 9.996E-01
  4205.482 9.996E-01
  4205.654 9.996E-01
  4205.826 9.996E-01
  4205.997 9.995E-01
  4206.169 9.995E-01
  4206.340 9.994E-01
  4206.512 9.994E-01
  4206.684 9.994E-01
  4206.855 9.994E-01
  4207.027 9.994E-01
  4207.198 9.995E-01
  4207.370 9.995E-01
  4207.542 9.996E-01
  4207.713 9.997E-01
  4207.885 9.998E-01
  4208.056 9.999E-01
  4208.228 9.999E-01
  4208.400 1.000E+00
  4208.571 1.000E+00
  4208.743 1.000E+00
  4208.914 1.000E+00
  4209.086 1.000E+00
  4209.258 1.000E+00
  4209.429 1.000E+00
  4209.601 1.000E+00
  4209.772 1.000E+00
  4209.944 1.000E+00
  4210.116 1.001E+00
  4210.287 1.001E+00
  4210.459 1.001E+00
  4210.630 1.001E+00
  4210.802 1.001E+00
  4210.974 1.001E+00
  4211.145 1.000E+00
  4211.317 9.995E-01
  4211.488 9.972E-01
  4211.660 9.932E-01
  4211.832 9.886E-01
  4212.003 9.847E-01
  4212.175 9.821E-01
  4212.346 9.809E-01
  4212.518 9.810E-01
  4212.690 9.825E-01
  4212.861 9.855E-01
  4213.033 9.896E-01
  4213.204 9.941E-01
  4213.376 9.975E-01
  4213.548 9.991E-01
  4213.719 9.997E-01
  4213.891 9.999E-01
  4214.062 9.999E-01
  4214.234 9.999E-01
  4214.406 1.000E+00
  4214.577 9.999E-01
  4214.749 9.999E-01
  4214.920 9.997E-01
  4215.092 9.995E-01
  4215.264 9.993E-01
  4215.435 9.992E-01
  4215.607 9.991E-01
  4215.778 9.990E-01
  4215.950 9.990E-01
  4216.122 9.990E-01
  4216.293 9.989E-01
  4216.465 9.986E-01
  4216.636 9.982E-01
  4216.808 9.979E-01
  4216.980 9.976E-01
  4217.151 9.976E-01
  4217.323 9.976E-01
  4217.494 9.978E-01
  4217.666 9.982E-01
  4217.838 9.988E-01
  4218.009 9.993E-01
  4218.181 9.996E-01
  4218.352 9.996E-01
  4218.524 9.993E-01
  4218.696 9.982E-01
  4218.867 9.963E-01
  4219.039 9.936E-01
  4219.210 9.910E-01
  4219.382 9.891E-01
  4219.554 9.881E-01
  4219.725 9.879E-01
  4219.897 9.884E-01
  4220.068 9.897E-01
  4220.240 9.917E-01
  4220.412 9.939E-01
  4220.583 9.960E-01
  4220.755 9.972E-01
  4220.926 9.977E-01
  4221.098 9.978E-01
  4221.270 9.979E-01
  4221.441 9.979E-01
  4221.613 9.981E-01
  4221.784 9.983E-01
  4221.956 9.985E-01
  4222.128 9.986E-01
  4222.299 9.987E-01
  4222.471 9.989E-01
  4222.642 9.991E-01
  4222.814 9.994E-01
  4222.986 9.997E-01
  4223.157 9.999E-01
  4223.329 9.999E-01
  4223.500 9.999E-01
  4223.672 9.999E-01
  4223.844 9.997E-01
  4224.015 9.995E-01
  4224.187 9.994E-01
  4224.358 9.992E-01
  4224.530 9.990E-01
  4224.702 9.989E-01
  4224.873 9.988E-01
  4225.045 9.989E-01
  4225.216 9.990E-01
  4225.388 9.992E-01
  4225.560 9.993E-01
  4225.731 9.995E-01
  4225.903 9.996E-01
  4226.074 9.998E-01
  4226.246 9.999E-01
  4226.418 1.000E+00
  4226.589 1.000E+00
  4226.761 1.000E+00
  4226.932 1.000E+00
  4227.104 1.000E+00
  4227.276 1.000E+00
  4227.447 1.000E+00
  4227.619 1.000E+00
  4227.790 1.000E+00
  4227.962 1.000E+00
  4228.134 1.000E+00
  4228.305 1.000E+00
  4228.477 1.000E+00
  4228.648 1.000E+00
  4228.820 1.000E+00
  4228.992 1.000E+00
  4229.163 1.000E+00
  4229.335 1.000E+00
  4229.506 1.000E+00
  4229.678 1.000E+00
  4229.850 1.000E+00
  4230.021 1.000E+00
  4230.193 1.000E+00
  4230.364 9.999E-01
  4230.536 9.997E-01
  4230.708 9.991E-01
  4230.879 9.980E-01
  4231.051 9.969E-01
  4231.222 9.959E-01
  4231.394 9.953E-01
  4231.566 9.951E-01
  4231.737 9.952E-01
  4231.909 9.956E-01
  4232.080 9.964E-01
  4232.252 9.975E-01
  4232.424 9.986E-01
  4232.595 9.994E-01
  4232.767 9.997E-01
  4232.938 9.994E-01
  4233.110 9.989E-01
  4233.282 9.982E-01
  4233.453 9.976E-01
  4233.625 9.972E-01
  4233.796 9.970E-01
  4233.968 9.971E-01
  4234.140 9.973E-01
  4234.311 9.978E-01
  4234.483 9.984E-01
  4234.654 9.990E-01
  4234.826 9.995E-01
  4234.998 9.997E-01
  4235.169 9.998E-01
  4235.341 9.998E-01
  4235.512 9.998E-01
  4235.684 9.998E-01
  4235.856 9.998E-01
  4236.027 9.997E-01
  4236.199 9.995E-01
  4236.370 9.991E-01
  4236.542 9.988E-01
  4236.714 9.985E-01
  4236.885 9.984E-01
  4237.057 9.983E-01
  4237.228 9.983E-01
  4237.400 9.984E-01
  4237.572 9.987E-01
  4237.743 9.991E-01
  4237.915 9.995E-01
  4238.086 9.998E-01
  4238.258 1.000E+00
  4238.430 1.000E+00
  4238.601 1.000E+00
  4238.773 9.998E-01
  4238.944 9.995E-01
  4239.116 9.989E-01
  4239.288 9.982E-01
  4239.459 9.975E-01
  4239.631 9.970E-01
  4239.802 9.968E-01
  4239.974 9.968E-01
  4240.146 9.972E-01
  4240.317 9.977E-01
  4240.489 9.982E-01
  4240.660 9.987E-01
  4240.832 9.990E-01
  4241.004 9.990E-01
  4241.175 9.987E-01
  4241.347 9.982E-01
  4241.518 9.977E-01
  4241.690 9.974E-01
  4241.862 9.972E-01
  4242.033 9.973E-01
  4242.205 9.975E-01
  4242.376 9.980E-01
  4242.548 9.987E-01
  4242.720 9.994E-01
  4242.891 1.000E+00
  4243.063 1.000E+00
  4243.234 1.001E+00
  4243.406 1.001E+00
  4243.578 1.001E+00
  4243.749 1.001E+00
  4243.921 1.000E+00
  4244.092 1.000E+00
  4244.264 9.995E-01
  4244.436 9.993E-01
  4244.607 9.991E-01
  4244.779 9.990E-01
  4244.950 9.991E-01
  4245.122 9.992E-01
  4245.294 9.995E-01
  4245.465 9.998E-01
  4245.637 1.000E+00
  4245.808 1.000E+00
  4245.980 1.000E+00
  4246.152 1.000E+00
  4246.323 1.000E+00
  4246.495 1.000E+00
  4246.666 1.001E+00
  4246.838 1.001E+00
  4247.010 1.002E+00
  4247.181 1.002E+00
  4247.353 1.002E+00
  4247.524 1.003E+00
  4247.696 1.002E+00
  4247.868 1.002E+00
  4248.039 1.002E+00
  4248.211 1.001E+00
  4248.382 1.001E+00
  4248.554 1.000E+00
  4248.726 1.000E+00
  4248.897 9.999E-01
  4249.069 9.995E-01
  4249.240 9.992E-01
  4249.412 9.990E-01
  4249.584 9.988E-01
  4249.755 9.986E-01
  4249.927 9.982E-01
  4250.098 9.979E-01
  4250.270 9.977E-01
  4250.442 9.977E-01
  4250.613 9.978E-01
  4250.785 9.981E-01
  4250.956 9.984E-01
  4251.128 9.988E-01
  4251.300 9.994E-01
  4251.471 1.000E+00
  4251.643 1.000E+00
  4251.814 1.001E+00
  4251.986 1.000E+00
  4252.158 1.000E+00
  4252.329 9.997E-01
  4252.501 9.982E-01
  4252.672 9.945E-01
  4252.844 9.878E-01
  4253.016 9.807E-01
  4253.187 9.757E-01
  4253.359 9.736E-01
  4253.530 9.737E-01
  4253.702 9.756E-01
  4253.874 9.792E-01
  4254.045 9.845E-01
  4254.217 9.912E-01
  4254.388 9.978E-01
  4254.560 1.002E+00
  4254.732 1.002E+00
  4254.903 1.001E+00
  4255.075 1.000E+00
  4255.246 9.997E-01
  4255.418 9.995E-01
  4255.590 9.995E-01
  4255.761 9.995E-01
  4255.933 9.995E-01
  4256.104 9.995E-01
  4256.276 9.995E-01
  4256.448 9.995E-01
  4256.619 9.993E-01
  4256.791 9.989E-01
  4256.962 9.981E-01
  4257.134 9.973E-01
  4257.306 9.965E-01
  4257.477 9.960E-01
  4257.649 9.958E-01
  4257.820 9.958E-01
  4257.992 9.962E-01
  4258.164 9.969E-01
  4258.335 9.978E-01
  4258.507 9.989E-01
  4258.678 9.997E-01
  4258.850 1.000E+00
  4259.022 1.000E+00
  4259.193 1.000E+00
  4259.365 1.000E+00
  4259.536 1.000E+00
  4259.708 1.000E+00
  4259.880 1.000E+00
  4260.051 1.000E+00
  4260.223 1.000E+00
  4260.394 1.000E+00
  4260.566 1.000E+00
  4260.738 1.000E+00
  4260.909 1.000E+00
  4261.081 1.000E+00
  4261.252 1.000E+00
  4261.424 1.000E+00
  4261.596 1.000E+00
  4261.767 1.000E+00
  4261.939 1.000E+00
  4262.110 1.000E+00
  4262.282 1.000E+00
  4262.454 9.999E-01
  4262.625 9.999E-01
  4262.797 9.998E-01
  4262.968 9.998E-01
  4263.140 9.999E-01
  4263.312 9.999E-01
  4263.483 1.000E+00
  4263.655 1.000E+00
  4263.826 1.000E+00
  4263.998 1.000E+00
  4264.170 1.000E+00
  4264.341 1.000E+00
  4264.513 1.000E+00
  4264.684 1.000E+00
  4264.856 1.000E+00
  4265.028 1.000E+00
  4265.199 1.000E+00
  4265.371 1.000E+00
  4265.542 9.999E-01
  4265.714 9.997E-01
  4265.886 9.986E-01
  4266.057 9.953E-01
  4266.229 9.879E-01
  4266.400 9.768E-01
  4266.572 9.647E-01
  4266.744 9.549E-01
  4266.915 9.486E-01
  4267.087 9.462E-01
  4267.258 9.477E-01
  4267.430 9.529E-01
  4267.602 9.619E-01
  4267.773 9.736E-01
  4267.945 9.854E-01
  4268.116 9.939E-01
  4268.288 9.981E-01
  4268.460 9.995E-01
  4268.631 9.999E-01
  4268.803 9.999E-01
  4268.974 9.999E-01
  4269.146 1.000E+00
  4269.318 1.000E+00
  4269.489 9.999E-01
  4269.661 9.999E-01
  4269.832 9.999E-01
  4270.004 9.999E-01
  4270.176 9.999E-01
  4270.347 9.999E-01
  4270.519 9.999E-01
  4270.690 1.000E+00
  4270.862 1.000E+00
  4271.034 1.000E+00
  4271.205 9.999E-01
  4271.377 9.999E-01
  4271.548 9.999E-01
  4271.720 9.999E-01
  4271.892 9.999E-01
  4272.063 9.999E-01
  4272.235 9.999E-01
  4272.406 9.999E-01
  4272.578 1.000E+00
  4272.750 1.000E+00
  4272.921 1.001E+00
  4273.093 1.001E+00
  4273.264 1.001E+00
  4273.436 1.000E+00
  4273.608 1.000E+00
  4273.779 9.996E-01
  4273.951 9.992E-01
  4274.122 9.988E-01
  4274.294 9.983E-01
  4274.466 9.972E-01
  4274.637 9.948E-01
  4274.809 9.908E-01
  4274.980 9.863E-01
  4275.152 9.826E-01
  4275.324 9.798E-01
  4275.495 9.779E-01
  4275.667 9.765E-01
  4275.838 9.752E-01
  4276.010 9.740E-01
  4276.182 9.738E-01
  4276.353 9.750E-01
  4276.525 9.763E-01
  4276.696 9.774E-01
  4276.868 9.787E-01
  4277.040 9.807E-01
  4277.211 9.835E-01
  4277.383 9.872E-01
  4277.554 9.909E-01
  4277.726 9.936E-01
  4277.898 9.948E-01
  4278.069 9.951E-01
  4278.241 9.953E-01
  4278.412 9.956E-01
  4278.584 9.962E-01
  4278.756 9.969E-01
  4278.927 9.975E-01
  4279.099 9.979E-01
  4279.270 9.982E-01
  4279.442 9.986E-01
  4279.614 9.991E-01
  4279.785 9.995E-01
  4279.957 9.997E-01
  4280.128 9.998E-01
  4280.300 9.996E-01
  4280.472 9.991E-01
  4280.643 9.982E-01
  4280.815 9.972E-01
  4280.986 9.963E-01
  4281.158 9.957E-01
  4281.330 9.953E-01
  4281.501 9.953E-01
  4281.673 9.956E-01
  4281.844 9.959E-01
  4282.016 9.958E-01
  4282.188 9.946E-01
  4282.359 9.923E-01
  4282.531 9.893E-01
  4282.702 9.865E-01
  4282.874 9.843E-01
  4283.046 9.829E-01
  4283.217 9.824E-01
  4283.389 9.832E-01
  4283.560 9.853E-01
  4283.732 9.881E-01
  4283.904 9.901E-01
  4284.075 9.889E-01
  4284.247 9.840E-01
  4284.418 9.777E-01
  4284.590 9.724E-01
  4284.762 9.689E-01
  4284.933 9.674E-01
  4285.105 9.680E-01
  4285.276 9.709E-01
  4285.448 9.763E-01
  4285.620 9.837E-01
  4285.791 9.916E-01
  4285.963 9.974E-01
  4286.134 1.000E+00
  4286.306 1.001E+00
  4286.478 1.001E+00
  4286.649 1.001E+00
  4286.821 1.001E+00
  4286.992 1.000E+00
  4287.164 1.000E+00
  4287.336 9.999E-01
  4287.507 9.998E-01
  4287.679 9.995E-01
  4287.850 9.988E-01
  4288.022 9.975E-01
  4288.194 9.958E-01
  4288.365 9.943E-01
  4288.537 9.933E-01
  4288.708 9.927E-01
  4288.880 9.927E-01
  4289.052 9.931E-01
  4289.223 9.941E-01
  4289.395 9.958E-01
  4289.566 9.978E-01
  4289.738 9.999E-01
  4289.910 1.002E+00
  4290.081 1.002E+00
  4290.253 1.003E+00
  4290.424 1.003E+00
  4290.596 1.002E+00
  4290.768 1.001E+00
  4290.939 1.000E+00
  4291.111 9.993E-01
  4291.282 9.984E-01
  4291.454 9.978E-01
  4291.626 9.977E-01
  4291.797 9.979E-01
  4291.969 9.985E-01
  4292.140 9.990E-01
  4292.312 9.994E-01
  4292.484 9.996E-01
  4292.655 9.997E-01
  4292.827 9.998E-01
  4292.998 9.999E-01
  4293.170 9.999E-01
  4293.342 9.999E-01
  4293.513 9.999E-01
  4293.685 9.997E-01
  4293.856 9.991E-01
  4294.028 9.977E-01
  4294.200 9.956E-01
  4294.371 9.933E-01
  4294.543 9.916E-01
  4294.714 9.905E-01
  4294.886 9.901E-01
  4295.058 9.904E-01
  4295.229 9.914E-01
  4295.401 9.930E-01
  4295.572 9.952E-01
  4295.744 9.974E-01
  4295.916 9.991E-01
  4296.087 1.000E+00
  4296.259 1.001E+00
  4296.430 1.001E+00
  4296.602 1.001E+00
  4296.774 1.001E+00
  4296.945 1.001E+00
  4297.117 1.001E+00
  4297.288 9.999E-01
  4297.460 9.988E-01
  4297.632 9.979E-01
  4297.803 9.972E-01
  4297.975 9.969E-01
  4298.146 9.968E-01
  4298.318 9.970E-01
  4298.490 9.974E-01
  4298.661 9.980E-01
  4298.833 9.987E-01
  4299.004 9.994E-01
  4299.176 9.997E-01
  4299.348 9.999E-01
  4299.519 9.999E-01
  4299.691 9.999E-01
  4299.862 9.999E-01
  4300.034 9.999E-01
  4300.206 9.999E-01
  4300.377 9.999E-01
  4300.549 9.999E-01
  4300.720 9.999E-01
  4300.892 9.999E-01
  4301.064 9.998E-01
  4301.235 9.998E-01
  4301.407 9.998E-01
  4301.578 9.998E-01
  4301.750 9.999E-01
  4301.922 1.000E+00
  4302.093 1.000E+00
  4302.265 1.000E+00
  4302.436 1.000E+00
  4302.608 9.998E-01
  4302.780 9.976E-01
  4302.951 9.934E-01
  4303.123 9.879E-01
  4303.294 9.828E-01
  4303.466 9.790E-01
  4303.638 9.768E-01
  4303.809 9.765E-01
  4303.981 9.782E-01
  4304.152 9.818E-01
  4304.324 9.870E-01
  4304.496 9.927E-01
  4304.667 9.975E-01
  4304.839 1.000E+00
  4305.010 1.001E+00
  4305.182 1.001E+00
  4305.354 1.001E+00
  4305.525 1.000E+00
  4305.697 9.998E-01
  4305.868 9.997E-01
  4306.040 9.997E-01
  4306.212 9.997E-01
  4306.383 9.995E-01
  4306.555 9.988E-01
  4306.726 9.979E-01
  4306.898 9.971E-01
  4307.070 9.965E-01
  4307.241 9.962E-01
  4307.413 9.962E-01
  4307.584 9.964E-01
  4307.756 9.969E-01
  4307.928 9.976E-01
  4308.099 9.986E-01
  4308.271 9.994E-01
  4308.442 9.999E-01
  4308.614 1.000E+00
  4308.786 1.000E+00
  4308.957 1.000E+00
  4309.129 1.000E+00
  4309.300 1.000E+00
  4309.472 1.001E+00
  4309.644 1.001E+00
  4309.815 1.002E+00
  4309.987 1.002E+00
  4310.158 1.003E+00
  4310.330 1.003E+00
  4310.502 1.003E+00
  4310.673 1.003E+00
  4310.845 1.002E+00
  4311.016 1.001E+00
  4311.188 1.000E+00
  4311.360 9.993E-01
  4311.531 9.985E-01
  4311.703 9.979E-01
  4311.874 9.976E-01
  4312.046 9.975E-01
  4312.218 9.974E-01
  4312.389 9.970E-01
  4312.561 9.957E-01
  4312.732 9.935E-01
  4312.904 9.911E-01
  4313.076 9.890E-01
  4313.247 9.873E-01
  4313.419 9.859E-01
  4313.590 9.853E-01
  4313.762 9.857E-01
  4313.934 9.873E-01
  4314.105 9.899E-01
  4314.277 9.927E-01
  4314.448 9.944E-01
  4314.620 9.949E-01
  4314.792 9.947E-01
  4314.963 9.943E-01
  4315.135 9.936E-01
  4315.306 9.930E-01
  4315.478 9.926E-01
  4315.650 9.927E-01
  4315.821 9.931E-01
  4315.993 9.933E-01
  4316.164 9.921E-01
  4316.336 9.883E-01
  4316.508 9.828E-01
  4316.679 9.777E-01
  4316.851 9.739E-01
  4317.022 9.714E-01
  4317.194 9.705E-01
  4317.366 9.716E-01
  4317.537 9.748E-01
  4317.709 9.802E-01
  4317.880 9.869E-01
  4318.052 9.930E-01
  4318.224 9.966E-01
  4318.395 9.980E-01
  4318.567 9.974E-01
  4318.738 9.941E-01
  4318.910 9.876E-01
  4319.082 9.803E-01
  4319.253 9.743E-01
  4319.425 9.703E-01
  4319.596 9.685E-01
  4319.768 9.690E-01
  4319.940 9.716E-01
  4320.111 9.765E-01
  4320.283 9.831E-01
  4320.454 9.903E-01
  4320.626 9.955E-01
  4320.798 9.981E-01
  4320.969 9.989E-01
  4321.141 9.992E-01
  4321.312 9.993E-01
  4321.484 9.994E-01
  4321.656 9.995E-01
  4321.827 9.996E-01
  4321.999 9.995E-01
  4322.170 9.994E-01
  4322.342 9.992E-01
  4322.514 9.991E-01
  4322.685 9.990E-01
  4322.857 9.989E-01
  4323.028 9.989E-01
  4323.200 9.989E-01
  4323.372 9.990E-01
  4323.543 9.992E-01
  4323.715 9.993E-01
  4323.886 9.993E-01
  4324.058 9.993E-01
  4324.230 9.992E-01
  4324.401 9.992E-01
  4324.573 9.989E-01
  4324.744 9.982E-01
  4324.916 9.968E-01
  4325.088 9.950E-01
  4325.259 9.934E-01
  4325.431 9.924E-01
  4325.602 9.920E-01
  4325.774 9.921E-01
  4325.946 9.927E-01
  4326.117 9.937E-01
  4326.289 9.951E-01
  4326.460 9.965E-01
  4326.632 9.972E-01
  4326.804 9.968E-01
  4326.975 9.957E-01
  4327.147 9.942E-01
  4327.318 9.926E-01
  4327.490 9.907E-01
  4327.662 9.891E-01
  4327.833 9.879E-01
  4328.005 9.875E-01
  4328.176 9.878E-01
  4328.348 9.887E-01
  4328.520 9.898E-01
  4328.691 9.912E-01
  4328.863 9.929E-01
  4329.034 9.947E-01
  4329.206 9.961E-01
  4329.378 9.971E-01
  4329.549 9.977E-01
  4329.721 9.980E-01
  4329.892 9.981E-01
  4330.064 9.980E-01
  4330.236 9.979E-01
  4330.407 9.977E-01
  4330.579 9.973E-01
  4330.750 9.969E-01
  4330.922 9.963E-01
  4331.094 9.955E-01
  4331.265 9.946E-01
  4331.437 9.937E-01
  4331.608 9.924E-01
  4331.780 9.898E-01
  4331.952 9.856E-01
  4332.123 9.809E-01
  4332.295 9.773E-01
  4332.466 9.750E-01
  4332.638 9.743E-01
  4332.810 9.748E-01
  4332.981 9.763E-01
  4333.153 9.788E-01
  4333.324 9.823E-01
  4333.496 9.860E-01
  4333.668 9.888E-01
  4333.839 9.898E-01
  4334.011 9.898E-01
  4334.182 9.895E-01
  4334.354 9.892E-01
  4334.526 9.891E-01
  4334.697 9.891E-01
  4334.869 9.893E-01
  4335.040 9.893E-01
  4335.212 9.891E-01
  4335.384 9.884E-01
  4335.555 9.874E-01
  4335.727 9.859E-01
  4335.898 9.833E-01
  4336.070 9.793E-01
  4336.242 9.745E-01
  4336.413 9.697E-01
  4336.585 9.654E-01
  4336.756 9.617E-01
  4336.928 9.583E-01
  4337.100 9.552E-01
  4337.271 9.522E-01
  4337.443 9.491E-01
  4337.614 9.455E-01
  4337.786 9.404E-01
  4337.958 9.330E-01
  4338.129 9.235E-01
  4338.301 9.121E-01
  4338.472 8.988E-01
  4338.644 8.828E-01
  4338.816 8.630E-01
  4338.987 8.384E-01
  4339.159 8.081E-01
  4339.330 7.722E-01
  4339.502 7.318E-01
  4339.674 6.891E-01
  4339.845 6.475E-01
  4340.017 6.107E-01
  4340.188 5.828E-01
  4340.360 5.671E-01
  4340.532 5.656E-01
  4340.703 5.783E-01
  4340.875 6.036E-01
  4341.046 6.381E-01
  4341.218 6.777E-01
  4341.390 7.193E-01
  4341.561 7.601E-01
  4341.733 7.980E-01
  4341.904 8.316E-01
  4342.076 8.602E-01
  4342.248 8.842E-01
  4342.419 9.043E-01
  4342.591 9.213E-01
  4342.762 9.355E-01
  4342.934 9.469E-01
  4343.106 9.555E-01
  4343.277 9.619E-01
  4343.449 9.666E-01
  4343.620 9.702E-01
  4343.792 9.730E-01
  4343.964 9.751E-01
  4344.135 9.768E-01
  4344.307 9.780E-01
  4344.478 9.781E-01
  4344.650 9.757E-01
  4344.822 9.703E-01
  4344.993 9.642E-01
  4345.165 9.594E-01
  4345.336 9.567E-01
  4345.508 9.562E-01
  4345.680 9.579E-01
  4345.851 9.614E-01
  4346.023 9.667E-01
  4346.194 9.733E-01
  4346.366 9.789E-01
  4346.538 9.802E-01
  4346.709 9.764E-01
  4346.881 9.707E-01
  4347.052 9.658E-01
  4347.224 9.629E-01
  4347.396 9.622E-01
  4347.567 9.637E-01
  4347.739 9.675E-01
  4347.910 9.733E-01
  4348.082 9.804E-01
  4348.254 9.862E-01
  4348.425 9.867E-01
  4348.597 9.798E-01
  4348.768 9.678E-01
  4348.940 9.560E-01
  4349.112 9.474E-01
  4349.283 9.426E-01
  4349.455 9.416E-01
  4349.626 9.443E-01
  4349.798 9.506E-01
  4349.970 9.604E-01
  4350.141 9.717E-01
  4350.313 9.799E-01
  4350.484 9.797E-01
  4350.656 9.733E-01
  4350.828 9.657E-01
  4350.999 9.600E-01
  4351.171 9.569E-01
  4351.342 9.566E-01
  4351.514 9.591E-01
  4351.686 9.644E-01
  4351.857 9.722E-01
  4352.029 9.816E-01
  4352.200 9.898E-01
  4352.372 9.945E-01
  4352.544 9.960E-01
  4352.715 9.955E-01
  4352.887 9.939E-01
  4353.058 9.924E-01
  4353.230 9.913E-01
  4353.402 9.908E-01
  4353.573 9.907E-01
  4353.745 9.908E-01
  4353.916 9.913E-01
  4354.088 9.924E-01
  4354.260 9.939E-01
  4354.431 9.957E-01
  4354.603 9.969E-01
  4354.774 9.976E-01
  4354.946 9.979E-01
  4355.118 9.982E-01
  4355.289 9.985E-01
  4355.461 9.987E-01
  4355.632 9.989E-01
  4355.804 9.991E-01
  4355.976 9.993E-01
  4356.147 9.995E-01
  4356.319 9.997E-01
  4356.490 9.998E-01
  4356.662 9.999E-01
  4356.834 9.999E-01
  4357.005 9.998E-01
  4357.177 9.996E-01
  4357.348 9.994E-01
  4357.520 9.991E-01
  4357.692 9.988E-01
  4357.863 9.985E-01
  4358.035 9.984E-01
  4358.206 9.984E-01
  4358.378 9.984E-01
  4358.550 9.984E-01
  4358.721 9.984E-01
  4358.893 9.984E-01
  4359.064 9.985E-01
  4359.236 9.987E-01
  4359.408 9.989E-01
  4359.579 9.990E-01
  4359.751 9.991E-01
  4359.922 9.992E-01
  4360.094 9.993E-01
  4360.266 9.993E-01
  4360.437 9.989E-01
  4360.609 9.976E-01
  4360.780 9.954E-01
  4360.952 9.929E-01
  4361.124 9.908E-01
  4361.295 9.895E-01
  4361.467 9.889E-01
  4361.638 9.891E-01
  4361.810 9.899E-01
  4361.982 9.914E-01
  4362.153 9.937E-01
  4362.325 9.961E-01
  4362.496 9.981E-01
  4362.668 9.990E-01
  4362.840 9.993E-01
  4363.011 9.993E-01
  4363.183 9.993E-01
  4363.354 9.992E-01
  4363.526 9.992E-01
  4363.698 9.988E-01
  4363.869 9.978E-01
  4364.041 9.962E-01
  4364.212 9.946E-01
  4364.384 9.933E-01
  4364.556 9.925E-01
  4364.727 9.921E-01
  4364.899 9.921E-01
  4365.070 9.925E-01
  4365.242 9.935E-01
  4365.414 9.949E-01
  4365.585 9.963E-01
  4365.757 9.963E-01
  4365.928 9.937E-01
  4366.100 9.880E-01
  4366.272 9.808E-01
  4366.443 9.744E-01
  4366.615 9.701E-01
  4366.786 9.679E-01
  4366.958 9.677E-01
  4367.130 9.696E-01
  4367.301 9.737E-01
  4367.473 9.797E-01
  4367.644 9.870E-01
  4367.816 9.935E-01
  4367.988 9.971E-01
  4368.159 9.982E-01
  4368.331 9.977E-01
  4368.502 9.964E-01
  4368.674 9.947E-01
  4368.846 9.932E-01
  4369.017 9.920E-01
  4369.189 9.910E-01
  4369.360 9.904E-01
  4369.532 9.904E-01
  4369.704 9.911E-01
  4369.875 9.925E-01
  4370.047 9.942E-01
  4370.218 9.958E-01
  4370.390 9.967E-01
  4370.562 9.969E-01
  4370.733 9.969E-01
  4370.905 9.966E-01
  4371.076 9.966E-01
  4371.248 9.973E-01
  4371.420 9.991E-01
  4371.591 1.002E+00
  4371.763 1.005E+00
  4371.934 1.009E+00
  4372.106 1.013E+00
  4372.278 1.016E+00
  4372.449 1.017E+00
  4372.621 1.017E+00
  4372.792 1.016E+00
  4372.964 1.013E+00
  4373.136 1.010E+00
  4373.307 1.007E+00
  4373.479 1.004E+00
  4373.650 1.001E+00
  4373.822 9.995E-01
  4373.994 9.987E-01
  4374.165 9.983E-01
  4374.337 9.982E-01
  4374.508 9.983E-01
  4374.680 9.984E-01
  4374.852 9.988E-01
  4375.023 9.992E-01
  4375.195 9.996E-01
  4375.366 9.999E-01
  4375.538 1.000E+00
  4375.710 1.000E+00
  4375.881 9.999E-01
  4376.053 9.997E-01
  4376.224 9.995E-01
  4376.396 9.994E-01
  4376.568 9.993E-01
  4376.739 9.992E-01
  4376.911 9.992E-01
  4377.082 9.992E-01
  4377.254 9.993E-01
  4377.426 9.996E-01
  4377.597 1.000E+00
  4377.769 1.001E+00
  4377.940 1.002E+00
  4378.112 1.002E+00
  4378.284 1.002E+00
  4378.455 1.001E+00
  4378.627 9.987E-01
  4378.798 9.956E-01
  4378.970 9.923E-01
  4379.142 9.893E-01
  4379.313 9.872E-01
  4379.485 9.861E-01
  4379.656 9.863E-01
  4379.828 9.878E-01
  4380.000 9.904E-01
  4380.171 9.933E-01
  4380.343 9.960E-01
  4380.514 9.980E-01
  4380.686 9.991E-01
  4380.858 9.995E-01
  4381.029 9.997E-01
  4381.201 9.998E-01
  4381.372 9.998E-01
  4381.544 9.998E-01
  4381.716 9.997E-01
  4381.887 9.994E-01
  4382.059 9.989E-01
  4382.230 9.982E-01
  4382.402 9.976E-01
  4382.574 9.970E-01
  4382.745 9.966E-01
  4382.917 9.963E-01
  4383.088 9.962E-01
  4383.260 9.962E-01
  4383.432 9.963E-01
  4383.603 9.966E-01
  4383.775 9.968E-01
  4383.946 9.970E-01
  4384.118 9.971E-01
  4384.290 9.972E-01
  4384.461 9.974E-01
  4384.633 9.977E-01
  4384.804 9.980E-01
  4384.976 9.985E-01
  4385.148 9.989E-01
  4385.319 9.991E-01
  4385.491 9.993E-01
  4385.662 9.993E-01
  4385.834 9.992E-01
  4386.006 9.989E-01
  4386.177 9.985E-01
  4386.349 9.978E-01
  4386.520 9.961E-01
  4386.692 9.915E-01
  4386.864 9.807E-01
  4387.035 9.604E-01
  4387.207 9.319E-01
  4387.378 9.014E-01
  4387.550 8.759E-01
  4387.722 8.591E-01
  4387.893 8.521E-01
  4388.065 8.550E-01
  4388.236 8.676E-01
  4388.408 8.895E-01
  4388.580 9.184E-01
  4388.751 9.487E-01
  4388.923 9.731E-01
  4389.094 9.878E-01
  4389.266 9.946E-01
  4389.438 9.971E-01
  4389.609 9.979E-01
  4389.781 9.979E-01
  4389.952 9.978E-01
  4390.124 9.976E-01
  4390.296 9.975E-01
  4390.467 9.974E-01
  4390.639 9.975E-01
  4390.810 9.973E-01
  4390.982 9.966E-01
  4391.154 9.948E-01
  4391.325 9.923E-01
  4391.497 9.899E-01
  4391.668 9.880E-01
  4391.840 9.869E-01
  4392.012 9.867E-01
  4392.183 9.872E-01
  4392.355 9.886E-01
  4392.526 9.909E-01
  4392.698 9.939E-01
  4392.870 9.968E-01
  4393.041 9.987E-01
  4393.213 9.995E-01
  4393.384 9.995E-01
  4393.556 9.992E-01
  4393.728 9.987E-01
  4393.899 9.981E-01
  4394.071 9.977E-01
  4394.242 9.975E-01
  4394.414 9.974E-01
  4394.586 9.974E-01
  4394.757 9.972E-01
  4394.929 9.965E-01
  4395.100 9.948E-01
  4395.272 9.924E-01
  4395.444 9.900E-01
  4395.615 9.880E-01
  4395.787 9.867E-01
  4395.958 9.863E-01
  4396.130 9.868E-01
  4396.302 9.882E-01
  4396.473 9.905E-01
  4396.645 9.935E-01
  4396.816 9.962E-01
  4396.988 9.979E-01
  4397.160 9.984E-01
  4397.331 9.982E-01
  4397.503 9.978E-01
  4397.674 9.975E-01
  4397.846 9.973E-01
  4398.018 9.973E-01
  4398.189 9.975E-01
  4398.361 9.978E-01
  4398.532 9.983E-01
  4398.704 9.989E-01
  4398.876 9.994E-01
  4399.047 9.996E-01
  4399.219 9.997E-01
  4399.390 9.998E-01
  4399.562 9.998E-01
  4399.734 9.999E-01
  4399.905 1.000E+00
  4400.077 1.000E+00
  4400.248 1.000E+00
  4400.420 1.000E+00
  4400.592 1.000E+00
  4400.763 1.000E+00
  4400.935 1.000E+00
  4401.106 1.000E+00
  4401.278 1.000E+00
  4401.450 9.999E-01
  4401.621 9.998E-01
  4401.793 9.998E-01
  4401.964 9.998E-01
  4402.136 9.998E-01
  4402.308 9.998E-01
  4402.479 9.998E-01
  4402.651 9.997E-01
  4402.822 9.994E-01
  4402.994 9.987E-01
  4403.166 9.981E-01
  4403.337 9.975E-01
  4403.509 9.971E-01
  4403.680 9.969E-01
  4403.852 9.969E-01
  4404.024 9.971E-01
  4404.195 9.976E-01
  4404.367 9.982E-01
  4404.538 9.988E-01
  4404.710 9.993E-01
  4404.882 9.995E-01
  4405.053 9.993E-01
  4405.225 9.989E-01
  4405.396 9.986E-01
  4405.568 9.983E-01
  4405.740 9.981E-01
  4405.911 9.981E-01
  4406.083 9.982E-01
  4406.254 9.984E-01
  4406.426 9.988E-01
  4406.598 9.992E-01
  4406.769 9.996E-01
  4406.941 9.998E-01
  4407.112 1.000E+00
  4407.284 1.000E+00
  4407.456 1.000E+00
  4407.627 1.000E+00
  4407.799 1.000E+00
  4407.970 9.999E-01
  4408.142 9.995E-01
  4408.314 9.985E-01
  4408.485 9.965E-01
  4408.657 9.940E-01
  4408.828 9.917E-01
  4409.000 9.900E-01
  4409.172 9.890E-01
  4409.343 9.886E-01
  4409.515 9.889E-01
  4409.686 9.900E-01
  4409.858 9.919E-01
  4410.030 9.943E-01
  4410.201 9.966E-01
  4410.373 9.978E-01
  4410.544 9.982E-01
  4410.716 9.981E-01
  4410.888 9.978E-01
  4411.059 9.975E-01
  4411.231 9.973E-01
  4411.402 9.972E-01
  4411.574 9.972E-01
  4411.746 9.971E-01
  4411.917 9.969E-01
  4412.089 9.967E-01
  4412.260 9.963E-01
  4412.432 9.954E-01
  4412.604 9.943E-01
  4412.775 9.935E-01
  4412.947 9.930E-01
  4413.118 9.930E-01
  4413.290 9.934E-01
  4413.462 9.941E-01
  4413.633 9.945E-01
  4413.805 9.935E-01
  4413.976 9.892E-01
  4414.148 9.808E-01
  4414.320 9.710E-01
  4414.491 9.627E-01
  4414.663 9.572E-01
  4414.834 9.547E-01
  4415.006 9.551E-01
  4415.178 9.585E-01
  4415.349 9.648E-01
  4415.521 9.739E-01
  4415.692 9.840E-01
  4415.864 9.912E-01
  4416.036 9.919E-01
  4416.207 9.868E-01
  4416.379 9.795E-01
  4416.550 9.731E-01
  4416.722 9.688E-01
  4416.894 9.667E-01
  4417.065 9.668E-01
  4417.237 9.691E-01
  4417.408 9.736E-01
  4417.580 9.802E-01
  4417.752 9.880E-01
  4417.923 9.947E-01
  4418.095 9.984E-01
  4418.266 9.997E-01
  4418.438 1.000E+00
  4418.610 9.997E-01
  4418.781 9.992E-01
  4418.953 9.985E-01
  4419.124 9.979E-01
  4419.296 9.974E-01
  4419.468 9.972E-01
  4419.639 9.971E-01
  4419.811 9.973E-01
  4419.982 9.977E-01
  4420.154 9.982E-01
  4420.326 9.988E-01
  4420.497 9.993E-01
  4420.669 9.994E-01
  4420.840 9.994E-01
  4421.012 9.992E-01
  4421.184 9.991E-01
  4421.355 9.991E-01
  4421.527 9.991E-01
  4421.698 9.992E-01
  4421.870 9.993E-01
  4422.042 9.995E-01
  4422.213 9.997E-01
  4422.385 9.999E-01
  4422.556 9.999E-01
  4422.728 1.000E+00
  4422.900 1.000E+00
  4423.071 1.000E+00
  4423.243 1.000E+00
  4423.414 1.000E+00
  4423.586 1.000E+00
  4423.758 1.000E+00
  4423.929 1.000E+00
  4424.101 1.000E+00
  4424.272 1.000E+00
  4424.444 1.000E+00
  4424.616 1.000E+00
  4424.787 1.000E+00
  4424.959 1.000E+00
  4425.130 1.000E+00
  4425.302 1.000E+00
  4425.474 1.000E+00
  4425.645 9.999E-01
  4425.817 9.999E-01
  4425.988 9.999E-01
  4426.160 9.999E-01
  4426.332 9.997E-01
  4426.503 9.996E-01
  4426.675 9.994E-01
  4426.846 9.993E-01
  4427.018 9.992E-01
  4427.190 9.990E-01
  4427.361 9.988E-01
  4427.533 9.983E-01
  4427.704 9.974E-01
  4427.876 9.960E-01
  4428.048 9.947E-01
  4428.219 9.937E-01
  4428.391 9.931E-01
  4428.562 9.929E-01
  4428.734 9.930E-01
  4428.906 9.934E-01
  4429.077 9.941E-01
  4429.249 9.952E-01
  4429.420 9.965E-01
  4429.592 9.976E-01
  4429.764 9.982E-01
  4429.935 9.983E-01
  4430.107 9.980E-01
  4430.278 9.973E-01
  4430.450 9.966E-01
  4430.622 9.961E-01
  4430.793 9.957E-01
  4430.965 9.955E-01
  4431.136 9.956E-01
  4431.308 9.960E-01
  4431.480 9.967E-01
  4431.651 9.978E-01
  4431.823 9.989E-01
  4431.994 9.996E-01
  4432.166 9.998E-01
  4432.338 9.996E-01
  4432.509 9.994E-01
  4432.681 9.991E-01
  4432.852 9.989E-01
  4433.024 9.988E-01
  4433.196 9.987E-01
  4433.367 9.988E-01
  4433.539 9.989E-01
  4433.710 9.991E-01
  4433.882 9.992E-01
  4434.054 9.993E-01
  4434.225 9.994E-01
  4434.397 9.995E-01
  4434.568 9.996E-01
  4434.740 9.996E-01
  4434.912 9.997E-01
  4435.083 9.997E-01
  4435.255 9.997E-01
  4435.426 9.996E-01
  4435.598 9.992E-01
  4435.770 9.985E-01
  4435.941 9.976E-01
  4436.113 9.967E-01
  4436.284 9.955E-01
  4436.456 9.933E-01
  4436.628 9.888E-01
  4436.799 9.821E-01
  4436.971 9.750E-01
  4437.142 9.693E-01
  4437.314 9.659E-01
  4437.486 9.648E-01
  4437.657 9.656E-01
  4437.829 9.683E-01
  4438.000 9.732E-01
  4438.172 9.798E-01
  4438.344 9.872E-01
  4438.515 9.932E-01
  4438.687 9.964E-01
  4438.858 9.975E-01
  4439.030 9.974E-01
  4439.202 9.970E-01
  4439.373 9.967E-01
  4439.545 9.966E-01
  4439.716 9.966E-01
  4439.888 9.969E-01
  4440.060 9.974E-01
  4440.231 9.979E-01
  4440.403 9.984E-01
  4440.574 9.987E-01
  4440.746 9.989E-01
  4440.918 9.990E-01
  4441.089 9.989E-01
  4441.261 9.988E-01
  4441.432 9.987E-01
  4441.604 9.985E-01
  4441.776 9.982E-01
  4441.947 9.978E-01
  4442.119 9.971E-01
  4442.290 9.964E-01
  4442.462 9.957E-01
  4442.634 9.953E-01
  4442.805 9.951E-01
  4442.977 9.952E-01
  4443.148 9.955E-01
  4443.320 9.961E-01
  4443.492 9.969E-01
  4443.663 9.979E-01
  4443.835 9.988E-01
  4444.006 9.994E-01
  4444.178 9.998E-01
  4444.350 9.999E-01
  4444.521 1.000E+00
  4444.693 1.000E+00
  4444.864 1.000E+00
  4445.036 1.000E+00
  4445.208 1.000E+00
  4445.379 9.999E-01
  4445.551 9.996E-01
  4445.722 9.990E-01
  4445.894 9.980E-01
  4446.066 9.967E-01
  4446.237 9.950E-01
  4446.409 9.933E-01
  4446.580 9.920E-01
  4446.752 9.913E-01
  4446.924 9.911E-01
  4447.095 9.914E-01
  4447.267 9.917E-01
  4447.438 9.918E-01
  4447.610 9.917E-01
  4447.782 9.918E-01
  4447.953 9.923E-01
  4448.125 9.926E-01
  4448.296 9.929E-01
  4448.468 9.934E-01
  4448.640 9.942E-01
  4448.811 9.955E-01
  4448.983 9.970E-01
  4449.154 9.985E-01
  4449.326 9.994E-01
  4449.498 9.997E-01
  4449.669 9.997E-01
  4449.841 9.997E-01
  4450.012 9.998E-01
  4450.184 9.999E-01
  4450.356 9.998E-01
  4450.527 9.994E-01
  4450.699 9.987E-01
  4450.870 9.980E-01
  4451.042 9.973E-01
  4451.214 9.967E-01
  4451.385 9.956E-01
  4451.557 9.939E-01
  4451.728 9.918E-01
  4451.900 9.898E-01
  4452.072 9.883E-01
  4452.243 9.874E-01
  4452.415 9.872E-01
  4452.586 9.876E-01
  4452.758 9.886E-01
  4452.930 9.903E-01
  4453.101 9.927E-01
  4453.273 9.952E-01
  4453.444 9.973E-01
  4453.616 9.986E-01
  4453.788 9.994E-01
  4453.959 9.998E-01
  4454.131 9.999E-01
  4454.302 9.999E-01
  4454.474 1.000E+00
  4454.646 1.000E+00
  4454.817 1.000E+00
  4454.989 1.000E+00
  4455.160 1.000E+00
  4455.332 1.000E+00
  4455.504 1.000E+00
  4455.675 1.000E+00
  4455.847 1.000E+00
  4456.018 1.000E+00
  4456.190 9.999E-01
  4456.362 9.995E-01
  4456.533 9.992E-01
  4456.705 9.989E-01
  4456.876 9.986E-01
  4457.048 9.985E-01
  4457.220 9.984E-01
  4457.391 9.985E-01
  4457.563 9.987E-01
  4457.734 9.990E-01
  4457.906 9.994E-01
  4458.078 9.997E-01
  4458.249 9.998E-01
  4458.421 9.999E-01
  4458.592 9.999E-01
  4458.764 9.999E-01
  4458.936 9.999E-01
  4459.107 9.998E-01
  4459.279 9.998E-01
  4459.450 9.998E-01
  4459.622 9.997E-01
  4459.794 9.997E-01
  4459.965 9.997E-01
  4460.137 9.997E-01
  4460.308 9.998E-01
  4460.480 9.998E-01
  4460.652 9.998E-01
  4460.823 9.997E-01
  4460.995 9.996E-01
  4461.166 9.993E-01
  4461.338 9.991E-01
  4461.510 9.990E-01
  4461.681 9.989E-01
  4461.853 9.988E-01
  4462.024 9.989E-01
  4462.196 9.990E-01
  4462.368 9.991E-01
  4462.539 9.994E-01
  4462.711 9.996E-01
  4462.882 9.998E-01
  4463.054 9.998E-01
  4463.226 9.998E-01
  4463.397 9.998E-01
  4463.569 9.998E-01
  4463.740 9.998E-01
  4463.912 9.998E-01
  4464.084 9.997E-01
  4464.255 9.992E-01
  4464.427 9.978E-01
  4464.598 9.949E-01
  4464.770 9.910E-01
  4464.942 9.873E-01
  4465.113 9.844E-01
  4465.285 9.825E-01
  4465.456 9.813E-01
  4465.628 9.811E-01
  4465.800 9.819E-01
  4465.971 9.839E-01
  4466.143 9.870E-01
  4466.314 9.905E-01
  4466.486 9.930E-01
  4466.658 9.939E-01
  4466.829 9.936E-01
  4467.001 9.919E-01
  4467.172 9.891E-01
  4467.344 9.859E-01
  4467.516 9.831E-01
  4467.687 9.809E-01
  4467.859 9.792E-01
  4468.030 9.785E-01
  4468.202 9.788E-01
  4468.374 9.800E-01
  4468.545 9.814E-01
  4468.717 9.826E-01
  4468.888 9.830E-01
  4469.060 9.825E-01
  4469.232 9.814E-01
  4469.403 9.802E-01
  4469.575 9.793E-01
  4469.746 9.785E-01
  4469.918 9.776E-01
  4470.090 9.751E-01
  4470.261 9.675E-01
  4470.433 9.492E-01
  4470.604 9.167E-01
  4470.776 8.724E-01
  4470.948 8.235E-01
  4471.119 7.792E-01
  4471.291 7.469E-01
  4471.462 7.306E-01
  4471.634 7.315E-01
  4471.806 7.496E-01
  4471.977 7.839E-01
  4472.149 8.303E-01
  4472.320 8.810E-01
  4472.492 9.264E-01
  4472.664 9.598E-01
  4472.835 9.799E-01
  4473.007 9.898E-01
  4473.178 9.940E-01
  4473.350 9.959E-01
  4473.522 9.968E-01
  4473.693 9.975E-01
  4473.865 9.979E-01
  4474.036 9.983E-01
  4474.208 9.985E-01
  4474.380 9.987E-01
  4474.551 9.989E-01
  4474.723 9.990E-01
  4474.894 9.991E-01
  4475.066 9.992E-01
  4475.238 9.993E-01
  4475.409 9.993E-01
  4475.581 9.994E-01
  4475.752 9.994E-01
  4475.924 9.995E-01
  4476.096 9.995E-01
  4476.267 9.996E-01
  4476.439 9.996E-01
  4476.610 9.996E-01
  4476.782 9.996E-01
  4476.954 9.996E-01
  4477.125 9.996E-01
  4477.297 9.996E-01
  4477.468 9.996E-01
  4477.640 9.995E-01
  4477.812 9.995E-01
  4477.983 9.995E-01
  4478.155 9.995E-01
  4478.326 9.995E-01
  4478.498 9.995E-01
  4478.670 9.995E-01
  4478.841 9.993E-01
  4479.013 9.988E-01
  4479.184 9.980E-01
  4479.356 9.972E-01
  4479.528 9.965E-01
  4479.699 9.960E-01
  4479.871 9.954E-01
  4480.042 9.940E-01
  4480.214 9.904E-01
  4480.386 9.838E-01
  4480.557 9.755E-01
  4480.729 9.681E-01
  4480.900 9.627E-01
  4481.072 9.597E-01
  4481.244 9.590E-01
  4481.415 9.608E-01
  4481.587 9.653E-01
  4481.758 9.722E-01
  4481.930 9.811E-01
  4482.102 9.897E-01
  4482.273 9.958E-01
  4482.445 9.987E-01
  4482.616 9.997E-01
  4482.788 9.999E-01
  4482.960 1.000E+00
  4483.131 1.000E+00
  4483.303 1.000E+00
  4483.474 1.000E+00
  4483.646 9.999E-01
  4483.818 9.999E-01
  4483.989 9.999E-01
  4484.161 9.999E-01
  4484.332 9.999E-01
  4484.504 9.999E-01
  4484.676 9.999E-01
  4484.847 9.999E-01
  4485.019 9.999E-01
  4485.190 9.999E-01
  4485.362 1.000E+00
  4485.534 1.000E+00
  4485.705 1.000E+00
  4485.877 1.000E+00
  4486.048 1.000E+00
  4486.220 1.000E+00
  4486.392 1.000E+00
  4486.563 1.000E+00
  4486.735 1.000E+00
  4486.906 1.001E+00
  4487.078 1.001E+00
  4487.250 1.002E+00
  4487.421 1.003E+00
  4487.593 1.004E+00
  4487.764 1.004E+00
  4487.936 1.005E+00
  4488.108 1.004E+00
  4488.279 1.004E+00
  4488.451 1.003E+00
  4488.622 1.001E+00
  4488.794 1.000E+00
  4488.966 9.987E-01
  4489.137 9.978E-01
  4489.309 9.973E-01
  4489.480 9.972E-01
  4489.652 9.975E-01
  4489.824 9.979E-01
  4489.995 9.985E-01
  4490.167 9.992E-01
  4490.338 9.996E-01
  4490.510 9.999E-01
  4490.682 9.999E-01
  4490.853 9.999E-01
  4491.025 9.999E-01
  4491.196 9.999E-01
  4491.368 9.999E-01
  4491.540 9.999E-01
  4491.711 9.999E-01
  4491.883 9.999E-01
  4492.054 9.999E-01
  4492.226 9.999E-01
  4492.398 1.000E+00
  4492.569 1.000E+00
  4492.741 1.000E+00
  4492.912 1.000E+00
  4493.084 1.000E+00
  4493.256 1.000E+00
  4493.427 1.000E+00
  4493.599 1.000E+00
  4493.770 1.000E+00
  4493.942 1.000E+00
  4494.114 1.000E+00
  4494.285 1.000E+00
  4494.457 1.000E+00
  4494.628 1.000E+00
  4494.800 1.000E+00
  4494.972 1.000E+00
  4495.143 1.000E+00
  4495.315 9.999E-01
  4495.486 9.998E-01
  4495.658 9.996E-01
  4495.830 9.995E-01
  4496.001 9.994E-01
  4496.173 9.994E-01
  4496.344 9.994E-01
  4496.516 9.995E-01
  4496.688 9.995E-01
  4496.859 9.996E-01
  4497.031 9.998E-01
  4497.202 9.999E-01
  4497.374 1.000E+00
  4497.546 1.000E+00
  4497.717 1.000E+00
  4497.889 9.999E-01
  4498.060 9.996E-01
  4498.232 9.991E-01
  4498.404 9.984E-01
  4498.575 9.977E-01
  4498.747 9.972E-01
  4498.918 9.969E-01
  4499.090 9.967E-01
  4499.262 9.968E-01
  4499.433 9.970E-01
  4499.605 9.974E-01
  4499.776 9.980E-01
  4499.948 9.984E-01
  4500.120 9.986E-01
  4500.291 9.985E-01
  4500.463 9.984E-01
  4500.634 9.983E-01
  4500.806 9.982E-01
  4500.978 9.983E-01
  4501.149 9.984E-01
  4501.321 9.987E-01
  4501.492 9.990E-01
  4501.664 9.993E-01
  4501.836 9.996E-01
  4502.007 9.998E-01
  4502.179 9.998E-01
  4502.350 9.998E-01
  4502.522 9.998E-01
  4502.694 9.998E-01
  4502.865 9.998E-01
  4503.037 9.998E-01
  4503.208 9.999E-01
  4503.380 9.999E-01
  4503.552 1.000E+00
  4503.723 1.000E+00
  4503.895 1.000E+00
  4504.066 1.000E+00
  4504.238 1.000E+00
  4504.410 1.000E+00
  4504.581 9.999E-01
  4504.753 9.999E-01
  4504.924 9.997E-01
  4505.096 9.993E-01
  4505.268 9.986E-01
  4505.439 9.980E-01
  4505.611 9.974E-01
  4505.782 9.971E-01
  4505.954 9.970E-01
  4506.126 9.970E-01
  4506.297 9.973E-01
  4506.469 9.977E-01
  4506.640 9.983E-01
  4506.812 9.990E-01
  4506.984 9.996E-01
  4507.155 9.998E-01
  4507.327 9.998E-01
  4507.498 9.997E-01
  4507.670 9.996E-01
  4507.842 9.995E-01
  4508.013 9.995E-01
  4508.185 9.995E-01
  4508.356 9.995E-01
  4508.528 9.995E-01
  4508.700 9.996E-01
  4508.871 9.997E-01
  4509.043 9.999E-01
  4509.214 9.999E-01
  4509.386 1.000E+00
  4509.558 9.999E-01
  4509.729 9.995E-01
  4509.901 9.982E-01
  4510.072 9.956E-01
  4510.244 9.920E-01
  4510.416 9.887E-01
  4510.587 9.865E-01
  4510.759 9.855E-01
  4510.930 9.855E-01
  4511.102 9.863E-01
  4511.274 9.880E-01
  4511.445 9.904E-01
  4511.617 9.932E-01
  4511.788 9.957E-01
  4511.960 9.970E-01
  4512.132 9.970E-01
  4512.303 9.964E-01
  4512.475 9.958E-01
  4512.646 9.956E-01
  4512.818 9.958E-01
  4512.990 9.963E-01
  4513.161 9.970E-01
  4513.333 9.976E-01
  4513.504 9.976E-01
  4513.676 9.965E-01
  4513.848 9.940E-01
  4514.019 9.898E-01
  4514.191 9.849E-01
  4514.362 9.806E-01
  4514.534 9.774E-01
  4514.706 9.755E-01
  4514.877 9.748E-01
  4515.049 9.753E-01
  4515.220 9.770E-01
  4515.392 9.800E-01
  4515.564 9.839E-01
  4515.735 9.877E-01
  4515.907 9.899E-01
  4516.078 9.903E-01
  4516.250 9.902E-01
  4516.422 9.903E-01
  4516.593 9.909E-01
  4516.765 9.918E-01
  4516.936 9.925E-01
  4517.108 9.929E-01
  4517.280 9.931E-01
  4517.451 9.933E-01
  4517.623 9.937E-01
  4517.794 9.940E-01
  4517.966 9.941E-01
  4518.138 9.940E-01
  4518.309 9.942E-01
  4518.481 9.947E-01
  4518.652 9.957E-01
  4518.824 9.970E-01
  4518.996 9.984E-01
  4519.167 9.993E-01
  4519.339 9.998E-01
  4519.510 1.000E+00
  4519.682 1.000E+00
  4519.854 1.000E+00
  4520.025 1.000E+00
  4520.197 1.000E+00
  4520.368 1.000E+00
  4520.540 1.000E+00
  4520.712 1.000E+00
  4520.883 1.000E+00
  4521.055 1.000E+00
  4521.226 9.999E-01
  4521.398 9.998E-01
  4521.570 9.996E-01
  4521.741 9.992E-01
  4521.913 9.986E-01
  4522.084 9.978E-01
  4522.256 9.972E-01
  4522.428 9.965E-01
  4522.599 9.956E-01
  4522.771 9.942E-01
  4522.942 9.928E-01
  4523.114 9.919E-01
  4523.286 9.916E-01
  4523.457 9.918E-01
  4523.629 9.924E-01
  4523.800 9.932E-01
  4523.972 9.942E-01
  4524.144 9.955E-01
  4524.315 9.971E-01
  4524.487 9.986E-01
  4524.658 9.995E-01
  4524.830 9.999E-01
  4525.002 1.000E+00
  4525.173 1.000E+00
  4525.345 1.000E+00
  4525.516 1.000E+00
  4525.688 1.000E+00
  4525.860 1.000E+00
  4526.031 1.000E+00
  4526.203 1.000E+00
  4526.374 1.000E+00
  4526.546 1.000E+00
  4526.718 9.999E-01
  4526.889 9.996E-01
  4527.061 9.991E-01
  4527.232 9.986E-01
  4527.404 9.981E-01
  4527.576 9.977E-01
  4527.747 9.974E-01
  4527.919 9.971E-01
  4528.090 9.966E-01
  4528.262 9.957E-01
  4528.434 9.943E-01
  4528.605 9.931E-01
  4528.777 9.922E-01
  4528.948 9.917E-01
  4529.120 9.915E-01
  4529.292 9.918E-01
  4529.463 9.925E-01
  4529.635 9.938E-01
  4529.806 9.954E-01
  4529.978 9.970E-01
  4530.150 9.983E-01
  4530.321 9.988E-01
  4530.493 9.989E-01
  4530.664 9.988E-01
  4530.836 9.987E-01
  4531.008 9.986E-01
  4531.179 9.987E-01
  4531.351 9.988E-01
  4531.522 9.991E-01
  4531.694 9.994E-01
  4531.866 9.997E-01
  4532.037 9.999E-01
  4532.209 9.999E-01
  4532.380 9.999E-01
  4532.552 9.999E-01
  4532.724 9.999E-01
  4532.895 9.999E-01
  4533.067 9.999E-01
  4533.238 9.998E-01
  4533.410 9.995E-01
  4533.582 9.989E-01
  4533.753 9.975E-01
  4533.925 9.957E-01
  4534.096 9.938E-01
  4534.268 9.919E-01
  4534.440 9.903E-01
  4534.611 9.893E-01
  4534.783 9.889E-01
  4534.954 9.892E-01
  4535.126 9.903E-01
  4535.298 9.920E-01
  4535.469 9.940E-01
  4535.641 9.958E-01
  4535.812 9.973E-01
  4535.984 9.984E-01
  4536.156 9.990E-01
  4536.327 9.992E-01
  4536.499 9.992E-01
  4536.670 9.991E-01
  4536.842 9.990E-01
  4537.014 9.989E-01
  4537.185 9.989E-01
  4537.357 9.988E-01
  4537.528 9.988E-01
  4537.700 9.988E-01
  4537.872 9.988E-01
  4538.043 9.988E-01
  4538.215 9.988E-01
  4538.386 9.986E-01
  4538.558 9.983E-01
  4538.730 9.978E-01
  4538.901 9.970E-01
  4539.073 9.960E-01
  4539.244 9.950E-01
  4539.416 9.940E-01
  4539.588 9.928E-01
  4539.759 9.914E-01
  4539.931 9.896E-01
  4540.102 9.871E-01
  4540.274 9.838E-01
  4540.446 9.793E-01
  4540.617 9.736E-01
  4540.789 9.669E-01
  4540.960 9.601E-01
  4541.132 9.541E-01
  4541.304 9.499E-01
  4541.475 9.478E-01
  4541.647 9.482E-01
  4541.818 9.510E-01
  4541.990 9.559E-01
  4542.162 9.623E-01
  4542.333 9.694E-01
  4542.505 9.762E-01
  4542.676 9.821E-01
  4542.848 9.867E-01
  4543.020 9.901E-01
  4543.191 9.925E-01
  4543.363 9.942E-01
  4543.534 9.954E-01
  4543.706 9.961E-01
  4543.878 9.962E-01
  4544.049 9.958E-01
  4544.221 9.952E-01
  4544.392 9.946E-01
  4544.564 9.943E-01
  4544.736 9.942E-01
  4544.907 9.943E-01
  4545.079 9.946E-01
  4545.250 9.949E-01
  4545.422 9.949E-01
  4545.594 9.947E-01
  4545.765 9.944E-01
  4545.937 9.940E-01
  4546.108 9.936E-01
  4546.280 9.934E-01
  4546.452 9.934E-01
  4546.623 9.937E-01
  4546.795 9.944E-01
  4546.966 9.955E-01
  4547.138 9.968E-01
  4547.310 9.980E-01
  4547.481 9.987E-01
  4547.653 9.990E-01
  4547.824 9.992E-01
  4547.996 9.994E-01
  4548.168 9.996E-01
  4548.339 9.997E-01
  4548.511 9.998E-01
  4548.682 9.998E-01
  4548.854 9.998E-01
  4549.026 9.998E-01
  4549.197 9.998E-01
  4549.369 9.998E-01
  4549.540 9.999E-01
  4549.712 9.999E-01
  4549.884 9.999E-01
  4550.055 9.999E-01
  4550.227 9.999E-01
  4550.398 9.999E-01
  4550.570 9.999E-01
  4550.742 9.999E-01
  4550.913 9.999E-01
  4551.085 9.998E-01
  4551.256 9.995E-01
  4551.428 9.980E-01
  4551.600 9.935E-01
  4551.771 9.844E-01
  4551.943 9.724E-01
  4552.114 9.613E-01
  4552.286 9.531E-01
  4552.458 9.483E-01
  4552.629 9.466E-01
  4552.801 9.482E-01
  4552.972 9.530E-01
  4553.144 9.614E-01
  4553.316 9.726E-01
  4553.487 9.846E-01
  4553.659 9.934E-01
  4553.830 9.978E-01
  4554.002 9.993E-01
  4554.174 9.998E-01
  4554.345 9.999E-01
  4554.517 1.000E+00
  4554.688 1.000E+00
  4554.860 1.000E+00
  4555.032 1.000E+00
  4555.203 1.000E+00
  4555.375 1.000E+00
  4555.546 1.000E+00
  4555.718 1.000E+00
  4555.890 1.000E+00
  4556.061 1.000E+00
  4556.233 1.000E+00
  4556.404 1.000E+00
  4556.576 1.000E+00
  4556.748 1.000E+00
  4556.919 1.000E+00
  4557.091 1.000E+00
  4557.262 1.000E+00
  4557.434 1.000E+00
  4557.606 1.000E+00
  4557.777 1.000E+00
  4557.949 1.000E+00
  4558.120 1.000E+00
  4558.292 1.000E+00
  4558.464 1.000E+00
  4558.635 1.000E+00
  4558.807 1.000E+00
  4558.978 1.000E+00
  4559.150 1.000E+00
  4559.322 1.000E+00
  4559.493 1.000E+00
  4559.665 1.000E+00
  4559.836 1.000E+00
  4560.008 1.000E+00
  4560.180 1.000E+00
  4560.351 1.000E+00
  4560.523 1.000E+00
  4560.694 1.000E+00
  4560.866 1.000E+00
  4561.038 9.999E-01
  4561.209 9.998E-01
  4561.381 9.997E-01
  4561.552 9.995E-01
  4561.724 9.995E-01
  4561.896 9.994E-01
  4562.067 9.993E-01
  4562.239 9.993E-01
  4562.410 9.992E-01
  4562.582 9.991E-01
  4562.754 9.990E-01
  4562.925 9.991E-01
  4563.097 9.991E-01
  4563.268 9.991E-01
  4563.440 9.992E-01
  4563.612 9.993E-01
  4563.783 9.994E-01
  4563.955 9.996E-01
  4564.126 9.998E-01
  4564.298 9.999E-01
  4564.470 9.999E-01
  4564.641 9.999E-01
  4564.813 9.999E-01
  4564.984 9.999E-01
  4565.156 9.999E-01
  4565.328 9.999E-01
  4565.499 9.999E-01
  4565.671 9.999E-01
  4565.842 9.999E-01
  4566.014 9.999E-01
  4566.186 9.999E-01
  4566.357 9.998E-01
  4566.529 9.994E-01
  4566.700 9.977E-01
  4566.872 9.931E-01
  4567.044 9.848E-01
  4567.215 9.754E-01
  4567.387 9.675E-01
  4567.558 9.620E-01
  4567.730 9.592E-01
  4567.902 9.588E-01
  4568.073 9.607E-01
  4568.245 9.650E-01
  4568.416 9.717E-01
  4568.588 9.804E-01
  4568.760 9.889E-01
  4568.931 9.942E-01
  4569.103 9.963E-01
  4569.274 9.968E-01
  4569.446 9.970E-01
  4569.618 9.973E-01
  4569.789 9.978E-01
  4569.961 9.983E-01
  4570.132 9.988E-01
  4570.304 9.992E-01
  4570.476 9.994E-01
  4570.647 9.996E-01
  4570.819 9.998E-01
  4570.990 9.999E-01
  4571.162 9.999E-01
  4571.334 9.999E-01
  4571.505 9.999E-01
  4571.677 9.999E-01
  4571.848 9.998E-01
  4572.020 9.998E-01
  4572.192 9.998E-01
  4572.363 9.998E-01
  4572.535 9.998E-01
  4572.706 9.999E-01
  4572.878 9.999E-01
  4573.050 9.999E-01
  4573.221 9.999E-01
  4573.393 9.997E-01
  4573.564 9.989E-01
  4573.736 9.969E-01
  4573.908 9.931E-01
  4574.079 9.883E-01
  4574.251 9.840E-01
  4574.422 9.808E-01
  4574.594 9.790E-01
  4574.766 9.786E-01
  4574.937 9.794E-01
  4575.109 9.815E-01
  4575.280 9.849E-01
  4575.452 9.895E-01
  4575.624 9.942E-01
  4575.795 9.976E-01
  4575.967 9.993E-01
  4576.138 9.998E-01
  4576.310 1.000E+00
  4576.482 1.000E+00
  4576.653 1.000E+00
  4576.825 1.000E+00
  4576.996 1.000E+00
  4577.168 1.000E+00
  4577.340 1.000E+00
  4577.511 1.000E+00
  4577.683 1.000E+00
  4577.854 1.000E+00
  4578.026 1.000E+00
  4578.198 9.999E-01
  4578.369 9.997E-01
  4578.541 9.995E-01
  4578.712 9.992E-01
  4578.884 9.990E-01
  4579.056 9.989E-01
  4579.227 9.989E-01
  4579.399 9.989E-01
  4579.570 9.990E-01
  4579.742 9.991E-01
  4579.914 9.993E-01
  4580.085 9.996E-01
  4580.257 9.998E-01
  4580.428 9.999E-01
  4580.600 1.000E+00
  4580.772 1.000E+00
  4580.943 1.000E+00
  4581.115 9.999E-01
  4581.286 9.999E-01
  4581.458 9.998E-01
  4581.630 9.997E-01
  4581.801 9.996E-01
  4581.973 9.995E-01
  4582.144 9.995E-01
  4582.316 9.995E-01
  4582.488 9.996E-01
  4582.659 9.996E-01
  4582.831 9.997E-01
  4583.002 9.998E-01
  4583.174 9.999E-01
  4583.346 1.000E+00
  4583.517 1.000E+00
  4583.689 1.000E+00
  4583.860 1.000E+00
  4584.032 1.000E+00
  4584.204 1.000E+00
  4584.375 1.000E+00
  4584.547 9.999E-01
  4584.718 9.999E-01
  4584.890 9.999E-01
  4585.062 9.999E-01
  4585.233 9.999E-01
  4585.405 9.999E-01
  4585.576 9.999E-01
  4585.748 9.999E-01
  4585.920 1.000E+00
  4586.091 1.000E+00
  4586.263 1.000E+00
  4586.434 1.000E+00
  4586.606 1.000E+00
  4586.778 1.000E+00
  4586.949 9.999E-01
  4587.121 9.998E-01
  4587.292 9.996E-01
  4587.464 9.994E-01
  4587.636 9.992E-01
  4587.807 9.991E-01
  4587.979 9.991E-01
  4588.150 9.990E-01
  4588.322 9.991E-01
  4588.494 9.992E-01
  4588.665 9.993E-01
  4588.837 9.995E-01
  4589.008 9.997E-01
  4589.180 9.998E-01
  4589.352 9.999E-01
  4589.523 9.997E-01
  4589.695 9.990E-01
  4589.866 9.964E-01
  4590.038 9.904E-01
  4590.210 9.806E-01
  4590.381 9.702E-01
  4590.553 9.618E-01
  4590.724 9.563E-01
  4590.896 9.536E-01
  4591.068 9.536E-01
  4591.239 9.564E-01
  4591.411 9.621E-01
  4591.582 9.706E-01
  4591.754 9.809E-01
  4591.926 9.905E-01
  4592.097 9.962E-01
  4592.269 9.986E-01
  4592.440 9.993E-01
  4592.612 9.996E-01
  4592.784 9.997E-01
  4592.955 9.999E-01
  4593.127 9.999E-01
  4593.298 1.000E+00
  4593.470 1.000E+00
  4593.642 1.000E+00
  4593.813 1.000E+00
  4593.985 1.000E+00
  4594.156 1.000E+00
  4594.328 1.000E+00
  4594.500 1.000E+00
  4594.671 9.998E-01
  4594.843 9.993E-01
  4595.014 9.973E-01
  4595.186 9.925E-01
  4595.358 9.843E-01
  4595.529 9.749E-01
  4595.701 9.668E-01
  4595.872 9.612E-01
  4596.044 9.583E-01
  4596.216 9.579E-01
  4596.387 9.600E-01
  4596.559 9.646E-01
  4596.730 9.716E-01
  4596.902 9.802E-01
  4597.074 9.884E-01
  4597.245 9.937E-01
  4597.417 9.959E-01
  4597.588 9.964E-01
  4597.760 9.964E-01
  4597.932 9.965E-01
  4598.103 9.967E-01
  4598.275 9.972E-01
  4598.446 9.978E-01
  4598.618 9.986E-01
  4598.790 9.992E-01
  4598.961 9.995E-01
  4599.133 9.996E-01
  4599.304 9.997E-01
  4599.476 9.998E-01
  4599.648 9.998E-01
  4599.819 9.999E-01
  4599.991 1.000E+00
