  3980.000 9.114E-01
  3980.257 9.103E-01
  3980.515 9.119E-01
  3980.772 9.152E-01
  3981.030 9.194E-01
  3981.287 9.237E-01
  3981.544 9.263E-01
  3981.802 9.258E-01
  3982.059 9.249E-01
  3982.317 9.248E-01
  3982.574 9.250E-01
  3982.831 9.251E-01
  3983.089 9.265E-01
  3983.346 9.296E-01
  3983.604 9.344E-01
  3983.861 9.402E-01
  3984.118 9.449E-01
  3984.376 9.482E-01
  3984.633 9.512E-01
  3984.891 9.541E-01
  3985.148 9.564E-01
  3985.405 9.578E-01
  3985.663 9.590E-01
  3985.920 9.603E-01
  3986.178 9.617E-01
  3986.435 9.632E-01
  3986.692 9.648E-01
  3986.950 9.664E-01
  3987.207 9.679E-01
  3987.465 9.690E-01
  3987.722 9.700E-01
  3987.979 9.708E-01
  3988.237 9.716E-01
  3988.494 9.724E-01
  3988.752 9.731E-01
  3989.009 9.739E-01
  3989.266 9.745E-01
  3989.524 9.751E-01
  3989.781 9.757E-01
  3990.039 9.761E-01
  3990.296 9.766E-01
  3990.553 9.769E-01
  3990.811 9.769E-01
  3991.068 9.769E-01
  3991.326 9.769E-01
  3991.583 9.771E-01
  3991.840 9.775E-01
  3992.098 9.779E-01
  3992.355 9.783E-01
  3992.613 9.787E-01
  3992.870 9.793E-01
  3993.127 9.799E-01
  3993.385 9.800E-01
  3993.642 9.778E-01
  3993.900 9.705E-01
  3994.157 9.608E-01
  3994.414 9.532E-01
  3994.672 9.487E-01
  3994.929 9.470E-01
  3995.187 9.480E-01
  3995.444 9.517E-01
  3995.701 9.584E-01
  3995.959 9.683E-01
  3996.216 9.784E-01
  3996.474 9.834E-01
  3996.731 9.846E-01
  3996.988 9.846E-01
  3997.246 9.844E-01
  3997.503 9.841E-01
  3997.761 9.837E-01
  3998.018 9.833E-01
  3998.275 9.830E-01
  3998.533 9.829E-01
  3998.790 9.829E-01
  3999.048 9.830E-01
  3999.305 9.831E-01
  3999.562 9.832E-01
  3999.820 9.833E-01
  4000.077 9.834E-01
  4000.335 9.834E-01
  4000.592 9.834E-01
  4000.849 9.834E-01
  4001.107 9.834E-01
  4001.364 9.833E-01
  4001.622 9.829E-01
  4001.879 9.824E-01
  4002.136 9.819E-01
  4002.394 9.812E-01
  4002.651 9.805E-01
  4002.909 9.799E-01
  4003.166 9.793E-01
  4003.423 9.788E-01
  4003.681 9.778E-01
  4003.938 9.757E-01
  4004.196 9.730E-01
  4004.453 9.704E-01
  4004.710 9.682E-01
  4004.968 9.663E-01
  4005.225 9.649E-01
  4005.483 9.637E-01
  4005.740 9.630E-01
  4005.997 9.626E-01
  4006.255 9.620E-01
  4006.512 9.597E-01
  4006.770 9.560E-01
  4007.027 9.512E-01
  4007.284 9.452E-01
  4007.542 9.377E-01
  4007.799 9.281E-01
  4008.057 9.160E-01
  4008.314 9.022E-01
  4008.571 8.892E-01
  4008.829 8.792E-01
  4009.086 8.735E-01
  4009.344 8.726E-01
  4009.601 8.766E-01
  4009.858 8.853E-01
  4010.116 8.975E-01
  4010.373 9.113E-01
  4010.631 9.243E-01
  4010.888 9.348E-01
  4011.145 9.431E-01
  4011.403 9.496E-01
  4011.660 9.547E-01
  4011.918 9.590E-01
  4012.175 9.625E-01
  4012.432 9.654E-01
  4012.690 9.679E-01
  4012.947 9.700E-01
  4013.205 9.717E-01
  4013.462 9.733E-01
  4013.719 9.746E-01
  4013.977 9.757E-01
  4014.234 9.767E-01
  4014.492 9.775E-01
  4014.749 9.783E-01
  4015.006 9.789E-01
  4015.264 9.793E-01
  4015.521 9.796E-01
  4015.779 9.798E-01
  4016.036 9.799E-01
  4016.293 9.798E-01
  4016.551 9.796E-01
  4016.808 9.795E-01
  4017.066 9.794E-01
  4017.323 9.792E-01
  4017.580 9.791E-01
  4017.838 9.788E-01
  4018.095 9.784E-01
  4018.353 9.778E-01
  4018.610 9.770E-01
  4018.867 9.761E-01
  4019.125 9.750E-01
  4019.382 9.739E-01
  4019.640 9.727E-01
  4019.897 9.713E-01
  4020.154 9.697E-01
  4020.412 9.679E-01
  4020.669 9.657E-01
  4020.927 9.628E-01
  4021.184 9.589E-01
  4021.441 9.540E-01
  4021.699 9.488E-01
  4021.956 9.435E-01
  4022.214 9.377E-01
  4022.471 9.305E-01
  4022.728 9.209E-01
  4022.986 9.085E-01
  4023.243 8.942E-01
  4023.501 8.786E-01
  4023.758 8.611E-01
  4024.015 8.416E-01
  4024.273 8.206E-01
  4024.530 7.980E-01
  4024.788 7.732E-01
  4025.045 7.452E-01
  4025.302 7.153E-01
  4025.560 6.879E-01
  4025.817 6.678E-01
  4026.075 6.580E-01
  4026.332 6.597E-01
  4026.589 6.729E-01
  4026.847 6.970E-01
  4027.104 7.291E-01
  4027.362 7.653E-01
  4027.619 7.999E-01
  4027.876 8.295E-01
  4028.134 8.543E-01
  4028.391 8.753E-01
  4028.649 8.930E-01
  4028.906 9.079E-01
  4029.163 9.204E-01
  4029.421 9.310E-01
  4029.678 9.399E-01
  4029.936 9.473E-01
  4030.193 9.533E-01
  4030.450 9.582E-01
  4030.708 9.624E-01
  4030.965 9.658E-01
  4031.223 9.686E-01
  4031.480 9.709E-01
  4031.737 9.727E-01
  4031.995 9.740E-01
  4032.252 9.751E-01
  4032.510 9.761E-01
  4032.767 9.772E-01
  4033.024 9.784E-01
  4033.282 9.798E-01
  4033.539 9.809E-01
  4033.797 9.808E-01
  4034.054 9.784E-01
  4034.311 9.753E-01
  4034.569 9.727E-01
  4034.826 9.712E-01
  4035.084 9.708E-01
  4035.341 9.716E-01
  4035.598 9.738E-01
  4035.856 9.773E-01
  4036.113 9.821E-01
  4036.371 9.869E-01
  4036.628 9.894E-01
  4036.885 9.905E-01
  4037.143 9.909E-01
  4037.400 9.912E-01
  4037.658 9.914E-01
  4037.915 9.910E-01
  4038.172 9.898E-01
  4038.430 9.885E-01
  4038.687 9.877E-01
  4038.945 9.874E-01
  4039.202 9.874E-01
  4039.459 9.878E-01
  4039.717 9.883E-01
  4039.974 9.876E-01
  4040.232 9.843E-01
  4040.489 9.798E-01
  4040.746 9.759E-01
  4041.004 9.731E-01
  4041.261 9.720E-01
  4041.519 9.724E-01
  4041.776 9.743E-01
  4042.033 9.776E-01
  4042.291 9.809E-01
  4042.548 9.819E-01
  4042.806 9.802E-01
  4043.063 9.778E-01
  4043.320 9.763E-01
  4043.578 9.758E-01
  4043.835 9.763E-01
  4044.093 9.782E-01
  4044.350 9.817E-01
  4044.607 9.864E-01
  4044.865 9.906E-01
  4045.122 9.923E-01
  4045.380 9.929E-01
  4045.637 9.935E-01
  4045.894 9.941E-01
  4046.152 9.947E-01
  4046.409 9.949E-01
  4046.667 9.949E-01
  4046.924 9.944E-01
  4047.181 9.932E-01
  4047.439 9.919E-01
  4047.696 9.909E-01
  4047.954 9.903E-01
  4048.211 9.902E-01
  4048.468 9.904E-01
  4048.726 9.909E-01
  4048.983 9.919E-01
  4049.241 9.932E-01
  4049.498 9.945E-01
  4049.755 9.951E-01
  4050.013 9.952E-01
  4050.270 9.953E-01
  4050.528 9.953E-01
  4050.785 9.953E-01
  4051.042 9.953E-01
  4051.300 9.951E-01
  4051.557 9.947E-01
  4051.815 9.941E-01
  4052.072 9.932E-01
  4052.329 9.924E-01
  4052.587 9.918E-01
  4052.844 9.911E-01
  4053.102 9.899E-01
  4053.359 9.884E-01
  4053.616 9.870E-01
  4053.874 9.860E-01
  4054.131 9.856E-01
  4054.389 9.858E-01
  4054.646 9.863E-01
  4054.903 9.871E-01
  4055.161 9.885E-01
  4055.418 9.902E-01
  4055.676 9.915E-01
  4055.933 9.921E-01
  4056.190 9.922E-01
  4056.448 9.919E-01
  4056.705 9.917E-01
  4056.963 9.918E-01
  4057.220 9.921E-01
  4057.477 9.925E-01
  4057.735 9.929E-01
  4057.992 9.930E-01
  4058.250 9.922E-01
  4058.507 9.910E-01
  4058.764 9.899E-01
  4059.022 9.888E-01
  4059.279 9.868E-01
  4059.537 9.832E-01
  4059.794 9.792E-01
  4060.051 9.752E-01
  4060.309 9.726E-01
  4060.566 9.716E-01
  4060.824 9.714E-01
  4061.081 9.724E-01
  4061.338 9.751E-01
  4061.596 9.787E-01
  4061.853 9.817E-01
  4062.111 9.835E-01
  4062.368 9.847E-01
  4062.625 9.851E-01
  4062.883 9.853E-01
  4063.140 9.858E-01
  4063.398 9.867E-01
  4063.655 9.882E-01
  4063.912 9.901E-01
  4064.170 9.918E-01
  4064.427 9.924E-01
  4064.685 9.922E-01
  4064.942 9.919E-01
  4065.199 9.917E-01
  4065.457 9.916E-01
  4065.714 9.917E-01
  4065.972 9.918E-01
  4066.229 9.920E-01
  4066.486 9.921E-01
  4066.744 9.918E-01
  4067.001 9.911E-01
  4067.259 9.905E-01
  4067.516 9.898E-01
  4067.773 9.888E-01
  4068.031 9.874E-01
  4068.288 9.836E-01
  4068.546 9.740E-01
  4068.803 9.589E-01
  4069.060 9.443E-01
  4069.318 9.337E-01
  4069.575 9.279E-01
  4069.833 9.264E-01
  4070.090 9.288E-01
  4070.347 9.349E-01
  4070.605 9.450E-01
  4070.862 9.551E-01
  4071.120 9.569E-01
  4071.377 9.517E-01
  4071.634 9.458E-01
  4071.892 9.420E-01
  4072.149 9.414E-01
  4072.407 9.443E-01
  4072.664 9.497E-01
  4072.921 9.571E-01
  4073.179 9.634E-01
  4073.436 9.610E-01
  4073.694 9.459E-01
  4073.951 9.262E-01
  4074.208 9.090E-01
  4074.466 8.931E-01
  4074.723 8.745E-01
  4074.981 8.556E-01
  4075.238 8.438E-01
  4075.495 8.437E-01
  4075.753 8.546E-01
  4076.010 8.690E-01
  4076.268 8.826E-01
  4076.525 8.962E-01
  4076.782 9.126E-01
  4077.040 9.321E-01
  4077.297 9.475E-01
  4077.555 9.550E-01
  4077.812 9.560E-01
  4078.069 9.548E-01
  4078.327 9.546E-01
  4078.584 9.566E-01
  4078.842 9.602E-01
  4079.099 9.635E-01
  4079.356 9.655E-01
  4079.614 9.676E-01
  4079.871 9.703E-01
  4080.129 9.728E-01
  4080.386 9.733E-01
  4080.643 9.728E-01
  4080.901 9.720E-01
  4081.158 9.707E-01
  4081.416 9.689E-01
  4081.673 9.673E-01
  4081.930 9.663E-01
  4082.188 9.659E-01
  4082.445 9.655E-01
  4082.703 9.643E-01
  4082.960 9.622E-01
  4083.217 9.605E-01
  4083.475 9.590E-01
  4083.732 9.561E-01
  4083.990 9.509E-01
  4084.247 9.454E-01
  4084.504 9.417E-01
  4084.762 9.405E-01
  4085.019 9.414E-01
  4085.277 9.435E-01
  4085.534 9.454E-01
  4085.791 9.473E-01
  4086.049 9.479E-01
  4086.306 9.470E-01
  4086.564 9.445E-01
  4086.821 9.414E-01
  4087.078 9.388E-01
  4087.336 9.367E-01
  4087.593 9.346E-01
  4087.851 9.309E-01
  4088.108 9.259E-01
  4088.365 9.203E-01
  4088.623 9.149E-01
  4088.880 9.101E-01
  4089.138 9.071E-01
  4089.395 9.063E-01
  4089.652 9.079E-01
  4089.910 9.117E-01
  4090.167 9.168E-01
  4090.425 9.210E-01
  4090.682 9.224E-01
  4090.939 9.208E-01
  4091.197 9.175E-01
  4091.454 9.134E-01
  4091.712 9.080E-01
  4091.969 9.015E-01
  4092.226 8.949E-01
  4092.484 8.890E-01
  4092.741 8.838E-01
  4092.999 8.791E-01
  4093.256 8.751E-01
  4093.513 8.717E-01
  4093.771 8.688E-01
  4094.028 8.660E-01
  4094.286 8.619E-01
  4094.543 8.551E-01
  4094.800 8.468E-01
  4095.058 8.382E-01
  4095.315 8.296E-01
  4095.573 8.208E-01
  4095.830 8.118E-01
  4096.087 8.022E-01
  4096.345 7.922E-01
  4096.602 7.830E-01
  4096.860 7.745E-01
  4097.117 7.656E-01
  4097.374 7.563E-01
  4097.632 7.470E-01
  4097.889 7.375E-01
  4098.147 7.280E-01
  4098.404 7.181E-01
  4098.661 7.070E-01
  4098.919 6.941E-01
  4099.176 6.799E-01
  4099.434 6.650E-01
  4099.691 6.491E-01
  4099.948 6.322E-01
  4100.206 6.140E-01
  4100.463 5.942E-01
  4100.721 5.736E-01
  4100.978 5.546E-01
  4101.235 5.398E-01
  4101.493 5.306E-01
  4101.750 5.277E-01
  4102.008 5.314E-01
  4102.265 5.415E-01
  4102.522 5.570E-01
  4102.780 5.764E-01
  4103.037 5.970E-01
  4103.295 6.166E-01
  4103.552 6.342E-01
  4103.809 6.501E-01
  4104.067 6.646E-01
  4104.324 6.786E-01
  4104.582 6.923E-01
  4104.839 7.057E-01
  4105.096 7.188E-01
  4105.354 7.316E-01
  4105.611 7.443E-01
  4105.869 7.567E-01
  4106.126 7.685E-01
  4106.383 7.794E-01
  4106.641 7.895E-01
  4106.898 7.989E-01
  4107.156 8.079E-01
  4107.413 8.163E-01
  4107.670 8.242E-01
  4107.928 8.317E-01
  4108.185 8.390E-01
  4108.443 8.460E-01
  4108.700 8.526E-01
  4108.957 8.587E-01
  4109.215 8.643E-01
  4109.472 8.692E-01
  4109.730 8.728E-01
  4109.987 8.762E-01
  4110.244 8.797E-01
  4110.502 8.833E-01
  4110.759 8.868E-01
  4111.017 8.899E-01
  4111.274 8.936E-01
  4111.531 8.982E-01
  4111.789 9.036E-01
  4112.046 9.093E-01
  4112.304 9.140E-01
  4112.561 9.180E-01
  4112.818 9.216E-01
  4113.076 9.252E-01
  4113.333 9.283E-01
  4113.591 9.302E-01
  4113.848 9.318E-01
  4114.105 9.336E-01
  4114.363 9.356E-01
  4114.620 9.377E-01
  4114.878 9.393E-01
  4115.135 9.399E-01
  4115.392 9.405E-01
  4115.650 9.418E-01
  4115.907 9.435E-01
  4116.165 9.453E-01
  4116.422 9.476E-01
  4116.679 9.503E-01
  4116.937 9.537E-01
  4117.194 9.572E-01
  4117.452 9.600E-01
  4117.709 9.599E-01
  4117.966 9.555E-01
  4118.224 9.464E-01
  4118.481 9.373E-01
  4118.739 9.303E-01
  4118.996 9.244E-01
  4119.253 9.167E-01
  4119.511 9.045E-01
  4119.768 8.870E-01
  4120.026 8.701E-01
  4120.283 8.591E-01
  4120.540 8.542E-01
  4120.798 8.526E-01
  4121.055 8.567E-01
  4121.313 8.689E-01
  4121.570 8.888E-01
  4121.827 9.134E-01
  4122.085 9.376E-01
  4122.342 9.550E-01
  4122.600 9.651E-01
  4122.857 9.706E-01
  4123.114 9.738E-01
  4123.372 9.759E-01
  4123.629 9.776E-01
  4123.887 9.792E-01
  4124.144 9.805E-01
  4124.401 9.813E-01
  4124.659 9.819E-01
  4124.916 9.825E-01
  4125.174 9.829E-01
  4125.431 9.832E-01
  4125.688 9.834E-01
  4125.946 9.835E-01
  4126.203 9.837E-01
  4126.461 9.838E-01
  4126.718 9.836E-01
  4126.975 9.825E-01
  4127.233 9.813E-01
  4127.490 9.806E-01
  4127.748 9.804E-01
  4128.005 9.802E-01
  4128.262 9.797E-01
  4128.520 9.796E-01
  4128.777 9.801E-01
  4129.035 9.814E-01
  4129.292 9.830E-01
  4129.549 9.834E-01
  4129.807 9.821E-01
  4130.064 9.807E-01
  4130.322 9.801E-01
  4130.579 9.802E-01
  4130.836 9.802E-01
  4131.094 9.804E-01
  4131.351 9.800E-01
  4131.609 9.778E-01
  4131.866 9.739E-01
  4132.123 9.709E-01
  4132.381 9.684E-01
  4132.638 9.667E-01
  4132.896 9.663E-01
  4133.153 9.673E-01
  4133.410 9.700E-01
  4133.668 9.746E-01
  4133.925 9.807E-01
  4134.183 9.857E-01
  4134.440 9.878E-01
  4134.697 9.885E-01
  4134.955 9.889E-01
  4135.212 9.892E-01
  4135.470 9.893E-01
  4135.727 9.892E-01
  4135.984 9.884E-01
  4136.242 9.873E-01
  4136.499 9.859E-01
  4136.757 9.840E-01
  4137.014 9.824E-01
  4137.271 9.813E-01
  4137.529 9.807E-01
  4137.786 9.806E-01
  4138.044 9.806E-01
  4138.301 9.804E-01
  4138.558 9.802E-01
  4138.816 9.801E-01
  4139.073 9.799E-01
  4139.331 9.786E-01
  4139.588 9.767E-01
  4139.845 9.746E-01
  4140.103 9.727E-01
  4140.360 9.709E-01
  4140.618 9.688E-01
  4140.875 9.655E-01
  4141.132 9.609E-01
  4141.390 9.548E-01
  4141.647 9.468E-01
  4141.905 9.359E-01
  4142.162 9.203E-01
  4142.419 8.981E-01
  4142.677 8.693E-01
  4142.934 8.391E-01
  4143.192 8.135E-01
  4143.449 7.964E-01
  4143.706 7.893E-01
  4143.964 7.926E-01
  4144.221 8.059E-01
  4144.479 8.280E-01
  4144.736 8.561E-01
  4144.993 8.855E-01
  4145.251 9.103E-01
  4145.508 9.282E-01
  4145.766 9.409E-01
  4146.023 9.502E-01
  4146.280 9.575E-01
  4146.538 9.636E-01
  4146.795 9.688E-01
  4147.053 9.730E-01
  4147.310 9.761E-01
  4147.567 9.784E-01
  4147.825 9.802E-01
  4148.082 9.820E-01
  4148.340 9.833E-01
  4148.597 9.837E-01
  4148.854 9.826E-01
  4149.112 9.806E-01
  4149.369 9.790E-01
  4149.627 9.782E-01
  4149.884 9.781E-01
  4150.141 9.788E-01
  4150.399 9.800E-01
  4150.656 9.821E-01
  4150.914 9.851E-01
  4151.171 9.885E-01
  4151.428 9.910E-01
  4151.686 9.916E-01
  4151.943 9.896E-01
  4152.201 9.837E-01
  4152.458 9.769E-01
  4152.715 9.717E-01
  4152.973 9.686E-01
  4153.230 9.673E-01
  4153.488 9.676E-01
  4153.745 9.695E-01
  4154.002 9.729E-01
  4154.260 9.785E-01
  4154.517 9.849E-01
  4154.775 9.887E-01
  4155.032 9.897E-01
  4155.289 9.891E-01
  4155.547 9.876E-01
  4155.804 9.864E-01
  4156.062 9.859E-01
  4156.319 9.861E-01
  4156.576 9.863E-01
  4156.834 9.869E-01
  4157.091 9.881E-01
  4157.349 9.900E-01
  4157.606 9.926E-01
  4157.863 9.951E-01
  4158.121 9.963E-01
  4158.378 9.967E-01
  4158.636 9.968E-01
  4158.893 9.968E-01
  4159.150 9.965E-01
  4159.408 9.961E-01
  4159.665 9.958E-01
  4159.923 9.955E-01
  4160.180 9.953E-01
  4160.437 9.952E-01
  4160.695 9.952E-01
  4160.952 9.954E-01
  4161.210 9.955E-01
  4161.467 9.950E-01
  4161.724 9.938E-01
  4161.982 9.925E-01
  4162.239 9.914E-01
  4162.497 9.908E-01
  4162.754 9.906E-01
  4163.011 9.908E-01
  4163.269 9.911E-01
  4163.526 9.906E-01
  4163.784 9.889E-01
  4164.041 9.871E-01
  4164.298 9.854E-01
  4164.556 9.841E-01
  4164.813 9.835E-01
  4165.071 9.838E-01
  4165.328 9.850E-01
  4165.585 9.869E-01
  4165.843 9.893E-01
  4166.100 9.917E-01
  4166.358 9.928E-01
  4166.615 9.928E-01
  4166.872 9.924E-01
  4167.130 9.915E-01
  4167.387 9.894E-01
  4167.645 9.848E-01
  4167.902 9.769E-01
  4168.159 9.669E-01
  4168.417 9.578E-01
  4168.674 9.516E-01
  4168.932 9.488E-01
  4169.189 9.495E-01
  4169.446 9.535E-01
  4169.704 9.608E-01
  4169.961 9.706E-01
  4170.219 9.807E-01
  4170.476 9.877E-01
  4170.733 9.902E-01
  4170.991 9.906E-01
  4171.248 9.904E-01
  4171.506 9.904E-01
  4171.763 9.907E-01
  4172.020 9.913E-01
  4172.278 9.923E-01
  4172.535 9.936E-01
  4172.793 9.947E-01
  4173.050 9.945E-01
  4173.307 9.927E-01
  4173.565 9.909E-01
  4173.822 9.896E-01
  4174.080 9.889E-01
  4174.337 9.888E-01
  4174.594 9.892E-01
  4174.852 9.892E-01
  4175.109 9.880E-01
  4175.367 9.872E-01
  4175.624 9.870E-01
  4175.881 9.867E-01
  4176.139 9.866E-01
  4176.396 9.868E-01
  4176.654 9.877E-01
  4176.911 9.893E-01
  4177.168 9.917E-01
  4177.426 9.943E-01
  4177.683 9.955E-01
  4177.941 9.956E-01
  4178.198 9.955E-01
  4178.455 9.952E-01
  4178.713 9.947E-01
  4178.970 9.943E-01
  4179.228 9.942E-01
  4179.485 9.943E-01
  4179.742 9.945E-01
  4180.000 9.949E-01
  4180.257 9.955E-01
  4180.515 9.962E-01
  4180.772 9.971E-01
  4181.029 9.980E-01
  4181.287 9.984E-01
  4181.544 9.985E-01
  4181.802 9.985E-01
  4182.059 9.986E-01
  4182.316 9.987E-01
  4182.574 9.988E-01
  4182.831 9.988E-01
  4183.089 9.987E-01
  4183.346 9.986E-01
  4183.603 9.984E-01
  4183.861 9.976E-01
  4184.118 9.947E-01
  4184.376 9.885E-01
  4184.633 9.822E-01
  4184.890 9.775E-01
  4185.148 9.748E-01
  4185.405 9.736E-01
  4185.663 9.736E-01
  4185.920 9.750E-01
  4186.177 9.783E-01
  4186.435 9.837E-01
  4186.692 9.897E-01
  4186.950 9.930E-01
  4187.207 9.943E-01
  4187.464 9.950E-01
  4187.722 9.959E-01
  4187.979 9.968E-01
  4188.237 9.965E-01
  4188.494 9.920E-01
  4188.751 9.822E-01
  4189.009 9.724E-01
  4189.266 9.656E-01
  4189.524 9.618E-01
  4189.781 9.608E-01
  4190.038 9.625E-01
  4190.296 9.667E-01
  4190.553 9.739E-01
  4190.811 9.837E-01
  4191.068 9.932E-01
  4191.325 9.971E-01
  4191.583 9.970E-01
  4191.840 9.960E-01
  4192.098 9.952E-01
  4192.355 9.947E-01
  4192.612 9.943E-01
  4192.870 9.940E-01
  4193.127 9.939E-01
  4193.385 9.943E-01
  4193.642 9.950E-01
  4193.899 9.957E-01
  4194.157 9.961E-01
  4194.414 9.963E-01
  4194.672 9.963E-01
  4194.929 9.962E-01
  4195.186 9.960E-01
  4195.444 9.955E-01
  4195.701 9.946E-01
  4195.959 9.940E-01
  4196.216 9.938E-01
  4196.473 9.939E-01
  4196.731 9.944E-01
  4196.988 9.954E-01
  4197.246 9.966E-01
  4197.503 9.976E-01
  4197.760 9.984E-01
  4198.018 9.991E-01
  4198.275 9.993E-01
  4198.533 9.990E-01
  4198.790 9.981E-01
  4199.047 9.967E-01
  4199.305 9.954E-01
  4199.562 9.945E-01
  4199.820 9.940E-01
  4200.077 9.938E-01
  4200.334 9.940E-01
  4200.592 9.944E-01
  4200.849 9.953E-01
  4201.107 9.965E-01
  4201.364 9.976E-01
  4201.621 9.980E-01
  4201.879 9.982E-01
  4202.136 9.984E-01
  4202.394 9.984E-01
  4202.651 9.982E-01
  4202.908 9.979E-01
  4203.166 9.976E-01
  4203.423 9.973E-01
  4203.681 9.971E-01
  4203.938 9.970E-01
  4204.195 9.970E-01
  4204.453 9.972E-01
  4204.710 9.975E-01
  4204.968 9.979E-01
  4205.225 9.983E-01
  4205.482 9.984E-01
  4205.740 9.985E-01
  4205.997 9.984E-01
  4206.255 9.983E-01
  4206.512 9.982E-01
  4206.769 9.983E-01
  4207.027 9.983E-01
  4207.284 9.984E-01
  4207.542 9.984E-01
  4207.799 9.986E-01
  4208.056 9.986E-01
  4208.314 9.986E-01
  4208.571 9.985E-01
  4208.829 9.984E-01
  4209.086 9.983E-01
  4209.343 9.981E-01
  4209.601 9.976E-01
  4209.858 9.971E-01
  4210.116 9.969E-01
  4210.373 9.968E-01
  4210.630 9.969E-01
  4210.888 9.970E-01
  4211.145 9.970E-01
  4211.403 9.969E-01
  4211.660 9.970E-01
  4211.917 9.971E-01
  4212.175 9.971E-01
  4212.432 9.969E-01
  4212.690 9.969E-01
  4212.947 9.970E-01
  4213.204 9.973E-01
  4213.462 9.978E-01
  4213.719 9.983E-01
  4213.977 9.987E-01
  4214.234 9.989E-01
  4214.491 9.990E-01
  4214.749 9.989E-01
  4215.006 9.988E-01
  4215.264 9.988E-01
  4215.521 9.988E-01
  4215.778 9.987E-01
  4216.036 9.985E-01
  4216.293 9.982E-01
  4216.551 9.981E-01
  4216.808 9.981E-01
  4217.065 9.981E-01
  4217.323 9.981E-01
  4217.580 9.982E-01
  4217.838 9.983E-01
  4218.095 9.985E-01
  4218.352 9.986E-01
  4218.610 9.983E-01
  4218.867 9.978E-01
  4219.125 9.973E-01
  4219.382 9.970E-01
  4219.639 9.968E-01
  4219.897 9.967E-01
  4220.154 9.967E-01
  4220.412 9.969E-01
  4220.669 9.970E-01
  4220.926 9.962E-01
  4221.184 9.940E-01
  4221.441 9.917E-01
  4221.699 9.901E-01
  4221.956 9.892E-01
  4222.213 9.890E-01
  4222.471 9.895E-01
  4222.728 9.906E-01
  4222.986 9.925E-01
  4223.243 9.950E-01
  4223.500 9.975E-01
  4223.758 9.985E-01
  4224.015 9.985E-01
  4224.273 9.980E-01
  4224.530 9.977E-01
  4224.787 9.974E-01
  4225.045 9.973E-01
  4225.302 9.973E-01
  4225.560 9.975E-01
  4225.817 9.978E-01
  4226.074 9.981E-01
  4226.332 9.980E-01
  4226.589 9.968E-01
  4226.847 9.950E-01
  4227.104 9.935E-01
  4227.361 9.925E-01
  4227.619 9.921E-01
  4227.876 9.921E-01
  4228.134 9.926E-01
  4228.391 9.936E-01
  4228.648 9.952E-01
  4228.906 9.971E-01
  4229.163 9.986E-01
  4229.421 9.991E-01
  4229.678 9.989E-01
  4229.935 9.985E-01
  4230.193 9.979E-01
  4230.450 9.974E-01
  4230.708 9.968E-01
  4230.965 9.965E-01
  4231.222 9.964E-01
  4231.480 9.964E-01
  4231.737 9.967E-01
  4231.995 9.972E-01
  4232.252 9.977E-01
  4232.509 9.981E-01
  4232.767 9.983E-01
  4233.024 9.985E-01
  4233.282 9.984E-01
  4233.539 9.984E-01
  4233.796 9.984E-01
  4234.054 9.985E-01
  4234.311 9.985E-01
  4234.569 9.986E-01
  4234.826 9.988E-01
  4235.083 9.989E-01
  4235.341 9.987E-01
  4235.598 9.971E-01
  4235.856 9.930E-01
  4236.113 9.879E-01
  4236.370 9.838E-01
  4236.628 9.811E-01
  4236.885 9.796E-01
  4237.143 9.794E-01
  4237.400 9.803E-01
  4237.657 9.826E-01
  4237.915 9.866E-01
  4238.172 9.915E-01
  4238.430 9.953E-01
  4238.687 9.968E-01
  4238.944 9.973E-01
  4239.202 9.975E-01
  4239.459 9.977E-01
  4239.717 9.976E-01
  4239.974 9.973E-01
  4240.231 9.961E-01
  4240.489 9.932E-01
  4240.746 9.881E-01
  4241.004 9.832E-01
  4241.261 9.796E-01
  4241.518 9.774E-01
  4241.776 9.765E-01
  4242.033 9.771E-01
  4242.291 9.788E-01
  4242.548 9.820E-01
  4242.805 9.865E-01
  4243.063 9.914E-01
  4243.320 9.942E-01
  4243.578 9.952E-01
  4243.835 9.955E-01
  4244.092 9.956E-01
  4244.350 9.955E-01
  4244.607 9.954E-01
  4244.865 9.950E-01
  4245.122 9.945E-01
  4245.379 9.937E-01
  4245.637 9.926E-01
  4245.894 9.918E-01
  4246.152 9.914E-01
  4246.409 9.912E-01
  4246.666 9.915E-01
  4246.924 9.922E-01
  4247.181 9.930E-01
  4247.439 9.939E-01
  4247.696 9.949E-01
  4247.953 9.960E-01
  4248.211 9.968E-01
  4248.468 9.971E-01
  4248.726 9.971E-01
  4248.983 9.969E-01
  4249.240 9.965E-01
  4249.498 9.963E-01
  4249.755 9.962E-01
  4250.013 9.961E-01
  4250.270 9.959E-01
  4250.527 9.956E-01
  4250.785 9.955E-01
  4251.042 9.956E-01
  4251.300 9.960E-01
  4251.557 9.964E-01
  4251.814 9.965E-01
  4252.072 9.956E-01
  4252.329 9.910E-01
  4252.587 9.814E-01
  4252.844 9.701E-01
  4253.101 9.601E-01
  4253.359 9.531E-01
  4253.616 9.497E-01
  4253.874 9.498E-01
  4254.131 9.532E-01
  4254.388 9.603E-01
  4254.646 9.710E-01
  4254.903 9.833E-01
  4255.161 9.919E-01
  4255.418 9.962E-01
  4255.675 9.975E-01
  4255.933 9.975E-01
  4256.190 9.969E-01
  4256.448 9.957E-01
  4256.705 9.943E-01
  4256.962 9.933E-01
  4257.220 9.927E-01
  4257.477 9.925E-01
  4257.735 9.926E-01
  4257.992 9.928E-01
  4258.249 9.932E-01
  4258.507 9.942E-01
  4258.764 9.955E-01
  4259.022 9.965E-01
  4259.279 9.969E-01
  4259.536 9.971E-01
  4259.794 9.974E-01
  4260.051 9.977E-01
  4260.309 9.977E-01
  4260.566 9.977E-01
  4260.823 9.975E-01
  4261.081 9.974E-01
  4261.338 9.974E-01
  4261.596 9.975E-01
  4261.853 9.974E-01
  4262.110 9.971E-01
  4262.368 9.968E-01
  4262.625 9.967E-01
  4262.883 9.965E-01
  4263.140 9.964E-01
  4263.397 9.964E-01
  4263.655 9.966E-01
  4263.912 9.969E-01
  4264.170 9.973E-01
  4264.427 9.979E-01
  4264.684 9.982E-01
  4264.942 9.983E-01
  4265.199 9.980E-01
  4265.457 9.961E-01
  4265.714 9.896E-01
  4265.971 9.759E-01
  4266.229 9.594E-01
  4266.486 9.459E-01
  4266.744 9.370E-01
  4267.001 9.327E-01
  4267.258 9.329E-01
  4267.516 9.376E-01
  4267.773 9.471E-01
  4268.031 9.613E-01
  4268.288 9.778E-01
  4268.545 9.903E-01
  4268.803 9.955E-01
  4269.060 9.969E-01
  4269.318 9.973E-01
  4269.575 9.973E-01
  4269.832 9.974E-01
  4270.090 9.975E-01
  4270.347 9.977E-01
  4270.605 9.979E-01
  4270.862 9.981E-01
  4271.119 9.984E-01
  4271.377 9.985E-01
  4271.634 9.984E-01
  4271.892 9.982E-01
  4272.149 9.976E-01
  4272.406 9.968E-01
  4272.664 9.960E-01
  4272.921 9.952E-01
  4273.179 9.942E-01
  4273.436 9.935E-01
  4273.693 9.931E-01
  4273.951 9.925E-01
  4274.208 9.904E-01
  4274.466 9.857E-01
  4274.723 9.807E-01
  4274.980 9.762E-01
  4275.238 9.716E-01
  4275.495 9.658E-01
  4275.753 9.592E-01
  4276.010 9.545E-01
  4276.267 9.521E-01
  4276.525 9.522E-01
  4276.782 9.545E-01
  4277.040 9.571E-01
  4277.297 9.603E-01
  4277.554 9.654E-01
  4277.812 9.724E-01
  4278.069 9.792E-01
  4278.327 9.841E-01
  4278.584 9.882E-01
  4278.841 9.921E-01
  4279.099 9.948E-01
  4279.356 9.964E-01
  4279.614 9.971E-01
  4279.871 9.971E-01
  4280.128 9.963E-01
  4280.386 9.944E-01
  4280.643 9.925E-01
  4280.901 9.911E-01
  4281.158 9.901E-01
  4281.415 9.893E-01
  4281.673 9.875E-01
  4281.930 9.838E-01
  4282.188 9.798E-01
  4282.445 9.767E-01
  4282.702 9.746E-01
  4282.960 9.729E-01
  4283.217 9.721E-01
  4283.475 9.718E-01
  4283.732 9.704E-01
  4283.989 9.680E-01
  4284.247 9.673E-01
  4284.504 9.675E-01
  4284.762 9.676E-01
  4285.019 9.679E-01
  4285.276 9.688E-01
  4285.534 9.711E-01
  4285.791 9.755E-01
  4286.049 9.821E-01
  4286.306 9.891E-01
  4286.563 9.928E-01
  4286.821 9.943E-01
  4287.078 9.951E-01
  4287.336 9.953E-01
  4287.593 9.935E-01
  4287.850 9.902E-01
  4288.108 9.871E-01
  4288.365 9.850E-01
  4288.623 9.837E-01
  4288.880 9.832E-01
  4289.137 9.836E-01
  4289.395 9.848E-01
  4289.652 9.870E-01
  4289.910 9.897E-01
  4290.167 9.914E-01
  4290.424 9.914E-01
  4290.682 9.904E-01
  4290.939 9.894E-01
  4291.197 9.889E-01
  4291.454 9.889E-01
  4291.711 9.894E-01
  4291.969 9.903E-01
  4292.226 9.916E-01
  4292.484 9.933E-01
  4292.741 9.947E-01
  4292.998 9.954E-01
  4293.256 9.951E-01
  4293.513 9.932E-01
  4293.771 9.891E-01
  4294.028 9.847E-01
  4294.285 9.813E-01
  4294.543 9.790E-01
  4294.800 9.776E-01
  4295.058 9.773E-01
  4295.315 9.782E-01
  4295.572 9.801E-01
  4295.830 9.827E-01
  4296.087 9.858E-01
  4296.345 9.883E-01
  4296.602 9.893E-01
  4296.859 9.899E-01
  4297.117 9.905E-01
  4297.374 9.913E-01
  4297.632 9.922E-01
  4297.889 9.933E-01
  4298.146 9.945E-01
  4298.404 9.951E-01
  4298.661 9.953E-01
  4298.919 9.953E-01
  4299.176 9.954E-01
  4299.433 9.955E-01
  4299.691 9.955E-01
  4299.948 9.954E-01
  4300.206 9.954E-01
  4300.463 9.953E-01
  4300.720 9.952E-01
  4300.978 9.951E-01
  4301.235 9.949E-01
  4301.493 9.946E-01
  4301.750 9.937E-01
  4302.007 9.922E-01
  4302.265 9.893E-01
  4302.522 9.832E-01
  4302.780 9.749E-01
  4303.037 9.676E-01
  4303.294 9.625E-01
  4303.552 9.592E-01
  4303.809 9.578E-01
  4304.067 9.588E-01
  4304.324 9.621E-01
  4304.581 9.675E-01
  4304.839 9.748E-01
  4305.096 9.817E-01
  4305.354 9.857E-01
  4305.611 9.876E-01
  4305.868 9.887E-01
  4306.126 9.889E-01
  4306.383 9.877E-01
  4306.641 9.865E-01
  4306.898 9.858E-01
  4307.155 9.853E-01
  4307.413 9.850E-01
  4307.670 9.846E-01
  4307.928 9.836E-01
  4308.185 9.828E-01
  4308.442 9.830E-01
  4308.700 9.837E-01
  4308.957 9.835E-01
  4309.215 9.823E-01
  4309.472 9.812E-01
  4309.729 9.810E-01
  4309.987 9.818E-01
  4310.244 9.832E-01
  4310.502 9.844E-01
  4310.759 9.848E-01
  4311.016 9.847E-01
  4311.274 9.850E-01
  4311.531 9.857E-01
  4311.789 9.860E-01
  4312.046 9.846E-01
  4312.303 9.810E-01
  4312.561 9.773E-01
  4312.818 9.747E-01
  4313.076 9.734E-01
  4313.333 9.732E-01
  4313.590 9.735E-01
  4313.848 9.741E-01
  4314.105 9.747E-01
  4314.363 9.756E-01
  4314.620 9.768E-01
  4314.877 9.772E-01
  4315.135 9.764E-01
  4315.392 9.753E-01
  4315.650 9.734E-01
  4315.907 9.690E-01
  4316.164 9.629E-01
  4316.422 9.579E-01
  4316.679 9.545E-01
  4316.937 9.524E-01
  4317.194 9.517E-01
  4317.451 9.522E-01
  4317.709 9.544E-01
  4317.966 9.584E-01
  4318.224 9.628E-01
  4318.481 9.636E-01
  4318.738 9.599E-01
  4318.996 9.556E-01
  4319.253 9.524E-01
  4319.511 9.504E-01
  4319.768 9.501E-01
  4320.025 9.516E-01
  4320.283 9.548E-01
  4320.540 9.601E-01
  4320.798 9.668E-01
  4321.055 9.724E-01
  4321.312 9.742E-01
  4321.570 9.738E-01
  4321.827 9.730E-01
  4322.085 9.721E-01
  4322.342 9.712E-01
  4322.599 9.703E-01
  4322.857 9.694E-01
  4323.114 9.686E-01
  4323.372 9.677E-01
  4323.629 9.669E-01
  4323.886 9.660E-01
  4324.144 9.648E-01
  4324.401 9.627E-01
  4324.659 9.593E-01
  4324.916 9.557E-01
  4325.173 9.526E-01
  4325.431 9.502E-01
  4325.688 9.482E-01
  4325.946 9.465E-01
  4326.203 9.446E-01
  4326.460 9.426E-01
  4326.718 9.413E-01
  4326.975 9.406E-01
  4327.233 9.395E-01
  4327.490 9.372E-01
  4327.747 9.347E-01
  4328.005 9.327E-01
  4328.262 9.313E-01
  4328.520 9.305E-01
  4328.777 9.299E-01
  4329.034 9.285E-01
  4329.292 9.266E-01
  4329.549 9.246E-01
  4329.807 9.224E-01
  4330.064 9.196E-01
  4330.321 9.161E-01
  4330.579 9.121E-01
  4330.836 9.075E-01
  4331.094 9.026E-01
  4331.351 8.971E-01
  4331.608 8.904E-01
  4331.866 8.837E-01
  4332.123 8.778E-01
  4332.381 8.726E-01
  4332.638 8.678E-01
  4332.895 8.633E-01
  4333.153 8.590E-01
  4333.410 8.546E-01
  4333.668 8.504E-01
  4333.925 8.462E-01
  4334.182 8.409E-01
  4334.440 8.343E-01
  4334.697 8.269E-01
  4334.955 8.192E-01
  4335.212 8.111E-01
  4335.469 8.024E-01
  4335.727 7.927E-01
  4335.984 7.824E-01
  4336.242 7.718E-01
  4336.499 7.609E-01
  4336.756 7.496E-01
  4337.014 7.380E-01
  4337.271 7.259E-01
  4337.529 7.133E-01
  4337.786 7.003E-01
  4338.043 6.867E-01
  4338.301 6.722E-01
  4338.558 6.563E-01
  4338.816 6.385E-01
  4339.073 6.185E-01
  4339.330 5.965E-01
  4339.588 5.750E-01
  4339.845 5.572E-01
  4340.103 5.447E-01
  4340.360 5.386E-01
  4340.617 5.392E-01
  4340.875 5.466E-01
  4341.132 5.603E-01
  4341.390 5.792E-01
  4341.647 6.011E-01
  4341.904 6.230E-01
  4342.162 6.428E-01
  4342.419 6.603E-01
  4342.677 6.763E-01
  4342.934 6.912E-01
  4343.191 7.054E-01
  4343.449 7.189E-01
  4343.706 7.316E-01
  4343.964 7.435E-01
  4344.221 7.539E-01
  4344.478 7.623E-01
  4344.736 7.703E-01
  4344.993 7.786E-01
  4345.251 7.870E-01
  4345.508 7.957E-01
  4345.765 8.043E-01
  4346.023 8.121E-01
  4346.280 8.187E-01
  4346.538 8.255E-01
  4346.795 8.328E-01
  4347.052 8.397E-01
  4347.310 8.457E-01
  4347.567 8.517E-01
  4347.825 8.573E-01
  4348.082 8.611E-01
  4348.339 8.616E-01
  4348.597 8.624E-01
  4348.854 8.644E-01
  4349.112 8.670E-01
  4349.369 8.706E-01
  4349.626 8.752E-01
  4349.884 8.796E-01
  4350.141 8.828E-01
  4350.399 8.872E-01
  4350.656 8.937E-01
  4350.913 8.993E-01
  4351.171 9.025E-01
  4351.428 9.051E-01
  4351.686 9.085E-01
  4351.943 9.134E-01
  4352.200 9.194E-01
  4352.458 9.257E-01
  4352.715 9.310E-01
  4352.973 9.339E-01
  4353.230 9.359E-01
  4353.487 9.379E-01
  4353.745 9.403E-01
  4354.002 9.431E-01
  4354.260 9.459E-01
  4354.517 9.489E-01
  4354.774 9.523E-01
  4355.032 9.553E-01
  4355.289 9.575E-01
  4355.547 9.593E-01
  4355.804 9.610E-01
  4356.061 9.624E-01
  4356.319 9.635E-01
  4356.576 9.645E-01
  4356.834 9.655E-01
  4357.091 9.663E-01
  4357.348 9.670E-01
  4357.606 9.677E-01
  4357.863 9.684E-01
  4358.121 9.692E-01
  4358.378 9.700E-01
  4358.635 9.708E-01
  4358.893 9.717E-01
  4359.150 9.726E-01
  4359.408 9.735E-01
  4359.665 9.745E-01
  4359.922 9.752E-01
  4360.180 9.747E-01
  4360.437 9.725E-01
  4360.695 9.702E-01
  4360.952 9.688E-01
  4361.209 9.681E-01
  4361.467 9.682E-01
  4361.724 9.689E-01
  4361.982 9.704E-01
  4362.239 9.726E-01
  4362.496 9.757E-01
  4362.754 9.792E-01
  4363.011 9.817E-01
  4363.269 9.823E-01
  4363.526 9.814E-01
  4363.783 9.798E-01
  4364.041 9.784E-01
  4364.298 9.775E-01
  4364.556 9.769E-01
  4364.813 9.767E-01
  4365.070 9.769E-01
  4365.328 9.766E-01
  4365.585 9.742E-01
  4365.843 9.690E-01
  4366.100 9.643E-01
  4366.357 9.607E-01
  4366.615 9.584E-01
  4366.872 9.573E-01
  4367.130 9.570E-01
  4367.387 9.582E-01
  4367.644 9.616E-01
  4367.902 9.667E-01
  4368.159 9.716E-01
  4368.417 9.738E-01
  4368.674 9.734E-01
  4368.931 9.728E-01
  4369.189 9.733E-01
  4369.446 9.747E-01
  4369.704 9.763E-01
  4369.961 9.775E-01
  4370.218 9.782E-01
  4370.476 9.790E-01
  4370.733 9.786E-01
  4370.991 9.744E-01
  4371.248 9.663E-01
  4371.505 9.565E-01
  4371.763 9.476E-01
  4372.020 9.420E-01
  4372.278 9.400E-01
  4372.535 9.414E-01
  4372.792 9.451E-01
  4373.050 9.498E-01
  4373.307 9.561E-01
  4373.565 9.643E-01
  4373.822 9.719E-01
  4374.079 9.765E-01
  4374.337 9.787E-01
  4374.594 9.798E-01
  4374.852 9.810E-01
  4375.109 9.826E-01
  4375.366 9.842E-01
  4375.624 9.855E-01
  4375.881 9.855E-01
  4376.139 9.851E-01
  4376.396 9.847E-01
  4376.653 9.845E-01
  4376.911 9.843E-01
  4377.168 9.838E-01
  4377.426 9.831E-01
  4377.683 9.824E-01
  4377.940 9.820E-01
  4378.198 9.812E-01
  4378.455 9.802E-01
  4378.713 9.796E-01
  4378.970 9.798E-01
  4379.227 9.807E-01
  4379.485 9.824E-01
  4379.742 9.844E-01
  4380.000 9.861E-01
  4380.257 9.870E-01
  4380.514 9.871E-01
  4380.772 9.869E-01
  4381.029 9.861E-01
  4381.287 9.848E-01
  4381.544 9.830E-01
  4381.801 9.811E-01
  4382.059 9.792E-01
  4382.316 9.773E-01
  4382.574 9.755E-01
  4382.831 9.740E-01
  4383.088 9.727E-01
  4383.346 9.715E-01
  4383.603 9.705E-01
  4383.861 9.695E-01
  4384.118 9.682E-01
  4384.375 9.663E-01
  4384.633 9.635E-01
  4384.890 9.595E-01
  4385.148 9.538E-01
  4385.405 9.463E-01
  4385.662 9.366E-01
  4385.920 9.242E-01
  4386.177 9.074E-01
  4386.435 8.850E-01
  4386.692 8.564E-01
  4386.949 8.240E-01
  4387.207 7.932E-01
  4387.464 7.685E-01
  4387.722 7.523E-01
  4387.979 7.461E-01
  4388.236 7.504E-01
  4388.494 7.654E-01
  4388.751 7.898E-01
  4389.009 8.203E-01
  4389.266 8.523E-01
  4389.523 8.804E-01
  4389.781 9.027E-01
  4390.038 9.201E-01
  4390.296 9.338E-01
  4390.553 9.447E-01
  4390.810 9.531E-01
  4391.068 9.598E-01
  4391.325 9.654E-01
  4391.583 9.701E-01
  4391.840 9.742E-01
  4392.097 9.775E-01
  4392.355 9.801E-01
  4392.612 9.824E-01
  4392.870 9.844E-01
  4393.127 9.863E-01
  4393.384 9.879E-01
  4393.642 9.891E-01
  4393.899 9.899E-01
  4394.157 9.905E-01
  4394.414 9.900E-01
  4394.671 9.872E-01
  4394.929 9.832E-01
  4395.186 9.798E-01
  4395.444 9.776E-01
  4395.701 9.766E-01
  4395.958 9.766E-01
  4396.216 9.777E-01
  4396.473 9.797E-01
  4396.731 9.828E-01
  4396.988 9.870E-01
  4397.245 9.913E-01
  4397.503 9.935E-01
  4397.760 9.941E-01
  4398.018 9.943E-01
  4398.275 9.946E-01
  4398.532 9.949E-01
  4398.790 9.953E-01
  4399.047 9.957E-01
  4399.305 9.959E-01
  4399.562 9.959E-01
  4399.819 9.958E-01
  4400.077 9.957E-01
  4400.334 9.957E-01
  4400.592 9.957E-01
  4400.849 9.958E-01
  4401.106 9.959E-01
  4401.364 9.961E-01
  4401.621 9.963E-01
  4401.879 9.966E-01
  4402.136 9.968E-01
  4402.393 9.969E-01
  4402.651 9.969E-01
  4402.908 9.967E-01
  4403.166 9.966E-01
  4403.423 9.964E-01
  4403.680 9.964E-01
  4403.938 9.963E-01
  4404.195 9.963E-01
  4404.453 9.961E-01
  4404.710 9.958E-01
  4404.967 9.954E-01
  4405.225 9.951E-01
  4405.482 9.948E-01
  4405.740 9.945E-01
  4405.997 9.944E-01
  4406.254 9.945E-01
  4406.512 9.948E-01
  4406.769 9.954E-01
  4407.027 9.961E-01
  4407.284 9.968E-01
  4407.541 9.972E-01
  4407.799 9.968E-01
  4408.056 9.955E-01
  4408.314 9.938E-01
  4408.571 9.917E-01
  4408.828 9.889E-01
  4409.086 9.862E-01
  4409.343 9.844E-01
  4409.601 9.832E-01
  4409.858 9.818E-01
  4410.115 9.794E-01
  4410.373 9.765E-01
  4410.630 9.743E-01
  4410.888 9.734E-01
  4411.145 9.740E-01
  4411.402 9.756E-01
  4411.660 9.771E-01
  4411.917 9.789E-01
  4412.175 9.819E-01
  4412.432 9.861E-01
  4412.689 9.903E-01
  4412.947 9.932E-01
  4413.204 9.935E-01
  4413.462 9.902E-01
  4413.719 9.814E-01
  4413.976 9.713E-01
  4414.234 9.635E-01
  4414.491 9.588E-01
  4414.749 9.565E-01
  4415.006 9.564E-01
  4415.263 9.583E-01
  4415.521 9.607E-01
  4415.778 9.617E-01
  4416.036 9.634E-01
  4416.293 9.662E-01
  4416.550 9.658E-01
  4416.808 9.643E-01
  4417.065 9.641E-01
  4417.323 9.658E-01
  4417.580 9.696E-01
  4417.837 9.757E-01
  4418.095 9.836E-01
  4418.352 9.905E-01
  4418.610 9.924E-01
  4418.867 9.917E-01
  4419.124 9.908E-01
  4419.382 9.904E-01
  4419.639 9.904E-01
  4419.897 9.910E-01
  4420.154 9.921E-01
  4420.411 9.936E-01
  4420.669 9.955E-01
  4420.926 9.974E-01
  4421.184 9.984E-01
  4421.441 9.986E-01
  4421.698 9.986E-01
  4421.956 9.987E-01
  4422.213 9.987E-01
  4422.471 9.988E-01
  4422.728 9.988E-01
  4422.985 9.988E-01
  4423.243 9.988E-01
  4423.500 9.988E-01
  4423.758 9.988E-01
  4424.015 9.988E-01
  4424.272 9.988E-01
  4424.530 9.987E-01
  4424.787 9.983E-01
  4425.045 9.979E-01
  4425.302 9.975E-01
  4425.559 9.971E-01
  4425.817 9.966E-01
  4426.074 9.957E-01
  4426.332 9.948E-01
  4426.589 9.940E-01
  4426.846 9.932E-01
  4427.104 9.926E-01
  4427.361 9.921E-01
  4427.619 9.918E-01
  4427.876 9.918E-01
  4428.133 9.923E-01
  4428.391 9.933E-01
  4428.648 9.944E-01
  4428.906 9.952E-01
  4429.163 9.959E-01
  4429.420 9.965E-01
  4429.678 9.965E-01
  4429.935 9.957E-01
  4430.193 9.947E-01
  4430.450 9.937E-01
  4430.707 9.927E-01
  4430.965 9.920E-01
  4431.222 9.912E-01
  4431.480 9.897E-01
  4431.737 9.877E-01
  4431.994 9.863E-01
  4432.252 9.856E-01
  4432.509 9.852E-01
  4432.767 9.848E-01
  4433.024 9.851E-01
  4433.281 9.860E-01
  4433.539 9.874E-01
  4433.796 9.896E-01
  4434.054 9.921E-01
  4434.311 9.936E-01
  4434.568 9.944E-01
  4434.826 9.949E-01
  4435.083 9.949E-01
  4435.341 9.941E-01
  4435.598 9.924E-01
  4435.855 9.891E-01
  4436.113 9.828E-01
  4436.370 9.724E-01
  4436.628 9.605E-01
  4436.885 9.503E-01
  4437.142 9.432E-01
  4437.400 9.397E-01
  4437.657 9.397E-01
  4437.915 9.432E-01
  4438.172 9.498E-01
  4438.429 9.594E-01
  4438.687 9.708E-01
  4438.944 9.813E-01
  4439.202 9.879E-01
  4439.459 9.913E-01
  4439.716 9.930E-01
  4439.974 9.940E-01
  4440.231 9.948E-01
  4440.489 9.952E-01
  4440.746 9.949E-01
  4441.003 9.942E-01
  4441.261 9.933E-01
  4441.518 9.920E-01
  4441.776 9.899E-01
  4442.033 9.875E-01
  4442.290 9.858E-01
  4442.548 9.850E-01
  4442.805 9.852E-01
  4443.063 9.864E-01
  4443.320 9.883E-01
  4443.577 9.902E-01
  4443.835 9.921E-01
  4444.092 9.944E-01
  4444.350 9.967E-01
  4444.607 9.980E-01
  4444.864 9.983E-01
  4445.122 9.979E-01
  4445.379 9.963E-01
  4445.637 9.929E-01
  4445.894 9.872E-01
  4446.151 9.817E-01
  4446.409 9.775E-01
  4446.666 9.743E-01
  4446.924 9.707E-01
  4447.181 9.664E-01
  4447.438 9.635E-01
  4447.696 9.632E-01
  4447.953 9.658E-01
  4448.211 9.700E-01
  4448.468 9.745E-01
  4448.725 9.777E-01
  4448.983 9.811E-01
  4449.240 9.857E-01
  4449.498 9.912E-01
  4449.755 9.955E-01
  4450.012 9.975E-01
  4450.270 9.981E-01
  4450.527 9.981E-01
  4450.785 9.976E-01
  4451.042 9.956E-01
  4451.299 9.918E-01
  4451.557 9.881E-01
  4451.814 9.855E-01
  4452.072 9.839E-01
  4452.329 9.833E-01
  4452.586 9.835E-01
  4452.844 9.847E-01
  4453.101 9.868E-01
  4453.359 9.899E-01
  4453.616 9.937E-01
  4453.873 9.966E-01
  4454.131 9.976E-01
  4454.388 9.977E-01
  4454.646 9.976E-01
  4454.903 9.975E-01
  4455.160 9.974E-01
  4455.418 9.973E-01
  4455.675 9.971E-01
  4455.933 9.968E-01
  4456.190 9.965E-01
  4456.447 9.963E-01
  4456.705 9.962E-01
  4456.962 9.960E-01
  4457.220 9.960E-01
  4457.477 9.960E-01
  4457.734 9.960E-01
  4457.992 9.960E-01
  4458.249 9.960E-01
  4458.507 9.960E-01
  4458.764 9.957E-01
  4459.021 9.954E-01
  4459.279 9.951E-01
  4459.536 9.948E-01
  4459.794 9.946E-01
  4460.051 9.943E-01
  4460.308 9.941E-01
  4460.566 9.939E-01
  4460.823 9.937E-01
  4461.081 9.936E-01
  4461.338 9.934E-01
  4461.595 9.931E-01
  4461.853 9.927E-01
  4462.110 9.922E-01
  4462.368 9.915E-01
  4462.625 9.907E-01
  4462.882 9.899E-01
  4463.140 9.892E-01
  4463.397 9.884E-01
  4463.655 9.875E-01
  4463.912 9.861E-01
  4464.169 9.838E-01
  4464.427 9.806E-01
  4464.684 9.773E-01
  4464.942 9.737E-01
  4465.199 9.693E-01
  4465.456 9.647E-01
  4465.714 9.607E-01
  4465.971 9.573E-01
  4466.229 9.539E-01
  4466.486 9.504E-01
  4466.743 9.464E-01
  4467.001 9.416E-01
  4467.258 9.362E-01
  4467.516 9.305E-01
  4467.773 9.235E-01
  4468.030 9.145E-01
  4468.288 9.030E-01
  4468.545 8.895E-01
  4468.803 8.744E-01
  4469.060 8.589E-01
  4469.317 8.438E-01
  4469.575 8.290E-01
  4469.832 8.131E-01
  4470.090 7.932E-01
  4470.347 7.684E-01
  4470.604 7.429E-01
  4470.862 7.220E-01
  4471.119 7.080E-01
  4471.377 7.015E-01
  4471.634 7.026E-01
  4471.891 7.123E-01
  4472.149 7.317E-01
  4472.406 7.607E-01
  4472.664 7.965E-01
  4472.921 8.329E-01
  4473.178 8.634E-01
  4473.436 8.872E-01
  4473.693 9.058E-01
  4473.951 9.208E-01
  4474.208 9.328E-01
  4474.465 9.426E-01
  4474.723 9.506E-01
  4474.980 9.573E-01
  4475.238 9.631E-01
  4475.495 9.680E-01
  4475.752 9.721E-01
  4476.010 9.755E-01
  4476.267 9.783E-01
  4476.525 9.803E-01
  4476.782 9.820E-01
  4477.039 9.834E-01
  4477.297 9.846E-01
  4477.554 9.858E-01
  4477.812 9.868E-01
  4478.069 9.877E-01
  4478.326 9.881E-01
  4478.584 9.871E-01
  4478.841 9.841E-01
  4479.099 9.811E-01
  4479.356 9.787E-01
  4479.613 9.753E-01
  4479.871 9.678E-01
  4480.128 9.558E-01
  4480.386 9.451E-01
  4480.643 9.386E-01
  4480.900 9.367E-01
  4481.158 9.387E-01
  4481.415 9.430E-01
  4481.673 9.483E-01
  4481.930 9.561E-01
  4482.187 9.673E-01
  4482.445 9.807E-01
  4482.702 9.910E-01
  4482.960 9.952E-01
  4483.217 9.962E-01
  4483.474 9.964E-01
  4483.732 9.966E-01
  4483.989 9.968E-01
  4484.247 9.970E-01
  4484.504 9.972E-01
  4484.761 9.974E-01
  4485.019 9.976E-01
  4485.276 9.976E-01
  4485.534 9.976E-01
  4485.791 9.975E-01
  4486.048 9.975E-01
  4486.306 9.972E-01
  4486.563 9.963E-01
  4486.821 9.948E-01
  4487.078 9.929E-01
  4487.335 9.912E-01
  4487.593 9.900E-01
  4487.850 9.889E-01
  4488.108 9.876E-01
  4488.365 9.864E-01
  4488.622 9.861E-01
  4488.880 9.868E-01
  4489.137 9.883E-01
  4489.395 9.901E-01
  4489.652 9.918E-01
  4489.909 9.931E-01
  4490.167 9.944E-01
  4490.424 9.961E-01
  4490.682 9.978E-01
  4490.939 9.986E-01
  4491.196 9.988E-01
  4491.454 9.988E-01
  4491.711 9.988E-01
  4491.969 9.988E-01
  4492.226 9.989E-01
  4492.483 9.989E-01
  4492.741 9.988E-01
  4492.998 9.988E-01
  4493.256 9.988E-01
  4493.513 9.988E-01
  4493.770 9.988E-01
  4494.028 9.988E-01
  4494.285 9.988E-01
  4494.543 9.989E-01
  4494.800 9.989E-01
  4495.057 9.990E-01
  4495.315 9.990E-01
  4495.572 9.991E-01
  4495.830 9.991E-01
  4496.087 9.991E-01
  4496.344 9.991E-01
  4496.602 9.991E-01
  4496.859 9.990E-01
  4497.117 9.990E-01
  4497.374 9.990E-01
  4497.631 9.989E-01
  4497.889 9.986E-01
  4498.146 9.981E-01
  4498.404 9.976E-01
  4498.661 9.973E-01
  4498.918 9.972E-01
  4499.176 9.971E-01
  4499.433 9.968E-01
  4499.691 9.961E-01
  4499.948 9.953E-01
  4500.205 9.950E-01
  4500.463 9.950E-01
  4500.720 9.952E-01
  4500.978 9.953E-01
  4501.235 9.956E-01
  4501.492 9.961E-01
  4501.750 9.968E-01
  4502.007 9.979E-01
  4502.265 9.989E-01
  4502.522 9.994E-01
  4502.779 9.995E-01
  4503.037 9.995E-01
  4503.294 9.995E-01
  4503.552 9.995E-01
  4503.809 9.995E-01
  4504.066 9.995E-01
  4504.324 9.994E-01
  4504.581 9.994E-01
  4504.839 9.993E-01
  4505.096 9.993E-01
  4505.353 9.993E-01
  4505.611 9.993E-01
  4505.868 9.993E-01
  4506.126 9.991E-01
  4506.383 9.987E-01
  4506.640 9.981E-01
  4506.898 9.977E-01
  4507.155 9.974E-01
  4507.413 9.972E-01
  4507.670 9.970E-01
  4507.927 9.971E-01
  4508.185 9.973E-01
  4508.442 9.976E-01
  4508.700 9.982E-01
  4508.957 9.988E-01
  4509.214 9.991E-01
  4509.472 9.992E-01
  4509.729 9.993E-01
  4509.987 9.993E-01
  4510.244 9.991E-01
  4510.501 9.990E-01
  4510.759 9.987E-01
  4511.016 9.978E-01
  4511.274 9.952E-01
  4511.531 9.914E-01
  4511.788 9.881E-01
  4512.046 9.859E-01
  4512.303 9.848E-01
  4512.561 9.844E-01
  4512.818 9.843E-01
  4513.075 9.839E-01
  4513.333 9.839E-01
  4513.590 9.853E-01
  4513.848 9.877E-01
  4514.105 9.895E-01
  4514.362 9.901E-01
  4514.620 9.904E-01
  4514.877 9.912E-01
  4515.135 9.926E-01
  4515.392 9.947E-01
  4515.649 9.968E-01
  4515.907 9.979E-01
  4516.164 9.981E-01
  4516.422 9.979E-01
  4516.679 9.978E-01
  4516.936 9.977E-01
  4517.194 9.977E-01
  4517.451 9.977E-01
  4517.709 9.979E-01
  4517.966 9.981E-01
  4518.223 9.985E-01
  4518.481 9.988E-01
  4518.738 9.990E-01
  4518.996 9.992E-01
  4519.253 9.993E-01
  4519.510 9.993E-01
  4519.768 9.994E-01
  4520.025 9.994E-01
  4520.283 9.995E-01
  4520.540 9.995E-01
  4520.797 9.995E-01
  4521.055 9.995E-01
  4521.312 9.994E-01
  4521.570 9.993E-01
  4521.827 9.992E-01
  4522.084 9.991E-01
  4522.342 9.990E-01
  4522.599 9.990E-01
  4522.857 9.989E-01
  4523.114 9.988E-01
  4523.371 9.983E-01
  4523.629 9.972E-01
  4523.886 9.959E-01
  4524.144 9.949E-01
  4524.401 9.942E-01
  4524.658 9.939E-01
  4524.916 9.939E-01
  4525.173 9.942E-01
  4525.431 9.949E-01
  4525.688 9.960E-01
  4525.945 9.973E-01
  4526.203 9.986E-01
  4526.460 9.993E-01
  4526.718 9.994E-01
  4526.975 9.993E-01
  4527.232 9.991E-01
  4527.490 9.983E-01
  4527.747 9.954E-01
  4528.005 9.895E-01
  4528.262 9.834E-01
  4528.519 9.789E-01
  4528.777 9.758E-01
  4529.034 9.734E-01
  4529.292 9.711E-01
  4529.549 9.703E-01
  4529.806 9.716E-01
  4530.064 9.753E-01
  4530.321 9.810E-01
  4530.579 9.868E-01
  4530.836 9.899E-01
  4531.093 9.918E-01
  4531.351 9.938E-01
  4531.608 9.963E-01
  4531.866 9.985E-01
  4532.123 9.994E-01
  4532.380 9.996E-01
  4532.638 9.996E-01
  4532.895 9.995E-01
  4533.153 9.993E-01
  4533.410 9.991E-01
  4533.667 9.989E-01
  4533.925 9.987E-01
  4534.182 9.986E-01
  4534.440 9.986E-01
  4534.697 9.986E-01
  4534.954 9.987E-01
  4535.212 9.988E-01
  4535.469 9.990E-01
  4535.727 9.993E-01
  4535.984 9.994E-01
  4536.241 9.995E-01
  4536.499 9.995E-01
  4536.756 9.995E-01
  4537.014 9.995E-01
  4537.271 9.995E-01
  4537.528 9.995E-01
  4537.786 9.995E-01
  4538.043 9.994E-01
  4538.301 9.994E-01
  4538.558 9.993E-01
  4538.815 9.992E-01
  4539.073 9.992E-01
  4539.330 9.991E-01
  4539.588 9.991E-01
  4539.845 9.991E-01
  4540.102 9.991E-01
  4540.360 9.991E-01
  4540.617 9.992E-01
  4540.875 9.993E-01
  4541.132 9.993E-01
  4541.389 9.993E-01
  4541.647 9.994E-01
  4541.904 9.994E-01
  4542.162 9.994E-01
  4542.419 9.994E-01
  4542.676 9.994E-01
  4542.934 9.994E-01
  4543.191 9.994E-01
  4543.449 9.994E-01
  4543.706 9.993E-01
  4543.963 9.992E-01
  4544.221 9.992E-01
  4544.478 9.991E-01
  4544.736 9.991E-01
  4544.993 9.991E-01
  4545.250 9.991E-01
  4545.508 9.991E-01
  4545.765 9.992E-01
  4546.023 9.993E-01
  4546.280 9.995E-01
  4546.537 9.996E-01
  4546.795 9.996E-01
  4547.052 9.996E-01
  4547.310 9.996E-01
  4547.567 9.997E-01
  4547.824 9.997E-01
  4548.082 9.996E-01
  4548.339 9.996E-01
  4548.597 9.995E-01
  4548.854 9.995E-01
  4549.111 9.995E-01
  4549.369 9.994E-01
  4549.626 9.994E-01
  4549.884 9.994E-01
  4550.141 9.994E-01
  4550.398 9.994E-01
  4550.656 9.993E-01
  4550.913 9.981E-01
  4551.171 9.926E-01
  4551.428 9.801E-01
  4551.685 9.665E-01
  4551.943 9.560E-01
  4552.200 9.492E-01
  4552.458 9.457E-01
  4552.715 9.452E-01
  4552.972 9.479E-01
  4553.230 9.539E-01
  4553.487 9.636E-01
  4553.745 9.768E-01
  4554.002 9.901E-01
  4554.259 9.968E-01
  4554.517 9.986E-01
  4554.774 9.990E-01
  4555.032 9.992E-01
  4555.289 9.994E-01
  4555.546 9.996E-01
  4555.804 9.996E-01
  4556.061 9.994E-01
  4556.319 9.991E-01
  4556.576 9.988E-01
  4556.833 9.985E-01
  4557.091 9.983E-01
  4557.348 9.982E-01
  4557.606 9.981E-01
  4557.863 9.980E-01
  4558.120 9.981E-01
  4558.378 9.983E-01
  4558.635 9.986E-01
  4558.893 9.989E-01
  4559.150 9.991E-01
  4559.407 9.992E-01
  4559.665 9.993E-01
  4559.922 9.994E-01
  4560.180 9.995E-01
  4560.437 9.996E-01
  4560.694 9.997E-01
  4560.952 9.997E-01
  4561.209 9.997E-01
  4561.467 9.997E-01
  4561.724 9.996E-01
  4561.981 9.993E-01
  4562.239 9.990E-01
  4562.496 9.988E-01
  4562.754 9.987E-01
  4563.011 9.986E-01
  4563.268 9.986E-01
  4563.526 9.986E-01
  4563.783 9.986E-01
  4564.041 9.987E-01
  4564.298 9.989E-01
  4564.555 9.992E-01
  4564.813 9.993E-01
  4565.070 9.994E-01
  4565.328 9.994E-01
  4565.585 9.994E-01
  4565.842 9.994E-01
  4566.100 9.988E-01
  4566.357 9.953E-01
  4566.615 9.859E-01
  4566.872 9.750E-01
  4567.129 9.663E-01
  4567.387 9.605E-01
  4567.644 9.573E-01
  4567.902 9.565E-01
  4568.159 9.582E-01
  4568.416 9.622E-01
  4568.674 9.689E-01
  4568.931 9.786E-01
  4569.189 9.892E-01
  4569.446 9.952E-01
  4569.703 9.969E-01
  4569.961 9.973E-01
  4570.218 9.975E-01
  4570.476 9.979E-01
  4570.733 9.983E-01
  4570.990 9.988E-01
  4571.248 9.993E-01
  4571.505 9.996E-01
  4571.763 9.997E-01
  4572.020 9.997E-01
  4572.277 9.997E-01
  4572.535 9.997E-01
  4572.792 9.996E-01
  4573.050 9.990E-01
  4573.307 9.963E-01
  4573.564 9.895E-01
  4573.822 9.823E-01
  4574.079 9.767E-01
  4574.337 9.731E-01
  4574.594 9.713E-01
  4574.851 9.711E-01
  4575.109 9.725E-01
  4575.366 9.757E-01
  4575.624 9.807E-01
  4575.881 9.878E-01
  4576.138 9.951E-01
  4576.396 9.987E-01
  4576.653 9.996E-01
  4576.911 9.997E-01
  4577.168 9.997E-01
  4577.425 9.997E-01
  4577.683 9.997E-01
  4577.940 9.994E-01
  4578.198 9.989E-01
  4578.455 9.985E-01
  4578.712 9.981E-01
  4578.970 9.980E-01
  4579.227 9.979E-01
  4579.485 9.979E-01
  4579.742 9.981E-01
  4579.999 9.983E-01
  4580.257 9.987E-01
  4580.514 9.992E-01
  4580.772 9.996E-01
  4581.029 9.998E-01
  4581.286 9.998E-01
  4581.544 9.998E-01
  4581.801 9.997E-01
  4582.059 9.997E-01
  4582.316 9.997E-01
  4582.573 9.997E-01
  4582.831 9.997E-01
  4583.088 9.997E-01
  4583.346 9.997E-01
  4583.603 9.998E-01
  4583.860 9.998E-01
  4584.118 9.998E-01
  4584.375 9.998E-01
  4584.633 9.998E-01
  4584.890 9.998E-01
  4585.147 9.998E-01
  4585.405 9.998E-01
  4585.662 9.998E-01
  4585.920 9.998E-01
  4586.177 9.998E-01
  4586.434 9.998E-01
  4586.692 9.998E-01
  4586.949 9.997E-01
  4587.207 9.997E-01
  4587.464 9.996E-01
  4587.721 9.996E-01
  4587.979 9.996E-01
  4588.236 9.995E-01
  4588.494 9.994E-01
  4588.751 9.992E-01
  4589.008 9.990E-01
  4589.266 9.983E-01
  4589.523 9.956E-01
  4589.781 9.892E-01
  4590.038 9.823E-01
  4590.295 9.770E-01
  4590.553 9.737E-01
  4590.810 9.721E-01
  4591.068 9.720E-01
  4591.325 9.736E-01
  4591.582 9.767E-01
  4591.840 9.815E-01
  4592.097 9.881E-01
  4592.355 9.950E-01
  4592.612 9.987E-01
  4592.869 9.997E-01
  4593.127 9.998E-01
  4593.384 9.998E-01
  4593.642 9.998E-01
  4593.899 9.998E-01
  4594.156 9.998E-01
  4594.414 9.992E-01
  4594.671 9.967E-01
  4594.929 9.909E-01
  4595.186 9.841E-01
  4595.443 9.787E-01
  4595.701 9.751E-01
  4595.958 9.732E-01
  4596.216 9.728E-01
  4596.473 9.740E-01
  4596.730 9.767E-01
  4596.988 9.813E-01
  4597.245 9.876E-01
  4597.503 9.943E-01
  4597.760 9.983E-01
  4598.017 9.996E-01
  4598.275 9.998E-01
  4598.532 9.998E-01
  4598.790 9.998E-01
  4599.047 9.999E-01
  4599.304 9.999E-01
  4599.562 9.999E-01
  4599.819 9.999E-01
