  3980.000 9.480E-01
  3981.001 9.492E-01
  3982.002 9.521E-01
  3983.003 9.562E-01
  3984.004 9.614E-01
  3985.005 9.671E-01
  3986.006 9.722E-01
  3987.007 9.774E-01
  3988.008 9.820E-01
  3989.009 9.848E-01
  3990.010 9.861E-01
  3991.011 9.839E-01
  3992.012 9.818E-01
  3993.013 9.806E-01
  3994.014 9.801E-01
  3995.015 9.801E-01
  3996.016 9.808E-01
  3997.017 9.821E-01
  3998.018 9.841E-01
  3999.019 9.867E-01
  4000.020 9.895E-01
  4001.021 9.882E-01
  4002.022 9.862E-01
  4003.023 9.835E-01
  4004.024 9.782E-01
  4005.025 9.663E-01
  4006.026 9.520E-01
  4007.027 9.410E-01
  4008.028 9.342E-01
  4009.029 9.319E-01
  4010.030 9.341E-01
  4011.031 9.397E-01
  4012.032 9.492E-01
  4013.033 9.624E-01
  4014.034 9.766E-01
  4015.035 9.837E-01
  4016.036 9.863E-01
  4017.037 9.868E-01
  4018.038 9.853E-01
  4019.039 9.817E-01
  4020.040 9.728E-01
  4021.041 9.560E-01
  4022.042 9.258E-01
  4023.043 8.926E-01
  4024.044 8.670E-01
  4025.045 8.516E-01
  4026.046 8.471E-01
  4027.047 8.537E-01
  4028.048 8.702E-01
  4029.049 8.963E-01
  4030.050 9.282E-01
  4031.051 9.583E-01
  4032.052 9.741E-01
  4033.053 9.810E-01
  4034.054 9.843E-01
  4035.055 9.858E-01
  4036.056 9.869E-01
  4037.057 9.867E-01
  4038.058 9.863E-01
  4039.059 9.858E-01
  4040.060 9.854E-01
  4041.061 9.843E-01
  4042.062 9.840E-01
  4043.063 9.847E-01
  4044.064 9.860E-01
  4045.065 9.877E-01
  4046.066 9.908E-01
  4047.067 9.924E-01
  4048.068 9.943E-01
  4049.069 9.950E-01
  4050.070 9.945E-01
  4051.071 9.936E-01
  4052.072 9.931E-01
  4053.073 9.929E-01
  4054.074 9.924E-01
  4055.075 9.917E-01
  4056.076 9.906E-01
  4057.077 9.888E-01
  4058.078 9.877E-01
  4059.079 9.866E-01
  4060.080 9.858E-01
  4061.081 9.857E-01
  4062.082 9.861E-01
  4063.083 9.871E-01
  4064.084 9.885E-01
  4065.085 9.879E-01
  4066.086 9.817E-01
  4067.087 9.758E-01
  4068.088 9.677E-01
  4069.089 9.610E-01
  4070.090 9.546E-01
  4071.091 9.446E-01
  4072.092 9.315E-01
  4073.093 9.253E-01
  4074.094 9.248E-01
  4075.095 9.269E-01
  4076.096 9.297E-01
  4077.097 9.364E-01
  4078.098 9.425E-01
  4079.099 9.530E-01
  4080.100 9.633E-01
  4081.101 9.687E-01
  4082.102 9.683E-01
  4083.103 9.660E-01
  4084.104 9.630E-01
  4085.105 9.555E-01
  4086.106 9.496E-01
  4087.107 9.456E-01
  4088.108 9.419E-01
  4089.109 9.376E-01
  4090.110 9.331E-01
  4091.111 9.257E-01
  4092.112 9.166E-01
  4093.113 9.027E-01
  4094.114 8.865E-01
  4095.115 8.618E-01
  4096.116 8.309E-01
  4097.117 7.923E-01
  4098.118 7.487E-01
  4099.119 7.092E-01
  4100.120 6.809E-01
  4101.121 6.658E-01
  4102.122 6.660E-01
  4103.123 6.796E-01
  4104.124 7.074E-01
  4105.125 7.466E-01
  4106.126 7.915E-01
  4107.127 8.326E-01
  4108.128 8.642E-01
  4109.129 8.893E-01
  4110.130 9.087E-01
  4111.131 9.233E-01
  4112.132 9.337E-01
  4113.133 9.425E-01
  4114.134 9.499E-01
  4115.135 9.523E-01
  4116.136 9.500E-01
  4117.137 9.410E-01
  4118.138 9.346E-01
  4119.139 9.322E-01
  4120.140 9.330E-01
  4121.141 9.371E-01
  4122.142 9.428E-01
  4123.143 9.520E-01
  4124.144 9.650E-01
  4125.145 9.768E-01
  4126.146 9.865E-01
  4127.147 9.881E-01
  4128.148 9.873E-01
  4129.149 9.849E-01
  4130.150 9.835E-01
  4131.151 9.830E-01
  4132.152 9.832E-01
  4133.153 9.835E-01
  4134.154 9.840E-01
  4135.155 9.844E-01
  4136.156 9.851E-01
  4137.157 9.854E-01
  4138.158 9.834E-01
  4139.159 9.716E-01
  4140.160 9.529E-01
  4141.161 9.381E-01
  4142.162 9.286E-01
  4143.163 9.239E-01
  4144.164 9.239E-01
  4145.165 9.282E-01
  4146.166 9.366E-01
  4147.167 9.503E-01
  4148.168 9.683E-01
  4149.169 9.802E-01
  4150.170 9.829E-01
  4151.171 9.831E-01
  4152.172 9.825E-01
  4153.173 9.822E-01
  4154.174 9.831E-01
  4155.175 9.848E-01
  4156.176 9.864E-01
  4157.177 9.889E-01
  4158.178 9.926E-01
  4159.179 9.935E-01
  4160.180 9.937E-01
  4161.181 9.932E-01
  4162.182 9.925E-01
  4163.183 9.915E-01
  4164.184 9.897E-01
  4165.185 9.850E-01
  4166.186 9.820E-01
  4167.187 9.804E-01
  4168.188 9.800E-01
  4169.189 9.807E-01
  4170.190 9.816E-01
  4171.191 9.827E-01
  4172.192 9.840E-01
  4173.193 9.869E-01
  4174.194 9.909E-01
  4175.195 9.912E-01
  4176.196 9.916E-01
  4177.197 9.923E-01
  4178.198 9.933E-01
  4179.199 9.949E-01
  4180.200 9.957E-01
  4181.201 9.945E-01
  4182.202 9.924E-01
  4183.203 9.907E-01
  4184.204 9.895E-01
  4185.205 9.865E-01
  4186.206 9.827E-01
  4187.207 9.807E-01
  4188.208 9.800E-01
  4189.209 9.808E-01
  4190.210 9.835E-01
  4191.211 9.853E-01
  4192.212 9.867E-01
  4193.213 9.887E-01
  4194.214 9.921E-01
  4195.215 9.950E-01
  4196.216 9.951E-01
  4197.217 9.953E-01
  4198.218 9.956E-01
  4199.219 9.959E-01
  4200.220 9.961E-01
  4201.221 9.965E-01
  4202.222 9.968E-01
  4203.223 9.970E-01
  4204.224 9.974E-01
  4205.225 9.979E-01
  4206.226 9.979E-01
  4207.227 9.979E-01
  4208.228 9.976E-01
  4209.229 9.975E-01
  4210.230 9.974E-01
  4211.231 9.974E-01
  4212.232 9.975E-01
  4213.233 9.975E-01
  4214.234 9.977E-01
  4215.235 9.978E-01
  4216.236 9.978E-01
  4217.237 9.977E-01
  4218.238 9.964E-01
  4219.239 9.955E-01
  4220.240 9.950E-01
  4221.241 9.947E-01
  4222.242 9.946E-01
  4223.243 9.944E-01
  4224.244 9.945E-01
  4225.245 9.950E-01
  4226.246 9.957E-01
  4227.247 9.966E-01
  4228.248 9.966E-01
  4229.249 9.967E-01
  4230.250 9.969E-01
  4231.251 9.972E-01
  4232.252 9.968E-01
  4233.253 9.954E-01
  4234.254 9.941E-01
  4235.255 9.932E-01
  4236.256 9.927E-01
  4237.257 9.910E-01
  4238.258 9.892E-01
  4239.259 9.882E-01
  4240.260 9.880E-01
  4241.261 9.885E-01
  4242.262 9.895E-01
  4243.263 9.894E-01
  4244.264 9.897E-01
  4245.265 9.907E-01
  4246.266 9.924E-01
  4247.267 9.939E-01
  4248.268 9.940E-01
  4249.269 9.904E-01
  4250.270 9.865E-01
  4251.271 9.843E-01
  4252.272 9.828E-01
  4253.273 9.816E-01
  4254.274 9.813E-01
  4255.275 9.823E-01
  4256.276 9.843E-01
  4257.277 9.874E-01
  4258.278 9.920E-01
  4259.279 9.957E-01
  4260.280 9.962E-01
  4261.281 9.965E-01
  4262.282 9.946E-01
  4263.283 9.891E-01
  4264.284 9.852E-01
  4265.285 9.826E-01
  4266.286 9.814E-01
  4267.287 9.812E-01
  4268.288 9.821E-01
  4269.289 9.836E-01
  4270.290 9.859E-01
  4271.291 9.874E-01
  4272.292 9.884E-01
  4273.293 9.835E-01
  4274.294 9.793E-01
  4275.295 9.769E-01
  4276.296 9.759E-01
  4277.297 9.755E-01
  4278.298 9.760E-01
  4279.299 9.762E-01
  4280.300 9.770E-01
  4281.301 9.777E-01
  4282.302 9.784E-01
  4283.303 9.780E-01
  4284.304 9.767E-01
  4285.305 9.766E-01
  4286.306 9.781E-01
  4287.307 9.802E-01
  4288.308 9.840E-01
  4289.309 9.869E-01
  4290.310 9.889E-01
  4291.311 9.882E-01
  4292.312 9.875E-01
  4293.313 9.877E-01
  4294.314 9.885E-01
  4295.315 9.890E-01
  4296.316 9.900E-01
  4297.317 9.909E-01
  4298.318 9.916E-01
  4299.319 9.900E-01
  4300.320 9.883E-01
  4301.321 9.861E-01
  4302.322 9.845E-01
  4303.323 9.825E-01
  4304.324 9.812E-01
  4305.325 9.805E-01
  4306.326 9.804E-01
  4307.327 9.818E-01
  4308.328 9.844E-01
  4309.329 9.853E-01
  4310.330 9.847E-01
  4311.331 9.830E-01
  4312.332 9.808E-01
  4313.333 9.771E-01
  4314.334 9.747E-01
  4315.335 9.701E-01
  4316.336 9.668E-01
  4317.337 9.657E-01
  4318.338 9.661E-01
  4319.339 9.671E-01
  4320.340 9.689E-01
  4321.341 9.703E-01
  4322.342 9.727E-01
  4323.343 9.716E-01
  4324.344 9.703E-01
  4325.345 9.682E-01
  4326.346 9.638E-01
  4327.347 9.582E-01
  4328.348 9.504E-01
  4329.349 9.419E-01
  4330.350 9.324E-01
  4331.351 9.208E-01
  4332.352 9.052E-01
  4333.353 8.850E-01
  4334.354 8.586E-01
  4335.355 8.244E-01
  4336.356 7.828E-01
  4337.357 7.438E-01
  4338.358 7.122E-01
  4339.359 6.913E-01
  4340.360 6.835E-01
  4341.361 6.876E-01
  4342.362 7.053E-01
  4343.363 7.331E-01
  4344.364 7.698E-01
  4345.365 8.074E-01
  4346.366 8.400E-01
  4347.367 8.637E-01
  4348.368 8.827E-01
  4349.369 8.983E-01
  4350.370 9.125E-01
  4351.371 9.254E-01
  4352.372 9.374E-01
  4353.373 9.480E-01
  4354.374 9.586E-01
  4355.375 9.666E-01
  4356.376 9.738E-01
  4357.377 9.764E-01
  4358.378 9.788E-01
  4359.379 9.807E-01
  4360.380 9.809E-01
  4361.381 9.809E-01
  4362.382 9.786E-01
  4363.383 9.766E-01
  4364.384 9.749E-01
  4365.385 9.736E-01
  4366.386 9.735E-01
  4367.387 9.719E-01
  4368.388 9.677E-01
  4369.389 9.658E-01
  4370.390 9.658E-01
  4371.391 9.676E-01
  4372.392 9.704E-01
  4373.393 9.722E-01
  4374.394 9.742E-01
  4375.395 9.765E-01
  4376.396 9.803E-01
  4377.397 9.854E-01
  4378.398 9.877E-01
  4379.399 9.885E-01
  4380.400 9.879E-01
  4381.401 9.862E-01
  4382.402 9.800E-01
  4383.403 9.624E-01
  4384.404 9.419E-01
  4385.405 9.256E-01
  4386.406 9.145E-01
  4387.407 9.089E-01
  4388.408 9.087E-01
  4389.409 9.140E-01
  4390.410 9.247E-01
  4391.411 9.391E-01
  4392.412 9.586E-01
  4393.413 9.774E-01
  4394.414 9.850E-01
  4395.415 9.879E-01
  4396.416 9.895E-01
  4397.417 9.908E-01
  4398.418 9.919E-01
  4399.419 9.933E-01
  4400.420 9.951E-01
  4401.421 9.969E-01
  4402.422 9.970E-01
  4403.423 9.970E-01
  4404.424 9.966E-01
  4405.425 9.954E-01
  4406.426 9.937E-01
  4407.427 9.913E-01
  4408.428 9.896E-01
  4409.429 9.881E-01
  4410.430 9.834E-01
  4411.431 9.797E-01
  4412.432 9.746E-01
  4413.433 9.713E-01
  4414.434 9.703E-01
  4415.435 9.702E-01
  4416.436 9.718E-01
  4417.437 9.740E-01
  4418.438 9.775E-01
  4419.439 9.826E-01
  4420.440 9.889E-01
  4421.441 9.924E-01
  4422.442 9.962E-01
  4423.443 9.966E-01
  4424.444 9.967E-01
  4425.445 9.966E-01
  4426.446 9.958E-01
  4427.447 9.948E-01
  4428.448 9.932E-01
  4429.449 9.920E-01
  4430.450 9.914E-01
  4431.451 9.912E-01
  4432.452 9.898E-01
  4433.453 9.854E-01
  4434.454 9.824E-01
  4435.455 9.806E-01
  4436.456 9.803E-01
  4437.457 9.803E-01
  4438.458 9.803E-01
  4439.459 9.807E-01
  4440.460 9.823E-01
  4441.461 9.851E-01
  4442.462 9.875E-01
  4443.463 9.871E-01
  4444.464 9.845E-01
  4445.465 9.831E-01
  4446.466 9.826E-01
  4447.467 9.825E-01
  4448.468 9.823E-01
  4449.469 9.824E-01
  4450.470 9.837E-01
  4451.471 9.864E-01
  4452.472 9.901E-01
  4453.473 9.930E-01
  4454.474 9.940E-01
  4455.475 9.945E-01
  4456.476 9.955E-01
  4457.477 9.970E-01
  4458.478 9.972E-01
  4459.479 9.967E-01
  4460.480 9.953E-01
  4461.481 9.925E-01
  4462.482 9.886E-01
  4463.483 9.825E-01
  4464.484 9.741E-01
  4465.485 9.604E-01
  4466.486 9.395E-01
  4467.487 9.111E-01
  4468.488 8.882E-01
  4469.489 8.736E-01
  4470.490 8.677E-01
  4471.491 8.696E-01
  4472.492 8.779E-01
  4473.493 8.931E-01
  4474.494 9.139E-01
  4475.495 9.376E-01
  4476.496 9.591E-01
  4477.497 9.729E-01
  4478.498 9.771E-01
  4479.499 9.784E-01
  4480.500 9.792E-01
  4481.501 9.803E-01
  4482.502 9.819E-01
  4483.503 9.837E-01
  4484.504 9.860E-01
  4485.505 9.896E-01
  4486.506 9.939E-01
  4487.507 9.944E-01
  4488.508 9.944E-01
  4489.509 9.946E-01
  4490.510 9.951E-01
  4491.511 9.958E-01
  4492.512 9.969E-01
  4493.513 9.982E-01
  4494.514 9.989E-01
  4495.515 9.988E-01
  4496.516 9.982E-01
  4497.517 9.978E-01
  4498.518 9.975E-01
  4499.519 9.974E-01
  4500.520 9.974E-01
  4501.521 9.975E-01
  4502.522 9.977E-01
  4503.523 9.979E-01
  4504.524 9.983E-01
  4505.525 9.986E-01
  4506.526 9.987E-01
  4507.527 9.980E-01
  4508.528 9.967E-01
  4509.529 9.952E-01
  4510.530 9.938E-01
  4511.531 9.929E-01
  4512.532 9.924E-01
  4513.533 9.923E-01
  4514.534 9.925E-01
  4515.535 9.932E-01
  4516.536 9.944E-01
  4517.537 9.960E-01
  4518.538 9.975E-01
  4519.539 9.985E-01
  4520.540 9.984E-01
  4521.541 9.982E-01
  4522.542 9.980E-01
  4523.543 9.977E-01
  4524.544 9.956E-01
  4525.545 9.933E-01
  4526.546 9.915E-01
  4527.547 9.905E-01
  4528.548 9.901E-01
  4529.549 9.903E-01
  4530.550 9.909E-01
  4531.551 9.916E-01
  4532.552 9.929E-01
  4533.553 9.949E-01
  4534.554 9.976E-01
  4535.555 9.987E-01
  4536.556 9.989E-01
  4537.557 9.988E-01
  4538.558 9.987E-01
  4539.559 9.988E-01
  4540.560 9.987E-01
  4541.561 9.987E-01
  4542.562 9.987E-01
  4543.563 9.988E-01
  4544.564 9.990E-01
  4545.565 9.991E-01
  4546.566 9.990E-01
  4547.567 9.961E-01
  4548.568 9.912E-01
  4549.569 9.876E-01
  4550.570 9.853E-01
  4551.571 9.839E-01
  4552.572 9.834E-01
  4553.573 9.837E-01
  4554.574 9.849E-01
  4555.575 9.871E-01
  4556.576 9.905E-01
  4557.577 9.953E-01
  4558.578 9.987E-01
  4559.579 9.990E-01
  4560.580 9.990E-01
  4561.581 9.989E-01
  4562.582 9.978E-01
  4563.583 9.933E-01
  4564.584 9.901E-01
  4565.585 9.879E-01
  4566.586 9.865E-01
  4567.587 9.859E-01
  4568.588 9.861E-01
  4569.589 9.857E-01
  4570.590 9.845E-01
  4571.591 9.851E-01
  4572.592 9.874E-01
  4573.593 9.905E-01
  4574.594 9.906E-01
  4575.595 9.908E-01
  4576.596 9.914E-01
  4577.597 9.925E-01
  4578.598 9.942E-01
  4579.599 9.967E-01
  4580.600 9.990E-01
  4581.601 9.993E-01
  4582.602 9.994E-01
  4583.603 9.995E-01
  4584.604 9.997E-01
  4585.605 9.992E-01
  4586.606 9.959E-01
  4587.607 9.937E-01
  4588.608 9.922E-01
  4589.609 9.913E-01
  4590.610 9.906E-01
  4591.611 9.876E-01
  4592.612 9.859E-01
  4593.613 9.854E-01
  4594.614 9.861E-01
  4595.615 9.880E-01
  4596.616 9.908E-01
  4597.617 9.916E-01
  4598.618 9.925E-01
  4599.619 9.939E-01
