  3980.000 9.996E-01
  3980.429 9.995E-01
  3980.858 9.996E-01
  3981.287 9.996E-01
  3981.716 9.997E-01
  3982.145 9.997E-01
  3982.574 9.997E-01
  3983.003 9.997E-01
  3983.432 9.998E-01
  3983.861 9.998E-01
  3984.290 9.998E-01
  3984.719 9.997E-01
  3985.148 9.997E-01
  3985.577 9.998E-01
  3986.006 9.998E-01
  3986.435 9.998E-01
  3986.864 9.998E-01
  3987.293 9.998E-01
  3987.722 9.997E-01
  3988.151 9.997E-01
  3988.580 9.996E-01
  3989.009 9.996E-01
  3989.438 9.996E-01
  3989.867 9.996E-01
  3990.296 9.996E-01
  3990.725 9.997E-01
  3991.154 9.997E-01
  3991.583 9.998E-01
  3992.012 9.998E-01
  3992.441 9.999E-01
  3992.870 9.999E-01
  3993.299 1.000E+00
  3993.728 1.000E+00
  3994.157 1.000E+00
  3994.586 1.000E+00
  3995.015 1.000E+00
  3995.444 1.000E+00
  3995.873 1.000E+00
  3996.302 1.000E+00
  3996.731 9.999E-01
  3997.160 9.996E-01
  3997.589 9.993E-01
  3998.018 9.992E-01
  3998.447 9.991E-01
  3998.876 9.991E-01
  3999.305 9.991E-01
  3999.734 9.992E-01
  4000.163 9.994E-01
  4000.592 9.997E-01
  4001.021 9.999E-01
  4001.450 9.999E-01
  4001.879 9.997E-01
  4002.308 9.995E-01
  4002.737 9.992E-01
  4003.166 9.984E-01
  4003.595 9.968E-01
  4004.024 9.957E-01
  4004.453 9.951E-01
  4004.882 9.949E-01
  4005.311 9.951E-01
  4005.740 9.956E-01
  4006.169 9.964E-01
  4006.598 9.976E-01
  4007.027 9.993E-01
  4007.456 1.001E+00
  4007.885 1.003E+00
  4008.314 1.004E+00
  4008.743 1.004E+00
  4009.172 1.004E+00
  4009.601 1.004E+00
  4010.030 1.004E+00
  4010.459 1.003E+00
  4010.888 1.002E+00
  4011.317 1.001E+00
  4011.746 1.000E+00
  4012.175 1.000E+00
  4012.604 9.999E-01
  4013.033 9.999E-01
  4013.462 1.000E+00
  4013.891 1.000E+00
  4014.320 1.000E+00
  4014.749 1.000E+00
  4015.178 1.000E+00
  4015.607 1.000E+00
  4016.036 1.000E+00
  4016.465 1.000E+00
  4016.894 1.000E+00
  4017.323 1.000E+00
  4017.752 9.999E-01
  4018.181 9.999E-01
  4018.610 9.999E-01
  4019.039 9.998E-01
  4019.468 9.998E-01
  4019.897 9.998E-01
  4020.326 9.997E-01
  4020.755 9.996E-01
  4021.184 9.995E-01
  4021.613 9.994E-01
  4022.042 9.992E-01
  4022.471 9.988E-01
  4022.900 9.975E-01
  4023.329 9.936E-01
  4023.758 9.837E-01
  4024.187 9.640E-01
  4024.616 9.338E-01
  4025.045 9.095E-01
  4025.474 8.951E-01
  4025.903 8.894E-01
  4026.332 8.922E-01
  4026.761 9.034E-01
  4027.190 9.227E-01
  4027.619 9.485E-01
  4028.048 9.758E-01
  4028.477 9.941E-01
  4028.906 9.986E-01
  4029.335 9.991E-01
  4029.764 9.993E-01
  4030.193 9.994E-01
  4030.622 9.994E-01
  4031.051 9.994E-01
  4031.480 9.990E-01
  4031.909 9.977E-01
  4032.338 9.967E-01
  4032.767 9.961E-01
  4033.196 9.959E-01
  4033.625 9.959E-01
  4034.054 9.962E-01
  4034.483 9.968E-01
  4034.912 9.976E-01
  4035.341 9.987E-01
  4035.770 9.997E-01
  4036.199 9.999E-01
  4036.628 9.999E-01
  4037.057 9.999E-01
  4037.486 9.998E-01
  4037.915 9.998E-01
  4038.344 9.998E-01
  4038.773 9.998E-01
  4039.202 9.998E-01
  4039.631 9.998E-01
  4040.060 9.998E-01
  4040.489 9.998E-01
  4040.918 9.997E-01
  4041.347 9.997E-01
  4041.776 9.997E-01
  4042.205 9.997E-01
  4042.634 9.996E-01
  4043.063 9.989E-01
  4043.492 9.980E-01
  4043.921 9.974E-01
  4044.350 9.970E-01
  4044.779 9.968E-01
  4045.208 9.969E-01
  4045.637 9.972E-01
  4046.066 9.977E-01
  4046.495 9.984E-01
  4046.924 9.994E-01
  4047.353 9.997E-01
  4047.782 9.997E-01
  4048.211 9.997E-01
  4048.640 9.997E-01
  4049.069 9.997E-01
  4049.498 9.998E-01
  4049.927 9.999E-01
  4050.356 1.000E+00
  4050.785 1.000E+00
  4051.214 1.000E+00
  4051.643 1.000E+00
  4052.072 1.000E+00
  4052.501 1.000E+00
  4052.930 1.000E+00
  4053.359 1.001E+00
  4053.788 1.000E+00
  4054.217 9.993E-01
  4054.646 9.979E-01
  4055.075 9.969E-01
  4055.504 9.962E-01
  4055.933 9.959E-01
  4056.362 9.959E-01
  4056.791 9.962E-01
  4057.220 9.970E-01
  4057.649 9.983E-01
  4058.078 9.998E-01
  4058.507 1.001E+00
  4058.936 1.001E+00
  4059.365 1.002E+00
  4059.794 1.002E+00
  4060.223 1.002E+00
  4060.652 1.002E+00
  4061.081 1.002E+00
  4061.510 1.001E+00
  4061.939 1.001E+00
  4062.368 9.998E-01
  4062.797 9.991E-01
  4063.226 9.987E-01
  4063.655 9.988E-01
  4064.084 9.991E-01
  4064.513 9.995E-01
  4064.942 9.998E-01
  4065.371 9.998E-01
  4065.800 9.979E-01
  4066.229 9.901E-01
  4066.658 9.813E-01
  4067.087 9.692E-01
  4067.516 9.577E-01
  4067.945 9.489E-01
  4068.374 9.389E-01
  4068.803 9.299E-01
  4069.232 9.275E-01
  4069.661 9.325E-01
  4070.090 9.427E-01
  4070.519 9.522E-01
  4070.948 9.639E-01
  4071.377 9.723E-01
  4071.806 9.808E-01
  4072.235 9.907E-01
  4072.664 9.955E-01
  4073.093 9.963E-01
  4073.522 9.964E-01
  4073.951 9.961E-01
  4074.380 9.954E-01
  4074.809 9.951E-01
  4075.238 9.949E-01
  4075.667 9.952E-01
  4076.096 9.958E-01
  4076.525 9.963E-01
  4076.954 9.968E-01
  4077.383 9.977E-01
  4077.812 9.989E-01
  4078.241 9.997E-01
  4078.670 9.996E-01
  4079.099 9.989E-01
  4079.528 9.976E-01
  4079.957 9.967E-01
  4080.386 9.961E-01
  4080.815 9.958E-01
  4081.244 9.959E-01
  4081.673 9.961E-01
  4082.102 9.965E-01
  4082.531 9.971E-01
  4082.960 9.981E-01
  4083.389 9.986E-01
  4083.818 9.986E-01
  4084.247 9.986E-01
  4084.676 9.986E-01
  4085.105 9.986E-01
  4085.534 9.981E-01
  4085.963 9.979E-01
  4086.392 9.972E-01
  4086.821 9.923E-01
  4087.250 9.788E-01
  4087.679 9.666E-01
  4088.108 9.590E-01
  4088.537 9.552E-01
  4088.966 9.547E-01
  4089.395 9.572E-01
  4089.824 9.625E-01
  4090.253 9.713E-01
  4090.682 9.838E-01
  4091.111 9.956E-01
  4091.540 9.993E-01
  4091.969 9.996E-01
  4092.398 9.994E-01
  4092.827 9.986E-01
  4093.256 9.975E-01
  4093.685 9.963E-01
  4094.114 9.948E-01
  4094.543 9.936E-01
  4094.972 9.912E-01
  4095.401 9.825E-01
  4095.830 9.681E-01
  4096.259 9.571E-01
  4096.688 9.504E-01
  4097.117 9.460E-01
  4097.546 9.430E-01
  4097.975 9.385E-01
  4098.404 9.323E-01
  4098.833 9.270E-01
  4099.262 9.173E-01
  4099.691 8.899E-01
  4100.120 8.449E-01
  4100.549 7.993E-01
  4100.978 7.664E-01
  4101.407 7.476E-01
  4101.836 7.423E-01
  4102.265 7.538E-01
  4102.694 7.805E-01
  4103.123 8.225E-01
  4103.552 8.726E-01
  4103.981 9.175E-01
  4104.410 9.492E-01
  4104.839 9.690E-01
  4105.268 9.836E-01
  4105.697 9.931E-01
  4106.126 9.959E-01
  4106.555 9.966E-01
  4106.984 9.968E-01
  4107.413 9.970E-01
  4107.842 9.972E-01
  4108.271 9.976E-01
  4108.700 9.978E-01
  4109.129 9.978E-01
  4109.558 9.977E-01
  4109.987 9.977E-01
  4110.416 9.979E-01
  4110.845 9.982E-01
  4111.274 9.985E-01
  4111.703 9.987E-01
  4112.132 9.990E-01
  4112.561 9.993E-01
  4112.990 9.996E-01
  4113.419 9.996E-01
  4113.848 9.977E-01
  4114.277 9.895E-01
  4114.706 9.805E-01
  4115.135 9.741E-01
  4115.564 9.703E-01
  4115.993 9.687E-01
  4116.422 9.693E-01
  4116.851 9.721E-01
  4117.280 9.774E-01
  4117.709 9.860E-01
  4118.138 9.965E-01
  4118.567 9.995E-01
  4118.996 9.943E-01
  4119.425 9.874E-01
  4119.854 9.821E-01
  4120.283 9.789E-01
  4120.712 9.772E-01
  4121.141 9.771E-01
  4121.570 9.787E-01
  4121.999 9.824E-01
  4122.428 9.884E-01
  4122.857 9.959E-01
  4123.286 9.996E-01
  4123.715 1.000E+00
  4124.144 1.000E+00
  4124.573 1.000E+00
  4125.002 1.000E+00
  4125.431 1.000E+00
  4125.860 1.000E+00
  4126.289 1.001E+00
  4126.718 1.001E+00
  4127.147 1.001E+00
  4127.576 1.001E+00
  4128.005 1.001E+00
  4128.434 1.001E+00
  4128.863 1.001E+00
  4129.292 1.001E+00
  4129.721 1.000E+00
  4130.150 1.000E+00
  4130.579 1.000E+00
  4131.008 9.999E-01
  4131.437 9.998E-01
  4131.866 9.997E-01
  4132.295 9.996E-01
  4132.724 9.996E-01
  4133.153 9.995E-01
  4133.582 9.995E-01
  4134.011 9.995E-01
  4134.440 9.996E-01
  4134.869 9.996E-01
  4135.298 9.996E-01
  4135.727 9.997E-01
  4136.156 9.997E-01
  4136.585 9.998E-01
  4137.014 9.999E-01
  4137.443 1.000E+00
  4137.872 1.001E+00
  4138.301 1.001E+00
  4138.730 1.001E+00
  4139.159 1.001E+00
  4139.588 1.001E+00
  4140.017 1.001E+00
  4140.446 1.000E+00
  4140.875 1.000E+00
  4141.304 1.000E+00
  4141.733 1.001E+00
  4142.162 1.003E+00
  4142.591 1.005E+00
  4143.020 1.006E+00
  4143.449 1.007E+00
  4143.878 1.007E+00
  4144.307 1.006E+00
  4144.736 1.006E+00
  4145.165 1.005E+00
  4145.594 1.003E+00
  4146.023 1.001E+00
  4146.452 1.001E+00
  4146.881 1.001E+00
  4147.310 1.001E+00
  4147.739 1.000E+00
  4148.168 1.000E+00
  4148.597 9.998E-01
  4149.026 9.994E-01
  4149.455 9.992E-01
  4149.884 9.991E-01
  4150.313 9.988E-01
  4150.742 9.973E-01
  4151.171 9.959E-01
  4151.600 9.950E-01
  4152.029 9.945E-01
  4152.458 9.944E-01
  4152.887 9.946E-01
  4153.316 9.951E-01
  4153.745 9.960E-01
  4154.174 9.971E-01
  4154.603 9.971E-01
  4155.032 9.952E-01
  4155.461 9.935E-01
  4155.890 9.923E-01
  4156.319 9.917E-01
  4156.748 9.916E-01
  4157.177 9.922E-01
  4157.606 9.934E-01
  4158.035 9.953E-01
  4158.464 9.978E-01
  4158.893 9.996E-01
  4159.322 1.000E+00
  4159.751 1.000E+00
  4160.180 1.000E+00
  4160.609 9.995E-01
  4161.038 9.968E-01
  4161.467 9.936E-01
  4161.896 9.913E-01
  4162.325 9.899E-01
  4162.754 9.893E-01
  4163.183 9.895E-01
  4163.612 9.904E-01
  4164.041 9.921E-01
  4164.470 9.948E-01
  4164.899 9.982E-01
  4165.328 1.000E+00
  4165.757 1.000E+00
  4166.186 1.000E+00
  4166.615 1.000E+00
  4167.044 1.000E+00
  4167.473 1.000E+00
  4167.902 1.000E+00
  4168.331 1.000E+00
  4168.760 9.999E-01
  4169.189 9.999E-01
  4169.618 9.998E-01
  4170.047 9.995E-01
  4170.476 9.990E-01
  4170.905 9.987E-01
  4171.334 9.986E-01
  4171.763 9.987E-01
  4172.192 9.988E-01
  4172.621 9.989E-01
  4173.050 9.991E-01
  4173.479 9.994E-01
  4173.908 9.998E-01
  4174.337 1.000E+00
  4174.766 1.000E+00
  4175.195 1.000E+00
  4175.624 1.000E+00
  4176.053 1.000E+00
  4176.482 1.000E+00
  4176.911 1.000E+00
  4177.340 1.000E+00
  4177.769 1.000E+00
  4178.198 1.000E+00
  4178.627 1.000E+00
  4179.056 1.000E+00
  4179.485 1.000E+00
  4179.914 1.000E+00
  4180.343 1.000E+00
  4180.772 1.000E+00
  4181.201 1.000E+00
  4181.630 1.000E+00
  4182.059 9.998E-01
  4182.488 9.992E-01
  4182.917 9.987E-01
  4183.346 9.985E-01
  4183.775 9.988E-01
  4184.204 9.990E-01
  4184.633 9.984E-01
  4185.062 9.957E-01
  4185.491 9.930E-01
  4185.920 9.912E-01
  4186.349 9.903E-01
  4186.778 9.897E-01
  4187.207 9.895E-01
  4187.636 9.904E-01
  4188.065 9.932E-01
  4188.494 9.970E-01
  4188.923 1.001E+00
  4189.352 1.003E+00
  4189.781 1.004E+00
  4190.210 1.003E+00
  4190.639 1.003E+00
  4191.068 1.003E+00
  4191.497 1.002E+00
  4191.926 1.000E+00
  4192.355 1.000E+00
  4192.784 1.000E+00
  4193.213 9.999E-01
  4193.642 9.999E-01
  4194.071 9.999E-01
  4194.500 9.999E-01
  4194.929 9.998E-01
  4195.358 9.998E-01
  4195.787 9.996E-01
  4196.216 9.993E-01
  4196.645 9.986E-01
  4197.074 9.969E-01
  4197.503 9.916E-01
  4197.932 9.807E-01
  4198.361 9.681E-01
  4198.790 9.581E-01
  4199.219 9.517E-01
  4199.648 9.489E-01
  4200.077 9.495E-01
  4200.506 9.537E-01
  4200.935 9.615E-01
  4201.364 9.727E-01
  4201.793 9.853E-01
  4202.222 9.939E-01
  4202.651 9.975E-01
  4203.080 9.987E-01
  4203.509 9.992E-01
  4203.938 9.995E-01
  4204.367 9.996E-01
  4204.796 9.997E-01
  4205.225 9.998E-01
  4205.654 9.998E-01
  4206.083 9.998E-01
  4206.512 9.998E-01
  4206.941 9.998E-01
  4207.370 9.999E-01
  4207.799 9.999E-01
  4208.228 9.999E-01
  4208.657 1.000E+00
  4209.086 1.000E+00
  4209.515 1.000E+00
  4209.944 9.999E-01
  4210.373 9.994E-01
  4210.802 9.983E-01
  4211.231 9.975E-01
  4211.660 9.969E-01
  4212.089 9.966E-01
  4212.518 9.965E-01
  4212.947 9.967E-01
  4213.376 9.971E-01
  4213.805 9.978E-01
  4214.234 9.988E-01
  4214.663 9.997E-01
  4215.092 9.999E-01
  4215.521 9.998E-01
  4215.950 9.998E-01
  4216.379 9.997E-01
  4216.808 9.996E-01
  4217.237 9.995E-01
  4217.666 9.989E-01
  4218.095 9.980E-01
  4218.524 9.973E-01
  4218.953 9.970E-01
  4219.382 9.968E-01
  4219.811 9.968E-01
  4220.240 9.969E-01
  4220.669 9.974E-01
  4221.098 9.980E-01
  4221.527 9.990E-01
  4221.956 9.997E-01
  4222.385 9.999E-01
  4222.814 1.000E+00
  4223.243 1.000E+00
  4223.672 1.000E+00
  4224.101 1.000E+00
  4224.530 9.999E-01
  4224.959 9.999E-01
  4225.388 9.999E-01
  4225.817 9.999E-01
  4226.246 1.000E+00
  4226.675 1.000E+00
  4227.104 1.000E+00
  4227.533 1.000E+00
  4227.962 1.000E+00
  4228.391 1.000E+00
  4228.820 1.000E+00
  4229.249 1.000E+00
  4229.678 9.998E-01
  4230.107 9.996E-01
  4230.536 9.995E-01
  4230.965 9.994E-01
  4231.394 9.993E-01
  4231.823 9.992E-01
  4232.252 9.992E-01
  4232.681 9.992E-01
  4233.110 9.992E-01
  4233.539 9.993E-01
  4233.968 9.993E-01
  4234.397 9.993E-01
  4234.826 9.993E-01
  4235.255 9.994E-01
  4235.684 9.996E-01
  4236.113 9.998E-01
  4236.542 9.999E-01
  4236.971 1.000E+00
  4237.400 1.000E+00
  4237.829 1.000E+00
  4238.258 9.999E-01
  4238.687 9.997E-01
  4239.116 9.995E-01
  4239.545 9.994E-01
  4239.974 9.995E-01
  4240.403 9.996E-01
  4240.832 9.997E-01
  4241.261 9.999E-01
  4241.690 1.000E+00
  4242.119 1.000E+00
  4242.548 1.000E+00
  4242.977 1.000E+00
  4243.406 1.000E+00
  4243.835 1.000E+00
  4244.264 1.000E+00
  4244.693 1.000E+00
  4245.122 1.000E+00
  4245.551 1.001E+00
  4245.980 1.001E+00
  4246.409 1.002E+00
  4246.838 1.002E+00
  4247.267 1.002E+00
  4247.696 1.002E+00
  4248.125 1.002E+00
  4248.554 1.002E+00
  4248.983 1.001E+00
  4249.412 1.000E+00
  4249.841 1.000E+00
  4250.270 1.000E+00
  4250.699 1.000E+00
  4251.128 9.999E-01
  4251.557 9.998E-01
  4251.986 1.000E+00
  4252.415 1.001E+00
  4252.844 1.002E+00
  4253.273 1.002E+00
  4253.702 1.002E+00
  4254.131 1.002E+00
  4254.560 1.002E+00
  4254.989 1.002E+00
  4255.418 1.001E+00
  4255.847 1.001E+00
  4256.276 9.998E-01
  4256.705 9.995E-01
  4257.134 9.995E-01
  4257.563 9.996E-01
  4257.992 9.996E-01
  4258.421 9.996E-01
  4258.850 9.997E-01
  4259.279 9.997E-01
  4259.708 9.997E-01
  4260.137 9.999E-01
  4260.566 9.999E-01
  4260.995 9.999E-01
  4261.424 9.999E-01
  4261.853 9.999E-01
  4262.282 9.999E-01
  4262.711 1.000E+00
  4263.140 1.000E+00
  4263.569 1.000E+00
  4263.998 1.000E+00
  4264.427 1.000E+00
  4264.856 1.000E+00
  4265.285 9.998E-01
  4265.714 9.997E-01
  4266.143 9.996E-01
  4266.572 9.995E-01
  4267.001 9.995E-01
  4267.430 9.995E-01
  4267.859 9.995E-01
  4268.288 9.996E-01
  4268.717 9.997E-01
  4269.146 9.999E-01
  4269.575 1.000E+00
  4270.004 1.000E+00
  4270.433 1.000E+00
  4270.862 1.000E+00
  4271.291 1.000E+00
  4271.720 1.000E+00
  4272.149 1.000E+00
  4272.578 1.000E+00
  4273.007 1.000E+00
  4273.436 9.998E-01
  4273.865 9.994E-01
  4274.294 9.991E-01
  4274.723 9.988E-01
  4275.152 9.985E-01
  4275.581 9.987E-01
  4276.010 9.990E-01
  4276.439 9.992E-01
  4276.868 9.993E-01
  4277.297 9.995E-01
  4277.726 9.997E-01
  4278.155 9.997E-01
  4278.584 9.996E-01
  4279.013 9.996E-01
  4279.442 9.993E-01
  4279.871 9.992E-01
  4280.300 9.994E-01
  4280.729 9.998E-01
  4281.158 9.999E-01
  4281.587 9.998E-01
  4282.016 9.996E-01
  4282.445 9.994E-01
  4282.874 9.992E-01
  4283.303 9.987E-01
  4283.732 9.984E-01
  4284.161 9.983E-01
  4284.590 9.983E-01
  4285.019 9.985E-01
  4285.448 9.988E-01
  4285.877 9.989E-01
  4286.306 9.991E-01
  4286.735 9.995E-01
  4287.164 9.999E-01
  4287.593 1.000E+00
  4288.022 1.000E+00
  4288.451 1.000E+00
  4288.880 1.001E+00
  4289.309 1.002E+00
  4289.738 1.002E+00
  4290.167 1.002E+00
  4290.596 1.002E+00
  4291.025 1.002E+00
  4291.454 1.002E+00
  4291.883 1.001E+00
  4292.312 1.001E+00
  4292.741 1.000E+00
  4293.170 1.000E+00
  4293.599 1.000E+00
  4294.028 1.000E+00
  4294.457 1.000E+00
  4294.886 1.000E+00
  4295.315 1.000E+00
  4295.744 1.000E+00
  4296.173 1.000E+00
  4296.602 1.000E+00
  4297.031 9.999E-01
  4297.460 9.998E-01
  4297.889 9.997E-01
  4298.318 9.997E-01
  4298.747 9.996E-01
  4299.176 9.997E-01
  4299.605 9.997E-01
  4300.034 9.999E-01
  4300.463 1.000E+00
  4300.892 1.000E+00
  4301.321 1.000E+00
  4301.750 1.000E+00
  4302.179 1.000E+00
  4302.608 1.000E+00
  4303.037 1.000E+00
  4303.466 1.001E+00
  4303.895 1.001E+00
  4304.324 1.000E+00
  4304.753 1.000E+00
  4305.182 1.000E+00
  4305.611 1.000E+00
  4306.040 1.000E+00
  4306.469 1.000E+00
  4306.898 1.000E+00
  4307.327 1.001E+00
  4307.756 1.001E+00
  4308.185 1.001E+00
  4308.614 1.001E+00
  4309.043 1.001E+00
  4309.472 1.001E+00
  4309.901 1.001E+00
  4310.330 1.001E+00
  4310.759 1.001E+00
  4311.188 1.000E+00
  4311.617 1.000E+00
  4312.046 1.000E+00
  4312.475 1.000E+00
  4312.904 1.001E+00
  4313.333 1.001E+00
  4313.762 1.001E+00
  4314.191 1.000E+00
  4314.620 1.000E+00
  4315.049 9.996E-01
  4315.478 9.985E-01
  4315.907 9.976E-01
  4316.336 9.971E-01
  4316.765 9.968E-01
  4317.194 9.966E-01
  4317.623 9.961E-01
  4318.052 9.954E-01
  4318.481 9.953E-01
  4318.910 9.956E-01
  4319.339 9.964E-01
  4319.768 9.966E-01
  4320.197 9.967E-01
  4320.626 9.972E-01
  4321.055 9.979E-01
  4321.484 9.988E-01
  4321.913 9.998E-01
  4322.342 1.000E+00
  4322.771 1.000E+00
  4323.200 1.000E+00
  4323.629 1.001E+00
  4324.058 1.001E+00
  4324.487 1.001E+00
  4324.916 1.002E+00
  4325.345 1.002E+00
  4325.774 1.002E+00
  4326.203 1.002E+00
  4326.632 1.002E+00
  4327.061 1.001E+00
  4327.490 1.001E+00
  4327.919 1.000E+00
  4328.348 1.000E+00
  4328.777 1.000E+00
  4329.206 9.999E-01
  4329.635 9.997E-01
  4330.064 9.996E-01
  4330.493 9.995E-01
  4330.922 9.991E-01
  4331.351 9.988E-01
  4331.780 9.985E-01
  4332.209 9.983E-01
  4332.638 9.980E-01
  4333.067 9.977E-01
  4333.496 9.974E-01
  4333.925 9.971E-01
  4334.354 9.967E-01
  4334.783 9.961E-01
  4335.212 9.948E-01
  4335.641 9.927E-01
  4336.070 9.884E-01
  4336.499 9.790E-01
  4336.928 9.645E-01
  4337.357 9.474E-01
  4337.786 9.238E-01
  4338.215 8.885E-01
  4338.644 8.440E-01
  4339.073 7.979E-01
  4339.502 7.614E-01
  4339.931 7.419E-01
  4340.360 7.408E-01
  4340.789 7.556E-01
  4341.218 7.813E-01
  4341.647 8.182E-01
  4342.076 8.652E-01
  4342.505 9.132E-01
  4342.934 9.517E-01
  4343.363 9.753E-01
  4343.792 9.851E-01
  4344.221 9.883E-01
  4344.650 9.897E-01
  4345.079 9.901E-01
  4345.508 9.892E-01
  4345.937 9.883E-01
  4346.366 9.882E-01
  4346.795 9.888E-01
  4347.224 9.892E-01
  4347.653 9.882E-01
  4348.082 9.874E-01
  4348.511 9.871E-01
  4348.940 9.872E-01
  4349.369 9.864E-01
  4349.798 9.856E-01
  4350.227 9.849E-01
  4350.656 9.850E-01
  4351.085 9.864E-01
  4351.514 9.888E-01
  4351.943 9.906E-01
  4352.372 9.920E-01
  4352.801 9.939E-01
  4353.230 9.965E-01
  4353.659 9.987E-01
  4354.088 9.992E-01
  4354.517 9.995E-01
  4354.946 1.000E+00
  4355.375 1.001E+00
  4355.804 1.002E+00
  4356.233 1.002E+00
  4356.662 1.002E+00
  4357.091 1.002E+00
  4357.520 1.002E+00
  4357.949 1.002E+00
  4358.378 1.001E+00
  4358.807 1.000E+00
  4359.236 9.999E-01
  4359.665 9.998E-01
  4360.094 9.997E-01
  4360.523 9.997E-01
  4360.952 9.997E-01
  4361.381 9.997E-01
  4361.810 9.997E-01
  4362.239 9.998E-01
  4362.668 9.998E-01
  4363.097 9.998E-01
  4363.526 9.998E-01
  4363.955 9.998E-01
  4364.384 9.997E-01
  4364.813 9.991E-01
  4365.242 9.982E-01
  4365.671 9.974E-01
  4366.100 9.970E-01
  4366.529 9.967E-01
  4366.958 9.967E-01
  4367.387 9.968E-01
  4367.816 9.971E-01
  4368.245 9.974E-01
  4368.674 9.981E-01
  4369.103 9.991E-01
  4369.532 9.994E-01
  4369.961 9.994E-01
  4370.390 9.997E-01
  4370.819 1.000E+00
  4371.248 1.001E+00
  4371.677 1.001E+00
  4372.106 1.001E+00
  4372.535 1.001E+00
  4372.964 1.001E+00
  4373.393 1.001E+00
  4373.822 1.001E+00
  4374.251 1.001E+00
  4374.680 1.001E+00
  4375.109 1.001E+00
  4375.538 1.001E+00
  4375.967 1.001E+00
  4376.396 1.001E+00
  4376.825 1.001E+00
  4377.254 1.001E+00
  4377.683 9.995E-01
  4378.112 9.983E-01
  4378.541 9.976E-01
  4378.970 9.972E-01
  4379.399 9.970E-01
  4379.828 9.970E-01
  4380.257 9.971E-01
  4380.686 9.973E-01
  4381.115 9.978E-01
  4381.544 9.986E-01
  4381.973 9.990E-01
  4382.402 9.989E-01
  4382.831 9.988E-01
  4383.260 9.987E-01
  4383.689 9.989E-01
  4384.118 9.992E-01
  4384.547 9.996E-01
  4384.976 1.000E+00
  4385.405 1.001E+00
  4385.834 1.003E+00
  4386.263 1.006E+00
  4386.692 1.008E+00
  4387.121 1.010E+00
  4387.550 1.010E+00
  4387.979 1.010E+00
  4388.408 1.010E+00
  4388.837 1.009E+00
  4389.266 1.007E+00
  4389.695 1.004E+00
  4390.124 1.000E+00
  4390.553 9.985E-01
  4390.982 9.980E-01
  4391.411 9.977E-01
  4391.840 9.977E-01
  4392.269 9.976E-01
  4392.698 9.974E-01
  4393.127 9.973E-01
  4393.556 9.975E-01
  4393.985 9.980E-01
  4394.414 9.983E-01
  4394.843 9.983E-01
  4395.272 9.983E-01
  4395.701 9.985E-01
  4396.130 9.987E-01
  4396.559 9.991E-01
  4396.988 9.993E-01
  4397.417 9.994E-01
  4397.846 9.995E-01
  4398.275 9.996E-01
  4398.704 9.999E-01
  4399.133 1.000E+00
  4399.562 1.000E+00
  4399.991 1.000E+00
  4400.420 1.000E+00
  4400.849 1.000E+00
  4401.278 1.000E+00
  4401.707 1.000E+00
  4402.136 9.998E-01
  4402.565 9.994E-01
  4402.994 9.992E-01
  4403.423 9.992E-01
  4403.852 9.995E-01
  4404.281 9.998E-01
  4404.710 1.000E+00
  4405.139 1.000E+00
  4405.568 1.001E+00
  4405.997 1.001E+00
  4406.426 1.001E+00
  4406.855 1.001E+00
  4407.284 1.000E+00
  4407.713 9.994E-01
  4408.142 9.988E-01
  4408.571 9.986E-01
  4409.000 9.984E-01
  4409.429 9.984E-01
  4409.858 9.985E-01
  4410.287 9.987E-01
  4410.716 9.988E-01
  4411.145 9.991E-01
  4411.574 9.993E-01
  4412.003 9.992E-01
  4412.432 9.992E-01
  4412.861 9.999E-01
  4413.290 1.001E+00
  4413.719 1.002E+00
  4414.148 1.002E+00
  4414.577 1.003E+00
  4415.006 1.004E+00
  4415.435 1.005E+00
  4415.864 1.005E+00
  4416.293 1.004E+00
  4416.722 1.004E+00
  4417.151 1.003E+00
  4417.580 1.002E+00
  4418.009 1.002E+00
  4418.438 1.002E+00
  4418.867 1.001E+00
  4419.296 1.000E+00
  4419.725 1.000E+00
  4420.154 1.000E+00
  4420.583 1.000E+00
  4421.012 9.999E-01
  4421.441 9.999E-01
  4421.870 9.999E-01
  4422.299 9.999E-01
  4422.728 9.999E-01
  4423.157 9.999E-01
  4423.586 1.000E+00
  4424.015 1.000E+00
  4424.444 1.000E+00
  4424.873 1.000E+00
  4425.302 1.000E+00
  4425.731 1.000E+00
  4426.160 1.000E+00
  4426.589 9.998E-01
  4427.018 9.996E-01
  4427.447 9.995E-01
  4427.876 9.993E-01
  4428.305 9.992E-01
  4428.734 9.993E-01
  4429.163 9.992E-01
  4429.592 9.993E-01
  4430.021 9.995E-01
  4430.450 9.999E-01
  4430.879 1.000E+00
  4431.308 1.000E+00
  4431.737 1.001E+00
  4432.166 1.001E+00
  4432.595 1.001E+00
  4433.024 1.000E+00
  4433.453 1.000E+00
  4433.882 1.000E+00
  4434.311 1.000E+00
  4434.740 9.992E-01
  4435.169 9.988E-01
  4435.598 9.988E-01
  4436.027 9.991E-01
  4436.456 9.993E-01
  4436.885 9.996E-01
  4437.314 9.997E-01
  4437.743 9.999E-01
  4438.172 1.000E+00
  4438.601 1.000E+00
  4439.030 1.000E+00
  4439.459 9.997E-01
  4439.888 9.988E-01
  4440.317 9.985E-01
  4440.746 9.983E-01
  4441.175 9.984E-01
  4441.604 9.987E-01
  4442.033 9.989E-01
  4442.462 9.992E-01
  4442.891 9.995E-01
  4443.320 9.998E-01
  4443.749 1.000E+00
  4444.178 1.000E+00
  4444.607 1.000E+00
  4445.036 1.000E+00
  4445.465 1.000E+00
  4445.894 1.000E+00
  4446.323 1.001E+00
  4446.752 1.001E+00
  4447.181 1.002E+00
  4447.610 1.002E+00
  4448.039 1.002E+00
  4448.468 1.002E+00
  4448.897 1.002E+00
  4449.326 1.001E+00
  4449.755 1.000E+00
  4450.184 9.991E-01
  4450.613 9.983E-01
  4451.042 9.975E-01
  4451.471 9.971E-01
  4451.900 9.969E-01
  4452.329 9.969E-01
  4452.758 9.971E-01
  4453.187 9.975E-01
  4453.616 9.982E-01
  4454.045 9.987E-01
  4454.474 9.991E-01
  4454.903 9.996E-01
  4455.332 1.000E+00
  4455.761 1.000E+00
  4456.190 1.000E+00
  4456.619 1.000E+00
  4457.048 1.000E+00
  4457.477 1.000E+00
  4457.906 1.000E+00
  4458.335 1.000E+00
  4458.764 1.000E+00
  4459.193 1.000E+00
  4459.622 1.000E+00
  4460.051 9.999E-01
  4460.480 9.999E-01
  4460.909 9.998E-01
  4461.338 9.998E-01
  4461.767 9.998E-01
  4462.196 9.998E-01
  4462.625 9.997E-01
  4463.054 9.996E-01
  4463.483 9.990E-01
  4463.912 9.985E-01
  4464.341 9.983E-01
  4464.770 9.982E-01
  4465.199 9.982E-01
  4465.628 9.982E-01
  4466.057 9.978E-01
  4466.486 9.971E-01
  4466.915 9.964E-01
  4467.344 9.959E-01
  4467.773 9.956E-01
  4468.202 9.950E-01
  4468.631 9.941E-01
  4469.060 9.882E-01
  4469.489 9.665E-01
  4469.918 9.379E-01
  4470.347 9.164E-01
  4470.776 9.027E-01
  4471.205 8.954E-01
  4471.634 8.941E-01
  4472.063 8.988E-01
  4472.492 9.098E-01
  4472.921 9.279E-01
  4473.350 9.540E-01
  4473.779 9.828E-01
  4474.208 9.971E-01
  4474.637 9.997E-01
  4475.066 9.998E-01
  4475.495 9.999E-01
  4475.924 9.999E-01
  4476.353 9.999E-01
  4476.782 1.000E+00
  4477.211 1.000E+00
  4477.640 1.000E+00
  4478.069 1.000E+00
  4478.498 1.000E+00
  4478.927 9.993E-01
  4479.356 9.970E-01
  4479.785 9.948E-01
  4480.214 9.934E-01
  4480.643 9.925E-01
  4481.072 9.920E-01
  4481.501 9.921E-01
  4481.930 9.925E-01
  4482.359 9.935E-01
  4482.788 9.952E-01
  4483.217 9.975E-01
  4483.646 9.995E-01
  4484.075 1.000E+00
  4484.504 1.000E+00
  4484.933 1.000E+00
  4485.362 1.000E+00
  4485.791 1.000E+00
  4486.220 1.001E+00
  4486.649 1.001E+00
  4487.078 1.001E+00
  4487.507 1.001E+00
  4487.936 1.002E+00
  4488.365 1.002E+00
  4488.794 1.001E+00
  4489.223 1.001E+00
  4489.652 1.001E+00
  4490.081 1.001E+00
  4490.510 1.000E+00
  4490.939 1.000E+00
  4491.368 1.000E+00
  4491.797 1.000E+00
  4492.226 1.000E+00
  4492.655 1.000E+00
  4493.084 1.000E+00
  4493.513 1.000E+00
  4493.942 1.000E+00
  4494.371 1.000E+00
  4494.800 1.000E+00
  4495.229 1.000E+00
  4495.658 9.999E-01
  4496.087 9.999E-01
  4496.516 9.999E-01
  4496.945 9.998E-01
  4497.374 9.997E-01
  4497.803 9.996E-01
  4498.232 9.996E-01
  4498.661 9.996E-01
  4499.090 9.997E-01
  4499.519 9.997E-01
  4499.948 9.998E-01
  4500.377 9.997E-01
  4500.806 9.997E-01
  4501.235 9.997E-01
  4501.664 9.997E-01
  4502.093 9.996E-01
  4502.522 9.996E-01
  4502.951 9.995E-01
  4503.380 9.995E-01
  4503.809 9.993E-01
  4504.238 9.989E-01
  4504.667 9.986E-01
  4505.096 9.985E-01
  4505.525 9.984E-01
  4505.954 9.983E-01
  4506.383 9.984E-01
  4506.812 9.986E-01
  4507.241 9.988E-01
  4507.670 9.992E-01
  4508.099 9.997E-01
  4508.528 9.997E-01
  4508.957 9.986E-01
  4509.386 9.976E-01
  4509.815 9.971E-01
  4510.244 9.968E-01
  4510.673 9.965E-01
  4511.102 9.964E-01
  4511.531 9.966E-01
  4511.960 9.970E-01
  4512.389 9.975E-01
  4512.818 9.973E-01
  4513.247 9.970E-01
  4513.676 9.962E-01
  4514.105 9.957E-01
  4514.534 9.957E-01
  4514.963 9.962E-01
  4515.392 9.968E-01
  4515.821 9.973E-01
  4516.250 9.978E-01
  4516.679 9.987E-01
  4517.108 1.000E+00
  4517.537 1.000E+00
  4517.966 9.998E-01
  4518.395 9.994E-01
  4518.824 9.992E-01
  4519.253 9.990E-01
  4519.682 9.991E-01
  4520.111 9.995E-01
  4520.540 9.998E-01
  4520.969 9.996E-01
  4521.398 9.992E-01
  4521.827 9.985E-01
  4522.256 9.981E-01
  4522.685 9.978E-01
  4523.114 9.977E-01
  4523.543 9.977E-01
  4523.972 9.979E-01
  4524.401 9.982E-01
  4524.830 9.986E-01
  4525.259 9.991E-01
  4525.688 9.995E-01
  4526.117 9.997E-01
  4526.546 9.996E-01
  4526.975 9.994E-01
  4527.404 9.990E-01
  4527.833 9.988E-01
  4528.262 9.986E-01
  4528.691 9.986E-01
  4529.120 9.985E-01
  4529.549 9.985E-01
  4529.978 9.987E-01
  4530.407 9.989E-01
  4530.836 9.991E-01
  4531.265 9.995E-01
  4531.694 9.997E-01
  4532.123 9.997E-01
  4532.552 9.992E-01
  4532.981 9.987E-01
  4533.410 9.982E-01
  4533.839 9.977E-01
  4534.268 9.975E-01
  4534.697 9.973E-01
  4535.126 9.973E-01
  4535.555 9.974E-01
  4535.984 9.977E-01
  4536.413 9.981E-01
  4536.842 9.987E-01
  4537.271 9.988E-01
  4537.700 9.982E-01
  4538.129 9.972E-01
  4538.558 9.954E-01
  4538.987 9.907E-01
  4539.416 9.799E-01
  4539.845 9.656E-01
  4540.274 9.532E-01
  4540.703 9.447E-01
  4541.132 9.398E-01
  4541.561 9.387E-01
  4541.990 9.411E-01
  4542.419 9.466E-01
  4542.848 9.550E-01
  4543.277 9.669E-01
  4543.706 9.805E-01
  4544.135 9.898E-01
  4544.564 9.933E-01
  4544.993 9.943E-01
  4545.422 9.948E-01
  4545.851 9.953E-01
  4546.280 9.960E-01
  4546.709 9.969E-01
  4547.138 9.980E-01
  4547.567 9.986E-01
  4547.996 9.989E-01
  4548.425 9.993E-01
  4548.854 9.996E-01
  4549.283 9.998E-01
  4549.712 9.998E-01
  4550.141 9.998E-01
  4550.570 9.997E-01
  4550.999 9.995E-01
  4551.428 9.993E-01
  4551.857 9.992E-01
  4552.286 9.991E-01
  4552.715 9.991E-01
  4553.144 9.991E-01
  4553.573 9.992E-01
  4554.002 9.994E-01
  4554.431 9.996E-01
  4554.860 9.999E-01
  4555.289 1.000E+00
  4555.718 1.000E+00
  4556.147 1.000E+00
  4556.576 1.000E+00
  4557.005 9.999E-01
  4557.434 9.998E-01
  4557.863 9.997E-01
  4558.292 9.997E-01
  4558.721 9.997E-01
  4559.150 9.998E-01
  4559.579 9.998E-01
  4560.008 9.999E-01
  4560.437 9.999E-01
  4560.866 9.999E-01
  4561.295 9.999E-01
  4561.724 9.998E-01
  4562.153 9.998E-01
  4562.582 9.998E-01
  4563.011 9.998E-01
  4563.440 9.999E-01
  4563.869 9.999E-01
  4564.298 9.999E-01
  4564.727 9.999E-01
  4565.156 9.999E-01
  4565.585 9.999E-01
  4566.014 9.998E-01
  4566.443 9.996E-01
  4566.872 9.996E-01
  4567.301 9.998E-01
  4567.730 1.000E+00
  4568.159 1.000E+00
  4568.588 1.000E+00
  4569.017 1.001E+00
  4569.446 1.001E+00
  4569.875 1.001E+00
  4570.304 1.001E+00
  4570.733 1.001E+00
  4571.162 1.000E+00
  4571.591 1.000E+00
  4572.020 1.000E+00
  4572.449 9.999E-01
  4572.878 9.999E-01
  4573.307 9.998E-01
  4573.736 9.997E-01
  4574.165 9.997E-01
  4574.594 9.997E-01
  4575.023 9.997E-01
  4575.452 9.997E-01
  4575.881 9.998E-01
  4576.310 9.998E-01
  4576.739 9.999E-01
  4577.168 1.000E+00
  4577.597 1.000E+00
  4578.026 1.000E+00
  4578.455 1.000E+00
  4578.884 1.000E+00
  4579.313 1.000E+00
  4579.742 1.000E+00
  4580.171 9.999E-01
  4580.600 9.999E-01
  4581.029 9.999E-01
  4581.458 9.999E-01
  4581.887 9.999E-01
  4582.316 9.999E-01
  4582.745 9.999E-01
  4583.174 9.999E-01
  4583.603 9.999E-01
  4584.032 9.999E-01
  4584.461 9.999E-01
  4584.890 1.000E+00
  4585.319 1.000E+00
  4585.748 1.000E+00
  4586.177 1.000E+00
  4586.606 1.000E+00
  4587.035 1.000E+00
  4587.464 1.000E+00
  4587.893 1.000E+00
  4588.322 1.000E+00
  4588.751 9.982E-01
  4589.180 9.947E-01
  4589.609 9.919E-01
  4590.038 9.900E-01
  4590.467 9.889E-01
  4590.896 9.884E-01
  4591.325 9.886E-01
  4591.754 9.895E-01
  4592.183 9.910E-01
  4592.612 9.933E-01
  4593.041 9.964E-01
  4593.470 9.991E-01
  4593.899 9.986E-01
  4594.328 9.958E-01
  4594.757 9.935E-01
  4595.186 9.920E-01
  4595.615 9.906E-01
  4596.044 9.896E-01
  4596.473 9.893E-01
  4596.902 9.895E-01
  4597.331 9.905E-01
  4597.760 9.922E-01
  4598.189 9.947E-01
  4598.618 9.973E-01
  4599.047 9.982E-01
  4599.476 9.987E-01
  4599.905 9.992E-01
